scientific_paper_data/currents_velocity_components/u_component_jan_2018_1d.asc
ncols        360
nrows        156
xllcorner    -180.000000000000
yllcorner    -71.000000000000
cellsize     1.000000000000
NODATA_value  -9999
[rows 76 to 94 of 156, columns 126 to 167 of 360]
-0.18709392845630645752 -0.069142676889896392822 0.082277290523052215576 0.24383881688117980957 0.13926608860492706299 -0.053319539874792098999 -0.11677850782871246338 -0.14278729259967803955 -0.17143175005912780762 -0.1703077852725982666 -0.1882063746452331543 -0.18024751543998718262 -0.17924103140830993652 -0.20641914010047912598 -0.23827096819877624512 -0.18905621767044067383 -0.0074817733839154243469 0.14975905418395996094 0.15709941089153289795 0.039560839533805847168 -0.10512439906597137451 -0.13366182148456573486 -0.067025624215602874756 -0.01928189396858215332 0.014334068633615970612 0.0085394755005836486816 -0.045432496815919876099 -0.093787774443626403809 -0.13798409700393676758 -0.1415360867977142334 -0.11453396081924438477 -0.045955937355756759644 -0.042236696928739547729 -0.041558921337127685547 -0.016901653259992599487 -0.014772959984838962555 0.018581649288535118103 0.10145563632249832153 0.10820682346820831299 0.067968450486660003662 0.014701277017593383789 -9999
-0.41211688518524169922 -0.36673271656036376953 -0.23930589854717254639 -0.029533997178077697754 0.22998487949371337891 0.28390362858772277832 0.18411773443222045898 0.18020783364772796631 0.26098608970642089844 0.34393709897994995117 0.32724744081497192383 0.30081573128700256348 0.25330305099487304688 0.19426047801971435547 0.16438150405883789062 0.26646211743354797363 0.40628290176391601562 0.37181043624877929688 0.28889599442481994629 0.17923392355442047119 0.061720628291368484497 -0.03669131547212600708 -0.0087146842852234840393 0.0099589060992002487183 -0.021878702566027641296 -0.022524567320942878723 -0.044918335974216461182 -0.074642054736614227295 -0.10569815337657928467 -0.1346196979284286499 -0.098444193601608276367 0.0049941362813115119934 0.014680621214210987091 -0.041711684316396713257 -0.042700871825218200684 -0.0358411446213722229 -0.014700775034725666046 0.026586072519421577454 0.069684147834777832031 0.050809767097234725952 0.022860774770379066467 0
-0.75168061256408691406 -0.70882070064544677734 -0.5982112884521484375 -0.32267799973487854004 0.03795026242733001709 0.35858622193336486816 0.54907828569412231445 0.57672476768493652344 0.58824461698532104492 0.64320898056030273438 0.70399779081344604492 0.68868327140808105469 0.58994078636169433594 0.48518893122673034668 0.45050635933876037598 0.41983360052108764648 0.28372311592102050781 0.17493256926536560059 0.13427309691905975342 0.11217169463634490967 0.12395910173654556274 0.12257681787014007568 0.09297008812427520752 0.045825965702533721924 -0.013763237744569778442 -0.041970554739236831665 -0.027493113651871681213 -0.0061372541822493076324 -0.016491789370775222778 -0.02031970582902431488 -0.030794499441981315613 0.0076141138561069965363 0.026545761153101921082 -0.0075909690931439399719 -0.0612143687903881073 -0.070547163486480712891 -0.042379952967166900635 0.011812723241746425629 0.065751552581787109375 0.10612951964139938354 0.11683772504329681396 0.10207475721836090088
-9999 -0.71170943975448608398 -0.88692814111709594727 -0.75850188732147216797 -0.38529539108276367188 -0.092444606125354766846 0.11850508302450180054 0.23013366758823394775 0.27144044637680053711 0.27451807260513305664 0.23627111315727233887 0.2106752246618270874 0.21134103834629058838 0.20488443970680236816 0.17568914592266082764 0.06632388383150100708 -0.056817717850208282471 -0.13344307243824005127 -0.11656293272972106934 -0.026188263669610023499 0.11525209993124008179 0.20428232848644256592 0.18105900287628173828 0.084044024348258972168 -0.00084822409553453326225 -0.010248336009681224823 0.019131224602460861206 0.06376066058874130249 0.13026355206966400146 0.13736575841903686523 0.036187507212162017822 -0.025081038475036621094 0.0096922591328620910645 0.020515602082014083862 -0.03098838217556476593 -0.013626834377646446228 0.007093102671205997467 0.028487375006079673767 0.054369788616895675659 0.075437590479850769043 0.065271601080894470215 0.097753122448921203613
-9999 -9999 -0.37407886981964111328 -0.6019954681396484375 -0.83570867776870727539 -0.5188725590705871582 -0.37778204679489135742 -0.30206841230392456055 -0.28783750534057617188 -0.2910899817943572998 -0.2912330329418182373 -0.27453494071960449219 -0.23361484706401824951 -0.17964643239974975586 -0.18901151418685913086 -0.26273369789123535156 -0.31664144992828369141 -0.32997426390647888184 -0.29204797744750976562 -0.19763071835041046143 -0.084988310933113098145 0.0048629688099026679993 0.016297753900289535522 -0.0078457528725266456604 -0.029021775349974632263 -0.029045285657048225403 0.027131374925374984741 0.061490267515182495117 0.13982817530632019043 0.17122660577297210693 0.11947274953126907349 0.002262637019157409668 -0.01965084858238697052 0.034545522183179855347 0.084106907248497009277 0.1104030609130859375 0.10366296768188476562 0.061353478580713272095 0.040044695138931274414 0.062084492295980453491 0.080792531371116638184 0.10246222466230392456
-9999 -9999 -9999 -0.16638520359992980957 -0.70620733499526977539 -0.86156535148620605469 -0.56208717823028564453 -0.50828570127487182617 -0.53354078531265258789 -0.56745493412017822266 -0.56773453950881958008 -0.50417041778564453125 -0.4213097989559173584 -0.35180515050888061523 -0.31935787200927734375 -0.33620110154151916504 -0.34294402599334716797 -0.3550364077091217041 -0.34136635065078735352 -0.32190400362014770508 -0.28567084670066833496 -0.27877882122993469238 -0.27186480164527893066 -0.2265335768461227417 -0.17606146633625030518 -0.11700937151908874512 -0.044183410704135894775 0.020316839218139648438 0.037190068513154983521 0.035485450178384780884 0.055863540619611740112 0.061800979077816009521 0.081871472299098968506 0.13969275355339050293 0.19540987908840179443 0.22504739463329315186 0.21513085067272186279 0.20214129984378814697 0.16111978888511657715 0.15112672746181488037 0.19763194024562835693 0.21497260034084320068
-9999 -9999 -9999 -0.12085938453674316406 -0.12851782143115997314 -0.49020224809646606445 -0.85198670625686645508 -0.63293278217315673828 -0.58059269189834594727 -0.59770166873931884766 -0.571857452392578125 -0.50006586313247680664 -0.45368742942810058594 -0.40038979053497314453 -0.3671315610408782959 -0.38186168670654296875 -0.38406896591186523438 -0.36524233222007751465 -0.34967947006225585938 -0.33097025752067565918 -0.35663139820098876953 -0.40639677643775939941 -0.42568933963775634766 -0.42121419310569763184 -0.34476211667060852051 -0.26247832179069519043 -0.24634072184562683105 -0.24077250063419342041 -0.22762052714824676514 -0.17175103724002838135 -0.10054331272840499878 -0.0283710528165102005 0.034605223685503005981 0.080759257078170776367 0.12423736602067947388 0.15886676311492919922 0.14663229882717132568 0.14594402909278869629 0.15383718907833099365 0.17669267952442169189 0.21087083220481872559 0.24160139262676239014
-9999 -9999 -9999 -9999 -0.11247480660676956177 -0.35181695222854614258 -0.76241332292556762695 -0.92491680383682250977 -0.71202892065048217773 -0.57829064130783081055 -0.50760495662689208984 -0.42689743638038635254 -0.3713588714599609375 -0.33782634139060974121 -0.29769617319107055664 -0.28332099318504333496 -0.33171287178993225098 -0.30893224477767944336 -0.27397194504737854004 -0.2767270505428314209 -0.31214410066604614258 -0.34299257397651672363 -0.39978083968162536621 -0.40202060341835021973 -0.37193903326988220215 -0.36187627911567687988 -0.40791377425193786621 -0.42670217156410217285 -0.38481083512306213379 -0.36207792162895202637 -0.31283110380172729492 -0.27262586355209350586 -0.24562093615531921387 -0.25171771645545959473 -0.24401688575744628906 -0.18686683475971221924 -0.12054360657930374146 -0.095823451876640319824 -0.093328423798084259033 -0.068138003349304199219 -0.025933638215065002441 0.0137043781578540802
-9999 -9999 -9999 -9999 -0.095493957400321960449 -0.1649586111307144165 -0.20807795226573944092 -0.39858382940292358398 -0.78826946020126342773 -0.82241219282150268555 -0.50689470767974853516 -0.37653473019599914551 -0.30812248587608337402 -0.27925607562065124512 -0.26502338051795959473 -0.26119583845138549805 -0.25626417994499206543 -0.25704291462898254395 -0.21618293225765228271 -0.22583161294460296631 -0.21493011713027954102 -0.18738771975040435791 -0.18756531178951263428 -0.21995773911476135254 -0.2682094275951385498 -0.29166939854621887207 -0.32603868842124938965 -0.36608690023422241211 -0.38525617122650146484 -0.3916912376880645752 -0.42034322023391723633 -0.43539342284202575684 -0.44000849127769470215 -0.42185333371162414551 -0.380279541015625 -0.35389450192451477051 -0.29667383432388305664 -0.25922873616218566895 -0.22101670503616333008 -0.21097542345523834229 -0.18093438446521759033 -0.13557741045951843262
-9999 -9999 -9999 -9999 -9999 -0.17521297931671142578 -0.19704551994800567627 -0.19838519394397735596 -0.26114854216575622559 -0.33773946762084960938 -0.65613168478012084961 -0.52799302339553833008 -0.50010460615158081055 -0.43256881833076477051 -0.38224658370018005371 -0.32750877737998962402 -0.29163938760757446289 -0.28836393356323242188 -0.27191549539566040039 -0.26655820012092590332 -0.2603429257869720459 -0.23502449691295623779 -0.21618171036243438721 -0.19231913983821868896 -0.19764821231365203857 -0.2384433746337890625 -0.29559868574142456055 -0.32067328691482543945 -0.32580479979515075684 -0.33575555682182312012 -0.34765252470970153809 -0.36123037338256835938 -0.33585914969444274902 -0.30665785074234008789 -0.30645897984504699707 -0.27798140048980712891 -0.24513518810272216797 -0.21117947995662689209 -0.18337114155292510986 -0.17042662203311920166 -0.14995709061622619629 -0.11290463805198669434
-9999 -9999 -9999 -9999 -9999 -9999 -9999 -9999 -9999 -0.3229655921459197998 -0.32148224115371704102 -0.76375430822372436523 -0.85263794660568237305 -0.66129076480865478516 -0.51241606473922729492 -0.36311441659927368164 -0.29141724109649658203 -0.27370876073837280273 -0.26853576302528381348 -0.27912575006484985352 -0.26916730403900146484 -0.26641306281089782715 -0.24527670443058013916 -0.22884611785411834717 -0.2200947105884552002 -0.22440701723098754883 -0.22964040935039520264 -0.23431350290775299072 -0.22551080584526062012 -0.21324186027050018311 -0.21615190804004669189 -0.22850786149501800537 -0.21965682506561279297 -0.20087195932865142822 -0.1677465587854385376 -0.15112310647964477539 -0.11907901614904403687 -0.06657263636589050293 -0.018025038763880729675 -0.035951349884271621704 -0.061637397855520248413 -0.056183595210313796997
-9999 -9999 -9999 -9999 -9999 -9999 -9999 -9999 -9999 -0.25919196009635925293 -9999 -0.46937838196754455566 -0.20505988597869873047 -0.23863244056701660156 -0.36185559630393981934 -0.57525485754013061523 -0.43997150659561157227 -0.33608922362327575684 -0.3143043220043182373 -0.29981440305709838867 -0.29308053851127624512 -0.26025292277336120605 -0.23055957257747650146 -0.223519936203956604 -0.21447019279003143311 -0.20420835912227630615 -0.16962277889251708984 -0.14928738772869110107 -0.15223480761051177979 -0.16772694885730743408 -0.17407658696174621582 -0.13898713886737823486 -0.12129344046115875244 -0.12557701766490936279 -0.15209005773067474365 -0.14814352989196777344 -0.12213476002216339111 -0.092355713248252868652 -0.057045720517635345459 -0.015615070238709449768 0.0033617147710174322128 0.0089222211390733718872
-9999 -9999 -9999 -9999 -9999 -9999 -9999 -9999 -9999 -9999 -9999 -9999 -9999 -9999 -9999 -0.5308443903923034668 -0.537570953369140625 -0.44800567626953125 -0.43285247683525085449 -0.37355494499206542969 -0.35207921266555786133 -0.34437230229377746582 -0.33240297436714172363 -0.31467807292938232422 -0.28437215089797973633 -0.2602755129337310791 -0.24079328775405883789 -0.2270005643367767334 -0.22227691113948822021 -0.21682278811931610107 -0.20192128419876098633 -0.19086317718029022217 -0.17546109855175018311 -0.1939258873462677002 -0.22962512075901031494 -0.24382638931274414062 -0.24537114799022674561 -0.24809958040714263916 -0.23825545608997344971 -0.20104686915874481201 -0.16328027844429016113 -0.17529435455799102783
-9999 -9999 -9999 -9999 -9999 -9999 -9999 -9999 -9999 -9999 -9999 -9999 -9999 -9999 -9999 -9999 -0.43533548712730407715 -0.38221770524978637695 -0.48744788765907287598 -0.21061965823173522949 -0.20631071925163269043 -0.23186121881008148193 -0.2661863863468170166 -0.28095152974128723145 -0.27963441610336303711 -0.26877054572105407715 -0.2648741602897644043 -0.25771659612655639648 -0.25249496102333068848 -0.26438510417938232422 -0.25308400392532348633 -0.23238408565521240234 -0.20727925002574920654 -0.17770956456661224365 -0.15823061764240264893 -0.14427360892295837402 -0.15975044667720794678 -0.1862751394510269165 -0.20228365063667297363 -0.2017574012279510498 -0.19036406278610229492 -0.17957445979118347168
-9999 -9999 -9999 -9999 -9999 -9999 -9999 -9999 -9999 -9999 -9999 -9999 -9999 -9999 -9999 -9999 -9999 -9999 -9999 -0.18042589724063873291 -0.091542460024356842041 -0.10368742793798446655 -0.11900959908962249756 -0.11170805990695953369 -0.12044311314821243286 -0.14766372740268707275 -0.16021403670310974121 -0.15273302793502807617 -0.1269515305757522583 -0.094800963997840881348 -0.061132665723562240601 -0.043904803693294525146 -0.035680979490280151367 -0.031654939055442810059 -0.0081111490726470947266 0.019177561625838279724 0.0076402043923735618591 -0.020485894754528999329 -0.025691302493214607239 -0.017130728811025619507 0.011041485704481601715 0.030589755624532699585
-9999 -9999 -9999 -9999 -9999 -9999 -9999 -9999 -9999 -9999 -9999 -9999 -9999 -9999 -9999 -9999 -9999 -9999 -9999 -0.17068652808666229248 -0.18029136955738067627 -0.11355318129062652588 -0.080356538295745849609 -0.097222857177257537842 -0.12568934261798858643 -0.13924334943294525146 -0.1542635113000869751 -0.15985083580017089844 -0.13913524150848388672 -0.12273133546113967896 -0.11655875295400619507 -0.10609292984008789062 -0.10150998830795288086 -0.094561658799648284912 -0.096258118748664855957 -0.08631525188684463501 -0.063813664019107818604 -0.061247430741786956787 -0.07284596562385559082 -0.047361150383949279785 -0.055774517357349395752 -0.069769173860549926758
-9999 -9999 -9999 -9999 -9999 -9999 -9999 -9999 -9999 -9999 -9999 -9999 -9999 -9999 -9999 -9999 -9999 -9999 -9999 -0.059982948005199432373 -0.17161895334720611572 -0.17483398318290710449 -0.13615353405475616455 -0.14627794921398162842 -0.138780936598777771 -0.11722237616777420044 -0.11623874306678771973 -0.13631984591484069824 -0.1555163264274597168 -0.18133951723575592041 -0.18244318664073944092 -0.16347232460975646973 -0.14486104249954223633 -0.14722481369972229004 -0.15924091637134552002 -0.18941612541675567627 -0.20585167407989501953 -0.18106262385845184326 -0.13157197833061218262 -0.11262620985507965088 -0.13441230356693267822 -0.1708405911922454834
-9999 -9999 -9999 -9999 -9999 -9999 -9999 -9999 -9999 -9999 -9999 -9999 -9999 -9999 -9999 -9999 -9999 -9999 -9999 -0.034911789000034332275 -0.0286663006991147995 -0.055445346981287002563 -0.078937560319900512695 -0.10697139054536819458 -0.10899318009614944458 -0.09579423069953918457 -0.052527531981468200684 -0.018496749922633171082 -0.019811114296317100525 -0.067053079605102539062 -0.12091947346925735474 -0.12648019194602966309 -0.10699192434549331665 -0.11653811484575271606 -0.12325514107942581177 -0.14328145980834960938 -0.16092865169048309326 -0.15576310455799102783 -0.14104178547859191895 -0.14322276413440704346 -0.13391931354999542236 -0.11583673954010009766
-9999 -9999 -9999 -9999 -9999 -9999 -9999 -9999 -9999 -9999 -9999 -9999 -9999 -9999 -9999 -9999 -9999 -9999 -9999 -0.035922095179557800293 -0.036972403526306152344 -0.059330500662326812744 -0.0696619376540184021 -0.05301693454384803772 -0.034221928566694259644 -0.015110431239008903503 -0.013073286972939968109 0.0066646593622863292694 0.021304244175553321838 -0.021955516189336776733 -0.035964228212833404541 -0.072401799261569976807 -0.091150619089603424072 -0.099363185465335845947 -0.080045484006404876709 -0.051464408636093139648 -0.034341160207986831665 -0.014649326913058757782 -0.010529033839702606201 -0.056296311318874359131 -0.1181943938136100769 -0.1439971923828125
