scientific_paper_data/currents_velocity_components/u_component_jan_2018_1d.asc
ncols        360
nrows        156
xllcorner    -180.000000000000
yllcorner    -71.000000000000
cellsize     1.000000000000
NODATA_value  -9999
[rows 133 to 151 of 156, columns 294 to 335 of 360]
0.28924348950386047363 0.25030449032783508301 0.18647241592407226562 0.15818041563034057617 0.19545547664165496826 0.038853175938129425049 -0.099210344254970550537 -0.13074947893619537354 0.086158081889152526855 0.17532895505428314209 0.14239284396171569824 0.11722218245267868042 0.16958451271057128906 0.17913416028022766113 0.15735952556133270264 0.184177398681640625 0.16435842216014862061 0.12582877278327941895 0.1725883781909942627 0.29488196969032287598 0.2853247523307800293 0.23788858950138092041 0.26804333925247192383 0.29343357682228088379 0.28762513399124145508 0.18609210848808288574 0.12121763080358505249 0.14875312149524688721 0.23331843316555023193 0.26943549513816833496 0.22897651791572570801 0.076944626867771148682 -0.051081065088510513306 -0.11372603476047515869 -0.075304262340068817139 0.050805065780878067017 0.038642115890979766846 0.071225047111511230469 0.14285098016262054443 0.11014688014984130859 0.070098876953125 -0.010445064865052700043
0.32363688945770263672 0.33482843637466430664 0.27309533953666687012 0.16927747428417205811 0.11057967692613601685 0.15519796311855316162 0.14434871077537536621 0.10717210173606872559 0.084529541432857513428 0.16536535322666168213 0.25917020440101623535 0.26341602206230163574 0.23466081917285919189 0.20886240899562835693 0.20140922069549560547 0.28959459066390991211 0.38296058773994445801 0.4625263214111328125 0.34685724973678588867 0.11767422407865524292 0.17869813740253448486 0.37062385678291320801 0.27237230539321899414 0.15913175046443939209 0.20246888697147369385 0.25304254889488220215 0.25749894976615905762 0.12434683740139007568 0.048673678189516067505 0.13194707036018371582 0.32120034098625183105 0.26034066081047058105 0.1298351287841796875 0.17015144228935241699 0.14214995503425598145 0.095861062407493591309 0.15551674365997314453 0.15583039820194244385 0.1593323051929473877 0.18077319860458374023 0.10444860905408859253 0.041604150086641311646
0.24210956692695617676 0.25833609700202941895 0.28705477714538574219 0.27272123098373413086 0.25570496916770935059 0.26616421341896057129 0.27856990694999694824 0.31195312738418579102 0.36235147714614868164 0.26163306832313537598 0.13763363659381866455 0.18173527717590332031 0.15793745219707489014 0.15487056970596313477 0.12863709032535552979 0.11748305708169937134 0.053645182400941848755 -0.051851794123649597168 -0.08454971015453338623 0.017683595418930053711 0.031592335551977157593 0.0030198725871741771698 0.090639412403106689453 0.14376233518123626709 0.11239802837371826172 0.13693004846572875977 0.19954854249954223633 0.1151072382926940918 0.00053167418809607625008 -0.03661832958459854126 -0.017971245571970939636 0.17040057480335235596 0.16220754384994506836 0.21476881206035614014 0.27414333820343017578 0.24796691536903381348 0.20627014338970184326 0.21148134768009185791 0.040517713874578475952 -0.0080234818160533905029 0.071001663804054260254 0.19793990254402160645
0.0049026226624846458435 -0.051433183252811431885 -0.020602436736226081848 0.075861699879169464111 0.14667150378227233887 0.14027461409568786621 0.13540695607662200928 0.14035324752330780029 0.10961476713418960571 0.10978978872299194336 0.14962814748287200928 0.13818880915641784668 0.16994912922382354736 0.2613328397274017334 0.34154886007308959961 0.22969393432140350342 0.19662229716777801514 0.22869709134101867676 0.2414350360631942749 0.23965480923652648926 0.20292197167873382568 0.14890554547309875488 0.10957866162061691284 0.11699840426445007324 0.1423578113317489624 0.17308038473129272461 0.37463453412055969238 0.62446033954620361328 0.59861636161804199219 0.49676057696342468262 0.41584986448287963867 0.39996227622032165527 0.42115521430969238281 0.29125875234603881836 0.20973363518714904785 0.268184661865234375 0.26899668574333190918 0.1673040539026260376 0.25615233182907104492 0.20053273439407348633 0.1043168678879737854 0.040362965315580368042
0.15330964326858520508 0.14976958930492401123 0.081817626953125 0.20596639811992645264 0.23115776479244232178 0.26591444015502929688 0.19429180026054382324 0.11921440809965133667 0.05730706825852394104 -0.020221296697854995728 -0.057633705437183380127 -0.011892087757587432861 0.0752240791916847229 0.035674959421157836914 0.070302657783031463623 0.15768344700336456299 0.11928205937147140503 0.063413254916667938232 0.0455227680504322052 0.073449857532978057861 0.16615082323551177979 0.25189340114593505859 0.31462866067886352539 0.24801716208457946777 0.14729478955268859863 0.152303352952003479 0.054738365113735198975 0.0045189894735813140869 0.16417719423770904541 0.24519766867160797119 0.152822151780128479 0.16570980846881866455 0.23813484609127044678 0.20829248428344726562 -0.052268855273723602295 -0.14510147273540496826 -0.1607440263032913208 0.1244643479585647583 0.39493855834007263184 0.32651743292808532715 0.13939560949802398682 0.01436734665185213089
-0.072561606764793395996 -0.0010774921393021941185 0.091547474265098571777 0.092837624251842498779 0.1249012872576713562 0.048607617616653442383 0.0068935770541429519653 0.031282670795917510986 0.10948143154382705688 0.2263873368501663208 0.32684844732284545898 0.26003655791282653809 0.11343115568161010742 0.082676932215690612793 0.043132066726684570312 0.065086118876934051514 0.14842778444290161133 0.19947712123394012451 0.28871831297874450684 0.1823955923318862915 0.090468160808086395264 0.062452968209981918335 0.083490736782550811768 0.18038532137870788574 0.26248955726623535156 0.26845753192901611328 0.18356427550315856934 0.19475513696670532227 0.17717596888542175293 0.18899704515933990479 0.1536213308572769165 0.22296202182769775391 0.35948380827903747559 0.31813761591911315918 0.20828256011009216309 0.20536787807941436768 0.2991676628589630127 0.24272219836711883545 0.040020227432250976562 0.18394480645656585693 0.42963850498199462891 0.43990534543991088867
0.14723107218742370605 0.078006349503993988037 0.048407852649688720703 0.017431778833270072937 0.050831772387027740479 0.073746263980865478516 0.072352752089500427246 0.074309915304183959961 0.15581141412258148193 0.098218694329261779785 0.03610141947865486145 0.076636008918285369873 0.060525741428136825562 0.13166162371635437012 0.036968383938074111938 0.038767501711845397949 -0.010543243028223514557 -0.039527062326669692993 0.089930355548858642578 0.15448720753192901611 0.089427195489406585693 0.10442011803388595581 0.072341538965702056885 0.011191632598638534546 0.066393896937370300293 0.14525552093982696533 0.13212563097476959229 0.040759585797786712646 0.12992259860038757324 0.12172945588827133179 0.13809423148632049561 0.20570410788059234619 0.10815834999084472656 0.19923348724842071533 0.33209818601608276367 0.16020379960536956787 0.096462398767471313477 0.20377130806446075439 0.052453115582466125488 -0.04668305814266204834 0.002278370782732963562 0.0029530520550906658173
0.030555767938494682312 0.06021448969841003418 0.058384794741868972778 0.10312316566705703735 0.096978448331356048584 0.14040623605251312256 0.1236530989408493042 0.02710245177149772644 0.0016011557308956980705 0.056005429476499557495 0.018308058381080627441 0.006655455566942691803 0.15530784428119659424 0.26446962356567382812 0.21295890212059020996 0.14526967704296112061 0.17401923239231109619 0.16988553106784820557 0.012496771290898323059 0.022460233420133590698 0.13086110353469848633 0.088899344205856323242 0.093480847775936126709 0.18357788026332855225 0.13861039280891418457 0.072947166860103607178 0.12570449709892272949 0.14833454787731170654 0.11810456961393356323 0.10814046859741210938 0.066275812685489654541 0.070156224071979522705 0.087294615805149078369 0.19459393620491027832 0.43400961160659790039 0.48052257299423217773 0.47734549641609191895 0.24179284274578094482 0.27850186824798583984 0.35745179653167724609 0.28619277477264404297 0.20655198395252227783
0.14725051820278167725 0.06584634631872177124 0.10078840702772140503 0.084527023136615753174 0.0042914585210382938385 -0.027152173221111297607 0.051844473928213119507 0.17416369915008544922 0.17196476459503173828 0.080356545746326446533 -0.015660338103771209717 -0.019780689850449562073 0.02375593036413192749 0.050836708396673202515 0.07590243220329284668 0.16934858262538909912 0.24287000298500061035 0.1940765380859375 0.1165194287896156311 0.023633530363440513611 0.031458720564842224121 0.10548534989356994629 0.06819705665111541748 0.073204621672630310059 0.073520101606845855713 0.11117334663867950439 0.08821000903844833374 0.075355961918830871582 0.12269316613674163818 0.12111362814903259277 0.12244991958141326904 0.045982141047716140747 0.018914870917797088623 -0.002414285438135266304 0.11165561527013778687 0.1140057295560836792 0.21359619498252868652 0.17421732842922210693 0.12941335141658782959 0.26560923457145690918 0.32683441042900085449 0.28435146808624267578
-0.043769296258687973022 -0.020979011431336402893 0.013601104728877544403 0.014167940244078636169 0.030133606866002082825 0.095688603818416595459 0.10342098772525787354 0.074692137539386749268 0.069677375257015228271 0.12250538170337677002 0.21309734880924224854 0.22922907769680023193 0.19222754240036010742 0.10773421823978424072 0.036365810781717300415 -0.040743753314018249512 -0.045137125998735427856 0.010479893535375595093 0.13209432363510131836 0.16008073091506958008 0.056950226426124572754 0.029315007850527763367 0.083905234932899475098 0.099028438329696655273 0.056580960750579833984 0.035042922943830490112 0.029901470988988876343 0.069870583713054656982 0.03008682839572429657 0.0945207253098487854 0.1267891228199005127 0.128810882568359375 0.10129739344120025635 0.046085365116596221924 0.026042234152555465698 0.28940236568450927734 0.26629027724266052246 0.16172364354133605957 0.082008250057697296143 0.063193932175636291504 0.037452377378940582275 0.099514245986938476562
0.037385322153568267822 0.031162751838564872742 0.055418211966753005981 0.06037739291787147522 0.091047249734401702881 0.10116060823202133179 0.070794366300106048584 0.043186437338590621948 0.090651601552963256836 0.18381592631340026855 0.19418214261531829834 0.13385599851608276367 0.094833612442016601562 0.11373648792505264282 0.16078247129917144775 0.14653562009334564209 0.0974771156907081604 0.070407874882221221924 0.037340696901082992554 0.068019255995750427246 0.10785178095102310181 0.11468834429979324341 0.084748923778533935547 0.052022449672222137451 0.038512103259563446045 0.032784774899482727051 0.062584236264228820801 0.062895692884922027588 0.076687760651111602783 0.051198203116655349731 0.0047848634421825408936 0.029150132089853286743 0.051350735127925872803 0.080564282834529876709 0.050055839121341705322 0.057405989617109298706 0.085967279970645904541 0.078253582119941711426 0.1501042097806930542 0.23074728250503540039 0.15147766470909118652 0.22121627628803253174
0.081400431692600250244 0.11301777511835098267 0.079379625618457794189 0.038864463567733764648 0.03566379845142364502 0.06619192659854888916 0.10815646499395370483 0.1339708864688873291 0.12262489646673202515 0.099622465670108795166 0.059842318296432495117 -0.0051356949843466281891 -0.018703196197748184204 0.03950138390064239502 0.051764398813247680664 0.028015112504363059998 -0.0043063210323452949524 0.040691174566745758057 0.033241946250200271606 0.020783096551895141602 0.017951605841517448425 0.070365786552429199219 0.06316661834716796875 0.022157190367579460144 0.046109955757856369019 0.086746357381343841553 0.067134439945220947266 0.062501080334186553955 0.040927175432443618774 0.03320625796914100647 0.018218575045466423035 0.022198494523763656616 0.042554803192615509033 0.096989773213863372803 0.11143036931753158569 0.069396041333675384521 0.037222463637590408325 0.10665466636419296265 0.082184940576553344727 0.10204738378524780273 0.02784701809287071228 -0.012307264842092990875
0.055955223739147186279 0.029827611520886421204 0.081121735274791717529 0.16532151401042938232 0.19588756561279296875 0.098788686096668243408 0.068395644426345825195 0.11054841428995132446 0.12618874013423919678 0.086664877831935882568 0.051555950194597244263 0.089637681841850280762 0.12378945201635360718 0.0827390328049659729 0.089406378567218780518 0.10382045060396194458 0.083324983716011047363 0.054127398878335952759 0.060822822153568267822 0.086400493979454040527 0.062962271273136138916 0.021118726581335067749 0.050768420100212097168 0.046708703041076660156 0.041745744645595550537 0.030861355364322662354 0.030712107196450233459 0.037676192820072174072 0.050126139074563980103 0.049404364079236984253 0.081753872334957122803 0.087294690310955047607 0.087409615516662597656 0.078772030770778656006 0.053754210472106933594 0.023377403616905212402 0.0046902224421501159668 0.0378190651535987854 0.042882021516561508179 0.0055981082841753959656 0.13667006790637969971 0.10276497155427932739
-0.0017623549792915582657 0.0063729835674166679382 -0.017927348613739013672 -0.0098122982308268547058 -0.011802321299910545349 -0.010442364960908889771 -0.019370654597878456116 -0.012158735655248165131 0.018335668370127677917 0.099136598408222198486 0.14984378218650817871 0.09462627023458480835 0.091815389692783355713 0.055657077580690383911 0.007087848614901304245 0.02744882926344871521 0.068609453737735748291 0.063709296286106109619 0.039641253650188446045 0.01902681402862071991 0.077955961227416992188 0.077139385044574737549 0.067012153565883636475 0.084731407463550567627 0.074838645756244659424 0.054391596466302871704 0.043371420353651046753 0.040672920644283294678 0.033694390207529067993 0.033273320645093917847 0.066939465701580047607 0.053269140422344207764 0.074339821934700012207 0.065396830439567565918 0.050758402794599533081 0.067626141011714935303 0.054302103817462921143 -0.0040950598195195198059 -0.010187213309109210968 0.055763352662324905396 0.076947085559368133545 0.08945354074239730835
0.02914590202271938324 0.085593402385711669922 0.10644414275884628296 0.091509684920310974121 0.079338416457176208496 0.062090754508972167969 0.032550193369388580322 0.017227020114660263062 0.010036349296569824219 0.026272669434547424316 0.020401557907462120056 0.0063746511004865169525 0.019634444266557693481 0.035589940845966339111 0.056165341287851333618 0.054630517959594726562 0.063367180526256561279 0.10237257927656173706 0.089449353516101837158 0.068842701613903045654 0.044474657624959945679 0.04586011543869972229 0.02270572073757648468 0.036711394786834716797 0.024286510422825813293 0.03257144242525100708 0.084290914237499237061 0.079585947096347808838 0.087002985179424285889 0.13040582835674285889 0.16101662814617156982 0.10837263613939285278 0.10278102755546569824 0.082772530615329742432 0.065439842641353607178 0.044714253395795822144 0.04232147708535194397 0.05863146856427192688 0.012837925925850868225 0.0037789728958159685135 -0.014038965106010437012 0.063314445316791534424
-0.029517656192183494568 -0.026537626981735229492 -0.03225281834602355957 -0.019351793453097343445 -0.008284288458526134491 0.0073012239299714565277 0.00015748129226267337799 0.013667218387126922607 0.074946276843547821045 0.056736666709184646606 0.053196553140878677368 0.063114695250988006592 0.08166147768497467041 0.075421608984470367432 0.077852457761764526367 0.05796224251389503479 0.07906964421272277832 0.1208103373646736145 0.091907039284706115723 0.090539805591106414795 0.022557763382792472839 -0.0032873994205147027969 0.049453251063823699951 0.093004658818244934082 0.055961918085813522339 -0.012715633958578109741 -0.041524171829223632812 -0.0061901751905679702759 0.029581388458609580994 0.013415070250630378723 0.050807327032089233398 0.058616414666175842285 0.058972395956516265869 0.049961611628532409668 0.055771376937627792358 0.05815860256552696228 0.058935396373271942139 0.02494586259126663208 0.056315921247005462646 0.035822730511426925659 0.022706100717186927795 0.018527098000049591064
-0.016316823661327362061 -0.015478369779884815216 -0.021827921271324157715 -0.021841393783688545227 -0.0092202294617891311646 -0.027488850057125091553 -0.031894367188215255737 -0.019205082207918167114 -0.02924956195056438446 -0.034378416836261749268 -0.029889576137065887451 -0.013689755462110042572 -0.021778993308544158936 -0.02504296228289604187 -0.021192805841565132141 -0.0087528219446539878845 -0.016678730025887489319 -0.029194848611950874329 -0.060211218893527984619 -0.066933088004589080811 -0.045782510191202163696 -0.029871791601181030273 -0.027594111859798431396 0.0068715140223503112793 0.018477471545338630676 0.0073155323043465614319 -0.004508020356297492981 -0.017900312319397926331 0.025926467031240463257 0.029380431398749351501 0.041406337171792984009 0.085014387965202331543 0.070634961128234863281 0.048557661473751068115 0.04238033294677734375 0.015900207683444023132 0.063900567591190338135 0.075026176869869232178 0.038338374346494674683 0.034097723662853240967 0.04469661414623260498 0.045870523899793624878
-0.087687894701957702637 -0.050106767565011978149 -0.03103236667811870575 -0.018442548811435699463 -0.020718442276120185852 -0.052545070648193359375 -0.069163583219051361084 -0.076806962490081787109 -0.046463806182146072388 -0.048583604395389556885 -0.060311488807201385498 -0.060739576816558837891 -0.062229961156845092773 -0.034252468496561050415 -0.01907381787896156311 -0.021322403103113174438 -0.014109639450907707214 -0.034007333219051361084 -0.043505426496267318726 -0.038091864436864852905 -9999 -0.079374209046363830566 -0.11421073228120803833 -0.063849538564682006836 -0.05673046410083770752 -0.043605566024780273438 -0.022412309423089027405 -0.017550120130181312561 -0.027128312736749649048 -0.025061925873160362244 -0.035128194838762283325 -0.027065541595220565796 0.0045246588997542858124 0.012780970893800258636 0.005827491171658039093 0.005226808600127696991 -0.0049723698757588863373 -0.010464028455317020416 -0.0077848276123404502869 0.040058046579360961914 0.036270499229431152344 0.010214199312031269073
-9999 -9999 -9999 -0.06973924487829208374 -0.056168485432863235474 -0.045433741062879562378 -0.063946351408958435059 -0.044694032520055770874 -0.02069543302059173584 -9999 -9999 -9999 -9999 -0.015950940549373626709 -0.027149340137839317322 -0.025471875444054603577 -9999 -9999 -9999 -9999 -9999 -9999 -9999 -9999 -9999 -0.24125848710536956787 -0.099683769047260284424 -0.15406875312328338623 -0.080441765487194061279 -0.072207532823085784912 -0.054935652762651443481 -0.050787564367055892944 -0.055197652429342269897 -0.019539678469300270081 -0.016377983614802360535 -0.024992894381284713745 -0.018351435661315917969 -0.012897815555334091187 -0.016780449077486991882 -0.03476742282509803772 -0.041304484009742736816 -0.055284388363361358643
