scientific_paper_data/currents_velocity_components/u_component_jan_2018_1d.asc
ncols        360
nrows        156
xllcorner    -180.000000000000
yllcorner    -71.000000000000
cellsize     1.000000000000
NODATA_value  -9999
[rows 76 to 94 of 156, columns 42 to 83 of 360]
0.50591778755187988281 0.50558900833129882812 0.4985383152961730957 0.49631673097610473633 0.52201110124588012695 0.56031239032745361328 0.53644067049026489258 0.50786441564559936523 0.46786296367645263672 0.4152164161205291748 0.37090969085693359375 0.33773785829544067383 0.2912451326847076416 0.24717321991920471191 0.18996986746788024902 0.11976357549428939819 0.081321820616722106934 0.06339655071496963501 0.025799831375479698181 -0.025180337950587272644 -0.069709956645965576172 -0.066178232431411743164 -0.055312011390924453735 -0.083138853311538696289 -0.12727163732051849365 -0.1712779998779296875 -0.19323988258838653564 -0.20518006384372711182 -0.23433993756771087646 -0.28495946526527404785 -0.37619864940643310547 -0.44795826077461242676 -0.45458632707595825195 -0.41635912656784057617 -0.38200342655181884766 -0.3132152259349822998 -0.24960906803607940674 -0.24149687588214874268 -0.27550581097602844238 -0.30367299914360046387 -0.24722753465175628662 -0.25481009483337402344
0.34506723284721374512 0.34079670906066894531 0.34629023075103759766 0.38875299692153930664 0.4706744849681854248 0.52307564020156860352 0.51403927803039550781 0.44609597325325012207 0.39228618144989013672 0.37778085470199584961 0.37195438146591186523 0.37729823589324951172 0.34937378764152526855 0.27507776021957397461 0.2444124370813369751 0.20759382843971252441 0.16190242767333984375 0.14409548044204711914 0.12993471324443817139 0.13433814048767089844 0.12826502323150634766 0.13206082582473754883 0.15391555428504943848 0.16211579740047454834 0.14398583769798278809 0.15071018040180206299 0.12670318782329559326 0.099336162209510803223 0.044166855514049530029 -0.0028778335545212030411 -0.047531045973300933838 -0.069975271821022033691 -0.064730904996395111084 -0.043092094361782073975 -0.048343978822231292725 -0.073900774121284484863 -0.096689298748970031738 -0.12399296462535858154 -0.16860842704772949219 -0.21544475853443145752 -0.23909610509872436523 -0.20720283687114715576
0.17821641266345977783 0.18109528720378875732 0.15988604724407196045 0.20128560066223144531 0.30262541770935058594 0.23877802491188049316 0.21335870027542114258 0.18162433803081512451 0.1231923326849937439 0.10457484424114227295 0.13779145479202270508 0.19956442713737487793 0.20464466512203216553 0.20936998724937438965 0.20965626835823059082 0.19665035605430603027 0.18433694541454315186 0.16598315536975860596 0.17013594508171081543 0.2190087437629699707 0.26547399163246154785 0.28427100181579589844 0.30633869767189025879 0.34775075316429138184 0.37117761373519897461 0.38192796707153320312 0.34795409440994262695 0.30351686477661132812 0.27083575725555419922 0.21390178799629211426 0.16641193628311157227 0.18010166287422180176 0.23275308310985565186 0.29160597920417785645 0.31008669734001159668 0.27738741040229797363 0.19441282749176025391 0.094929642975330352783 0.011155715212225914001 -0.039302341639995574951 -0.050890367478132247925 -0.012356363236904144287
-0.07055613398551940918 -0.063919991254806518555 -0.037869714200496673584 -0.030049940571188926697 -0.032299600541591644287 -0.063248455524444580078 -0.10825921595096588135 -0.1052783280611038208 -0.094108782708644866943 -0.08203992992639541626 0.012460081838071346283 0.11858012527227401733 0.072799891233444213867 0.088217429816722869873 0.083065070211887359619 0.10081449896097183228 0.11009950190782546997 0.14570280909538269043 0.1678116917610168457 0.19551877677440643311 0.17471650242805480957 0.21157866716384887695 0.25895911455154418945 0.26259320974349975586 0.30590799450874328613 0.36363896727561950684 0.37494942545890808105 0.36370569467544555664 0.39097175002098083496 0.37807565927505493164 0.31709221005439758301 0.30910170078277587891 0.3418070375919342041 0.35803002119064331055 0.38773754239082336426 0.36843547224998474121 0.32675775885581970215 0.27491843700408935547 0.22331577539443969727 0.19407634437084197998 0.18270115554332733154 0.17232027649879455566
-0.35754981637001037598 -0.36055445671081542969 -0.28976711630821228027 -0.28744101524353027344 -0.32624018192291259766 -0.29441621899604797363 -0.22364698350429534912 -0.24701490998268127441 -0.18413557112216949463 -0.1317784041166305542 -0.083631463348865509033 -0.084781713783740997314 -0.14293505251407623291 -0.10926804691553115845 -0.049661483615636825562 -0.0019022282212972640991 0.027858279645442962646 0.076358124613761901855 0.09652824699878692627 0.05959353223443031311 0.017273711040616035461 0.006974416784942150116 0.015324538573622703552 0.071002833545207977295 0.16127672791481018066 0.21965256333351135254 0.24295452237129211426 0.24899657070636749268 0.21305188536643981934 0.23450748622417449951 0.28901520371437072754 0.29763808846473693848 0.252628326416015625 0.18034355342388153076 0.19836035370826721191 0.2398608475923538208 0.24912035465240478516 0.24980024993419647217 0.26785740256309509277 0.30679845809936523438 0.32624098658561706543 0.29314202070236206055
-0.49876999855041503906 -0.5239804387092590332 -0.51819783449172973633 -0.48651430010795593262 -0.46545568108558654785 -0.42328104376792907715 -0.38328877091407775879 -0.30917710065841674805 -0.27165862917900085449 -0.27404919266700744629 -0.33866429328918457031 -0.46183532476425170898 -0.44861850142478942871 -0.37084257602691650391 -0.29691118001937866211 -0.25157514214515686035 -0.19293837249279022217 -0.14540648460388183594 -0.076063923537731170654 -0.098366819322109222412 -0.16064192354679107666 -0.30052429437637329102 -0.36233919858932495117 -0.33601301908493041992 -0.29959061741828918457 -0.23383191227912902832 -0.19317905604839324951 -0.18058508634567260742 -0.13873770833015441895 -0.097700491547584533691 -0.044643171131610870361 -0.045795761048793792725 -0.098195284605026245117 -0.1062558591365814209 -0.10824625939130783081 -0.084214240312576293945 -0.038006126880645751953 0.024838108569383621216 0.091524168848991394043 0.14066284894943237305 0.15814942121505737305 0.1440346837043762207
-0.49182710051536560059 -0.62136793136596679688 -0.63991665840148925781 -0.5779355168342590332 -0.54834967851638793945 -0.47907230257987976074 -0.42349421977996826172 -0.43995270133018493652 -0.45615839958190917969 -0.45065009593963623047 -0.5198516845703125 -0.61314994096755981445 -0.65967261791229248047 -0.61060041189193725586 -0.59029823541641235352 -0.54071849584579467773 -0.50970542430877685547 -0.52555304765701293945 -0.40606477856636047363 -0.3380203545093536377 -0.33249774575233459473 -0.52190291881561279297 -0.67000430822372436523 -0.73367798328399658203 -0.71878182888031005859 -0.66283148527145385742 -0.60734128952026367188 -0.57419502735137939453 -0.52179515361785888672 -0.46057584881782531738 -0.40451416373252868652 -0.41104024648666381836 -0.44978445768356323242 -0.45300146937370300293 -0.44559168815612792969 -0.4211089015007019043 -0.37704423069953918457 -0.31505364179611206055 -0.25508785247802734375 -0.22209581732749938965 -0.21000911295413970947 -0.18323189020156860352
-0.43296647071838378906 -0.49786561727523803711 -0.55822074413299560547 -0.54755705595016479492 -0.51849180459976196289 -0.50148004293441772461 -0.48024785518646240234 -0.49367368221282958984 -0.51211035251617431641 -0.51768517494201660156 -0.47791150212287902832 -0.46041345596313476562 -0.49165442585945129395 -0.62936609983444213867 -0.67778509855270385742 -0.66313034296035766602 -0.5849431157112121582 -0.54302591085433959961 -0.59779185056686401367 -0.48726603388786315918 -0.41002494096755981445 -0.3990401923656463623 -0.57450020313262939453 -0.73234707117080688477 -0.81835794448852539062 -0.85796743631362915039 -0.84806364774703979492 -0.80356484651565551758 -0.75576531887054443359 -0.68160521984100341797 -0.61993348598480224609 -0.55113494396209716797 -0.54567265510559082031 -0.64199250936508178711 -0.70071470737457275391 -0.70950466394424438477 -0.67782562971115112305 -0.63731944561004638672 -0.60046678781509399414 -0.56665861606597900391 -0.52004772424697875977 -0.46435710787773132324
-0.16038413345813751221 -0.23559020459651947021 -0.30078205466270446777 -0.3322690129280090332 -0.28548657894134521484 -0.25842559337615966797 -0.28806358575820922852 -0.33720108866691589355 -0.39673078060150146484 -0.39043563604354858398 -0.33822405338287353516 -0.26829710602760314941 -0.23018702864646911621 -0.27936992049217224121 -0.32004386186599731445 -0.35570192337036132812 -0.33502045273780822754 -0.27393376827239990234 -0.22085234522819519043 -0.17437870800495147705 -0.17140839993953704834 -0.19840244948863983154 -0.28839784860610961914 -0.36188712716102600098 -0.48904854059219360352 -0.59592044353485107422 -0.64604705572128295898 -0.63460117578506469727 -0.59521430730819702148 -0.54284971952438354492 -0.47483330965042114258 -0.41266149282455444336 -0.42723286151885986328 -0.47759521007537841797 -0.56688863039016723633 -0.62582868337631225586 -0.67699652910232543945 -0.65997004508972167969 -0.62997841835021972656 -0.5849545598030090332 -0.53860294818878173828 -0.48357275128364562988
-0.11447534710168838501 -0.19671797752380371094 -0.21134044229984283447 -0.17990463972091674805 -0.16486214101314544678 -0.16255085170269012451 -0.15712876617908477783 -0.18849398195743560791 -0.23384873569011688232 -0.2150736004114151001 -0.14084935188293457031 -0.065797790884971618652 0.0022445621434599161148 0.02237088419497013092 -0.033141300082206726074 -0.060106709599494934082 -0.073555842041969299316 -0.097986847162246704102 -0.018802750855684280396 0.081047870218753814697 0.1326777338981628418 0.081015616655349731445 -0.012145311571657657623 -0.058667764067649841309 -0.10792487114667892456 -0.14037618041038513184 -0.18579083681106567383 -0.19800613820552825928 -0.19665265083312988281 -0.18790818750858306885 -0.1864671856164932251 -0.22471758723258972168 -0.3012873530387878418 -0.34072387218475341797 -0.37857291102409362793 -0.39837041497230529785 -0.41888102889060974121 -0.42723301053047180176 -0.43746560811996459961 -0.44652134180068969727 -0.42767924070358276367 -0.39271810650825500488
-0.031705774366855621338 -0.12322599440813064575 -0.20163993537425994873 -0.16250249743461608887 -0.13010768592357635498 -0.12445361912250518799 -0.21422326564788818359 -0.2842299044132232666 -0.27460065484046936035 -0.1988020092248916626 -0.10493513196706771851 -0.014640093781054019928 0.070810861885547637939 0.12481024861335754395 0.11161230504512786865 0.028343673795461654663 -0.081250116229057312012 -0.12226129323244094849 -0.059124734252691268921 0.041924118995666503906 0.11628747731447219849 0.076494365930557250977 -0.044188298285007476807 -0.1192598193883895874 -0.081012971699237823486 0.0041043870151042938232 0.027724374085664749146 -0.0088320663198828697205 -0.045176453888416290283 -0.074522256851196289062 -0.1442286372184753418 -0.26161888241767883301 -0.32842847704887390137 -0.34916719794273376465 -0.3369808495044708252 -0.30229002237319946289 -0.31104490160942077637 -0.33768537640571594238 -0.35468441247940063477 -0.38470169901847839355 -0.3984698951244354248 -0.39192947745323181152
-0.12144207954406738281 -0.1357354968786239624 -0.1918630748987197876 -0.17272219061851501465 -0.18042637407779693604 -0.17033626139163970947 -0.21873129904270172119 -0.24581265449523925781 -0.18810333311557769775 -0.13369314372539520264 -0.10155504196882247925 -0.063685253262519836426 -0.022460797801613807678 0.04483822360634803772 0.079145766794681549072 0.058911889791488647461 -0.11653921008110046387 -0.19938327372074127197 -0.17382054030895233154 -0.16760584712028503418 -0.14753982424736022949 -0.16334608197212219238 -0.2581710517406463623 -0.24824631214141845703 -0.17118160426616668701 -0.093813575804233551025 -0.055965926498174667358 -0.045318324118852615356 -0.084430254995822906494 -0.16385495662689208984 -0.22482661902904510498 -0.25025159120559692383 -0.31319662928581237793 -0.31891578435897827148 -0.29869639873504638672 -0.27104949951171875 -0.26268941164016723633 -0.28606086969375610352 -0.29782414436340332031 -0.31148406863212585449 -0.34016299247741699219 -0.36032873392105102539
-0.25817856192588806152 -0.24117591977119445801 -0.22435998916625976562 -0.25557059049606323242 -0.24441000819206237793 -0.21497595310211181641 -0.21625067293643951416 -0.15657058358192443848 -0.098313324153423309326 -0.077899470925331115723 -0.10096643120050430298 -0.10860873013734817505 -0.12197423726320266724 -0.13762922585010528564 -0.14760854840278625488 -0.24656760692596435547 -0.27877649664878845215 -0.29511603713035583496 -0.31935864686965942383 -0.36057311296463012695 -0.41647523641586303711 -0.37264707684516906738 -0.33356770873069763184 -0.317081451416015625 -0.30969670414924621582 -0.2783660888671875 -0.27226692438125610352 -0.2994213104248046875 -0.33933269977569580078 -0.36119315028190612793 -0.36607572436332702637 -0.3759816288948059082 -0.37819904088973999023 -0.39923626184463500977 -0.38886412978172302246 -0.3569113612174987793 -0.3513310849666595459 -0.38220429420471191406 -0.41203144192695617676 -0.40992251038551330566 -0.37419348955154418945 -0.34206560254096984863
-0.28268533945083618164 -0.24334535002708435059 -0.22874754667282104492 -0.22350725531578063965 -0.21319366991519927979 -0.20553436875343322754 -0.1967277824878692627 -0.16591995954513549805 -0.12339890748262405396 -0.10189274698495864868 -0.11611887067556381226 -0.17383730411529541016 -0.26134347915649414062 -0.36181673407554626465 -0.3981456756591796875 -0.38567492365837097168 -0.28260251879692077637 -0.25116097927093505859 -0.27477630972862243652 -0.34237346053123474121 -0.35275954008102416992 -0.32290434837341308594 -0.29081550240516662598 -0.29834067821502685547 -0.29040727019309997559 -0.33543351292610168457 -0.41044527292251586914 -0.4889577329158782959 -0.50066131353378295898 -0.49699831008911132812 -0.50798285007476806641 -0.45812633633613586426 -0.39826083183288574219 -0.35876423120498657227 -0.35786366462707519531 -0.3631051480770111084 -0.39189797639846801758 -0.41763064265251159668 -0.40764880180358886719 -0.38490408658981323242 -0.3582884669303894043 -0.34804895520210266113
-0.27705737948417663574 -0.23433822393417358398 -0.21208895742893218994 -0.21294210851192474365 -0.22069697082042694092 -0.20239947736263275146 -0.16978780925273895264 -0.16956917941570281982 -0.19801154732704162598 -0.22750860452651977539 -0.26062047481536865234 -0.34311571717262268066 -0.40332043170928955078 -0.41070249676704406738 -0.36483281850814819336 -0.27877882122993469238 -0.21231169998645782471 -0.18083801865577697754 -0.21312376856803894043 -0.28544598817825317383 -0.32099768519401550293 -0.30871051549911499023 -0.25119411945343017578 -0.19379076361656188965 -0.17545951902866363525 -0.24219721555709838867 -0.3597571253776550293 -0.39809826016426086426 -0.35138332843780517578 -0.31819167733192443848 -0.34689787030220031738 -0.36071616411209106445 -0.33334749937057495117 -0.29098567366600036621 -0.27937757968902587891 -0.28085809946060180664 -0.26438999176025390625 -0.24466019868850708008 -0.22665244340896606445 -0.19849136471748352051 -0.18920435011386871338 -0.19347025454044342041
-0.190181732177734375 -0.18978071212768554688 -0.19445112347602844238 -0.19431377947330474854 -0.1827643662691116333 -0.17925381660461425781 -0.18568277359008789062 -0.18576234579086303711 -0.21479561924934387207 -0.26922938227653503418 -0.3399136662483215332 -0.37445598840713500977 -0.33172085881233215332 -0.27688014507293701172 -0.22795732319355010986 -0.18274268507957458496 -0.18524080514907836914 -0.23434489965438842773 -0.29046553373336791992 -0.31770300865173339844 -0.34817847609519958496 -0.3175811767578125 -0.22620916366577148438 -0.15351179242134094238 -0.14641202986240386963 -0.2018686830997467041 -0.25709182024002075195 -0.20747193694114685059 -0.12154573202133178711 -0.069206871092319488525 -0.086114443838596343994 -0.14072218537330627441 -0.17137841880321502686 -0.17900167405605316162 -0.20450314879417419434 -0.21042127907276153564 -0.14305296540260314941 -0.083383038640022277832 -0.063477918505668640137 -0.077507980167865753174 -0.12129624933004379272 -0.1095155179500579834
-0.12881666421890258789 -0.14820730686187744141 -0.16841870546340942383 -0.16783992946147918701 -0.17116363346576690674 -0.19361300766468048096 -0.22099196910858154297 -0.22733426094055175781 -0.23589570820331573486 -0.25380620360374450684 -0.24590089917182922363 -0.2114188075065612793 -0.17767035961151123047 -0.15615814924240112305 -0.15624998509883880615 -0.16786405444145202637 -0.19700784981250762939 -0.24160525202751159668 -0.28313055634498596191 -0.2914988100528717041 -0.23513807356357574463 -0.19181671738624572754 -0.1881570965051651001 -0.18362671136856079102 -0.21018549799919128418 -0.23837628960609436035 -0.22762598097324371338 -0.19191260635852813721 -0.1587893068790435791 -0.086236186325550079346 -0.010763222351670265198 -0.029077507555484771729 -0.065759278833866119385 -0.10366044193506240845 -0.11928598582744598389 -0.086324490606784820557 -0.092352464795112609863 -0.088028095662593841553 -0.061493299901485443115 -0.078113071620464324951 -0.10766844451427459717 -0.098498389124870300293
-0.15789483487606048584 -0.14955596625804901123 -0.15226086974143981934 -0.1515159904956817627 -0.16544803977012634277 -0.18406336009502410889 -0.19638721644878387451 -0.2061634361743927002 -0.19867391884326934814 -0.17838883399963378906 -0.15306755900382995605 -0.13626930117607116699 -0.12667194008827209473 -0.12429831922054290771 -0.11520531773567199707 -0.13459464907646179199 -0.15793313086032867432 -0.17319001257419586182 -0.16259466111660003662 -0.11753626912832260132 -0.06851527094841003418 -0.071155332028865814209 -0.11235543340444564819 -0.18314780294895172119 -0.21473483741283416748 -0.20143164694309234619 -0.13794678449630737305 -0.11804162710905075073 -0.14405225217342376709 -0.1738300323486328125 -0.14729703962802886963 -0.10786411166191101074 -0.088053107261657714844 -0.10300741344690322876 -0.094642974436283111572 -0.085595279932022094727 -0.10820818692445755005 -0.14392466843128204346 -0.14393144845962524414 -0.101850852370262146 -0.063331931829452514648 -0.06804621964693069458
-0.14340382814407348633 -0.13836081326007843018 -0.11385145038366317749 -0.10809865593910217285 -0.12321620434522628784 -0.12383329868316650391 -0.13577930629253387451 -0.16087241470813751221 -0.16507096588611602783 -0.14827351272106170654 -0.11380285024642944336 -0.065897740423679351807 -0.084002800285816192627 -0.10964970290660858154 -0.13427022099494934082 -0.168308258056640625 -0.18132665753364562988 -0.17636397480964660645 -0.14000682532787322998 -0.098477974534034729004 -0.078514613211154937744 -0.10681701451539993286 -0.14401145279407501221 -0.13912996649742126465 -0.12320087850093841553 -0.081758208572864532471 -0.064923800528049468994 -0.045743852853775024414 -0.068140879273414611816 -0.12164595723152160645 -0.16568465530872344971 -0.13100488483905792236 -0.094746902585029602051 -0.075233355164527893066 -0.070086799561977386475 -0.10240840166807174683 -0.14000168442726135254 -0.15000131726264953613 -0.13595288991928100586 -0.09662904590368270874 -0.068611919879913330078 -0.082562528550624847412
