scientific_paper_data/currents_velocity_components/u_component_jan_2018_1d.asc
ncols        360
nrows        156
xllcorner    -180.000000000000
yllcorner    -71.000000000000
cellsize     1.000000000000
NODATA_value  -9999
[rows 114 to 132 of 156, columns 126 to 167 of 360]
-9999 -9999 -9999 -9999 -0.072342894971370697021 -0.054002691060304641724 -0.13860483467578887939 -0.094567827880382537842 -0.086255997419357299805 -0.028774235397577285767 -0.029150424525141716003 -0.040069628506898880005 -0.031682964414358139038 -0.060792159289121627808 -0.018289187923073768616 0.0071889134123921394348 -0.047553565353155136108 -0.027663847431540489197 0.05566933751106262207 0.11273642629384994507 0.054755672812461853027 -0.020453361794352531433 -0.020142588764429092407 -0.071543030440807342529 -0.098395310342311859131 -0.055193040519952774048 0.0034912328701466321945 -0.017025880515575408936 -0.0095192352309823036194 -0.027061777189373970032 -0.06736488640308380127 -0.11877131462097167969 -0.078346028923988342285 -0.044227998703718185425 0.027707953006029129028 0.066223502159118652344 0.042592871934175491333 0.011115062050521373749 0.0042570587247610092163 0.0044279880821704864502 0.029144510626792907715 0.022416898980736732483
-9999 -9999 -9999 -9999 -0.092031098902225494385 -0.15203021466732025146 -0.10996863991022109985 0.14107595384120941162 0.22744260728359222412 0.14303830265998840332 0.0096575627103447914124 -0.020579367876052856445 -0.039561629295349121094 -0.052118513733148574829 -0.074118934571743011475 -0.045203614979982376099 0.044190023094415664673 0.076219201087951660156 0.033281028270721435547 0.077219955623149871826 0.085829749703407287598 -0.0030340282246470451355 -0.013942642137408256531 -0.03689678385853767395 -0.070061959326267242432 -0.1154405549168586731 -0.085677236318588256836 -0.056664451956748962402 -0.046609725803136825562 0.013828252442181110382 0.042602568864822387695 0.082810670137405395508 0.08262383192777633667 -0.0070794881321489810944 -0.036126807332038879395 -0.045563694089651107788 -0.031702172011137008667 -0.047435645014047622681 -0.062285866588354110718 -0.023229291662573814392 0.058346088975667953491 0.017240878194570541382
-9999 -9999 -9999 -0.085036315023899078369 -0.18424503505229949951 -0.18067969381809234619 0.052644655108451843262 0.027051793411374092102 -0.066899262368679046631 -0.13187006115913391113 -0.041514471173286437988 -0.043347120285034179688 -0.0053658927790820598602 0.069245189428329467773 0.056422248482704162598 0.031504139304161071777 0.037882778793573379517 0.020590757951140403748 -0.0053243120200932025909 -0.04918507114052772522 -0.061267539858818054199 0.0046946825459599494934 0.017356704920530319214 0.059194002300500869751 0.15253449976444244385 0.14197109639644622803 0.063689351081848144531 0.042638640850782394409 0.04617233574390411377 0.0064206221140921115875 -0.0019052120624110102654 0.033650323748588562012 0.062992222607135772705 0.055761799216270446777 -0.04005603492259979248 -0.087982147932052612305 -0.060452837496995925903 -0.033720362931489944458 -0.0075374608859419822693 0.02136989496648311615 0.0242041759192943573 0.12710456550121307373
-9999 -9999 -0.0119034620001912117 -0.018289228901267051697 -0.07013813406229019165 0.018461057916283607483 0.002472981112077832222 -0.037917647510766983032 -0.036791585385799407959 -0.043000426143407821655 -0.00044352555414661765099 0.029037548229098320007 0.080319419503211975098 0.0023764877114444971085 -0.0012757811928167939186 0.00049072853289544582367 -0.036667071282863616943 -0.050696875900030136108 -0.030588353052735328674 -0.049195155501365661621 -0.0048100729472935199738 0.049714796245098114014 0.074638143181800842285 0.098112098872661590576 0.10857068747282028198 0.17325818538665771484 0.17557188868522644043 0.18333260715007781982 0.13974991440773010254 0.064105778932571411133 0.079062521457672119141 0.067441105842590332031 0.033991139382123947144 0.04571912810206413269 0.010220069438219070435 -0.017206374555826187134 -0.032093565911054611206 0.044402077794075012207 0.062054686248302459717 0.045112129300832748413 -0.00072234839899465441704 -0.030945230275392532349
-9999 -0.014048952609300613403 -0.023492675274610519409 -0.22545541822910308838 -0.07007293403148651123 -0.07553256303071975708 0.0028835320845246315002 0.0029194927774369716644 -0.043621543794870376587 0.00096429383847862482071 -0.010869672521948814392 0.010324042290449142456 0.0041721262969076633453 0.0022783116437494754791 -0.016728863120079040527 -0.021228211000561714172 0.0043451394885778427124 -0.020823549479246139526 0.0029949245508760213852 0.0016694042133167386055 0.04181176796555519104 0.019625084474682807922 -0.018720401450991630554 -0.019101606681942939758 0.01257128547877073288 0.050457831472158432007 0.043086864054203033447 -0.028034681454300880432 0.013019842095673084259 0.04430486634373664856 0.045467641204595565796 0.069239899516105651855 -0.004320730455219745636 -0.026064749807119369507 0.03787996247410774231 0.12660729885101318359 0.10633145272731781006 0.0078458916395902633667 0.020448507741093635559 0.038921352475881576538 -0.0030635786242783069611 -0.024295965209603309631
-0.020996203646063804626 0.0081317350268363952637 -0.28417047858238220215 -0.13286259770393371582 -0.027213284745812416077 0.11412896960973739624 0.17431281507015228271 0.12564423680305480957 0.089713811874389648438 -0.033881016075611114502 0.0052299029193818569183 0.033765211701393127441 0.021372649818658828735 0.035187575966119766235 0.10963322967290878296 0.10163433849811553955 0.04007956385612487793 0.033863697201013565063 -0.0040268562734127044678 0.029976094141602516174 0.03702831268310546875 0.068681217730045318604 0.085478842258453369141 0.029373222962021827698 -0.052669961005449295044 -0.11340248584747314453 0.0068783233873546123505 0.052866294980049133301 -0.0085912225767970085144 -0.013907405547797679901 0.02049496769905090332 0.014803268015384674072 -0.016078554093837738037 0.012011852115392684937 0.04029960930347442627 0.0022054044529795646667 -0.021342255175113677979 0.014910766854882240295 -0.061627775430679321289 -0.097082927823066711426 -0.051033243536949157715 -0.036844551563262939453
0.090735845267772674561 -0.065291874110698699951 -0.12091848254203796387 0.074598841369152069092 0.28453546762466430664 0.1730922013521194458 0.074052289128303527832 0.065901860594749450684 0.061784438788890838623 -0.010524449869990348816 -0.079584710299968719482 -0.059813778847455978394 0.0093553438782691955566 -0.0053731389343738555908 0.00052951986435800790787 0.013476558029651641846 -0.0086788460612297058105 0.014211017638444900513 0.096443988382816314697 0.094120703637599945068 0.049127362668514251709 0.024294240400195121765 0.03212780877947807312 0.066148437559604644775 0.077921226620674133301 0.097521923482418060303 0.00057343766093254089355 0.018757935613393783569 0.066677942872047424316 0.12366170436143875122 0.083711557090282440186 -0.011279191821813583374 0.050461489707231521606 0.11628663539886474609 0.13390350341796875 0.11243005841970443726 0.075598359107971191406 -0.017679767683148384094 -0.04659496992826461792 0.0060450709424912929535 0.048071391880512237549 0.11392816901206970215
0.11163875460624694824 -0.16547735035419464111 0.17333246767520904541 0.32965636253356933594 0.1681378483772277832 -0.0048875557258725166321 -0.12747140228748321533 -0.10240655392408370972 0.06989514082670211792 0.10801422595977783203 0.13634984195232391357 0.018431728705763816833 0.010645998641848564148 -0.01590752042829990387 -0.080744244158267974854 0.029765395447611808777 0.056415196508169174194 0.040853608399629592896 0.045184001326560974121 0.0046860878355801105499 0.02008733898401260376 0.081925705075263977051 0.089130528271198272705 0.065384931862354278564 0.077095046639442443848 0.07808866351842880249 0.042265102267265319824 -0.011759443208575248718 0.021713020280003547668 0.0809000357985496521 0.04819706454873085022 0.098979420959949493408 0.12513093650341033936 0.094117902219295501709 0.10290873050689697266 0.11953127384185791016 0.15132157504558563232 0.15489695966243743896 0.20540037751197814941 0.16486001014709472656 0.19168722629547119141 0.16064588725566864014
-0.051703441888093948364 -0.075326442718505859375 0.032153137028217315674 -0.23235476016998291016 -0.2718436121940612793 -0.05745949968695640564 0.036463823169469833374 0.1696462780237197876 0.05670095980167388916 0.082583196461200714111 0.11804164201021194458 0.13011556863784790039 0.11310170590877532959 0.057766791433095932007 0.038890808820724487305 0.0022176764905452728271 0.07019128650426864624 0.071259580552577972412 0.10185614228248596191 0.10825209319591522217 0.026696722954511642456 -0.03549272194504737854 -0.026438672095537185669 0.045717287808656692505 0.023756122216582298279 0.061564106494188308716 0.11191926151514053345 0.098757542669773101807 0.061312779784202575684 0.015374132432043552399 0.016459656879305839539 0.0085461027920246124268 0.021661655977368354797 0.0065521351061761379242 0.016217904165387153625 0.083811208605766296387 0.14112551510334014893 0.12699671089649200439 0.097750745713710784912 0.06058025360107421875 -0.0062022823840379714966 -0.0094507243484258651733
0.13464584946632385254 -0.067946270108222961426 -0.26501980423927307129 -0.075114242732524871826 0.056910250335931777954 0.065025411546230316162 0.27309879660606384277 0.25713610649108886719 0.23469486832618713379 0.12625224888324737549 0.096378535032272338867 0.13329203426837921143 0.11546268314123153687 0.10287408530712127686 0.055139806121587753296 0.04961471259593963623 0.11240162700414657593 0.090492516756057739258 0.052029650658369064331 0.046085473150014877319 0.039016865193843841553 0.083380617201328277588 0.066923923790454864502 0.025522908195853233337 0.01954436860978603363 0.014042348600924015045 0.051815375685691833496 0.10036685317754745483 0.073368698358535766602 0.060674481093883514404 0.079252906143665313721 0.1375652700662612915 0.10818448662757873535 0.11895129084587097168 0.069984391331672668457 0.057109553366899490356 0.014150876551866531372 0.0090364627540111541748 0.059859856963157653809 0.096106894314289093018 0.071914099156856536865 0.10758566111326217651
0.15668419003486633301 0.13165363669395446777 0.10375797003507614136 -0.024100240319967269897 -0.043270912021398544312 0.024497348815202713013 0.02987921983003616333 0.075023122131824493408 0.098480992019176483154 0.14677791297435760498 0.12543082237243652344 0.14834772050380706787 0.17091161012649536133 0.24094791710376739502 0.19564414024353027344 0.037148673087358474731 0.026625124737620353699 0.12025599926710128784 0.080611467361450195312 0.10980254411697387695 0.16820445656776428223 0.11378244310617446899 0.079665012657642364502 0.13004443049430847168 0.10510993748903274536 0.041879933327436447144 -0.026621820405125617981 0.019244670867919921875 0.056818298995494842529 0.051959589123725891113 0.051181353628635406494 0.040142361074686050415 0.083740495145320892334 0.034846529364585876465 0.058022905141115188599 0.056362431496381759644 0.089399218559265136719 0.12903510034084320068 0.10250464826822280884 0.088186793029308319092 0.10142063349485397339 0.063827276229858398438
-0.09911365807056427002 0.27316486835479736328 0.45983681082725524902 0.48922196030616760254 0.3278681337833404541 0.12325601279735565186 -0.049606885761022567749 -0.033232070505619049072 0.021621156483888626099 0.20156909525394439697 0.21667619049549102783 0.17820246517658233643 0.23617605865001678467 0.23555891215801239014 0.26108610630035400391 0.26228982210159301758 0.15038390457630157471 0.086448431015014648438 0.14134258031845092773 0.029967764392495155334 0.079477265477180480957 0.25304481387138366699 0.25787621736526489258 0.23826433718204498291 0.20129048824310302734 0.13006240129470825195 0.079485490918159484863 0.11869741976261138916 0.11224594712257385254 0.055614396929740905762 0.067036762833595275879 0.14260858297348022461 0.1319739222526550293 0.11860486865043640137 0.099003709852695465088 0.057543799281120300293 0.027886088937520980835 0.04829286038875579834 0.075574181973934173584 0.048237495124340057373 0.0329305306077003479 0.023035734891891479492
-0.1032023206353187561 0.094881832599639892578 0.2048750072717666626 0.21030400693416595459 0.21617878973484039307 0.19802050292491912842 0.10336354374885559082 0.057571750134229660034 0.080582931637763977051 0.031371328979730606079 0.055733527988195419312 0.0069164545275270938873 -0.07454792410135269165 -0.11081681400537490845 -0.016197154298424720764 0.082690402865409851074 0.12796156108379364014 0.19483126699924468994 0.13298434019088745117 0.12405240535736083984 0.21829271316528320312 0.14818692207336425781 0.13262571394443511963 0.070369064807891845703 0.07560303807258605957 0.11442133039236068726 0.1920839846134185791 0.16533870995044708252 0.14567959308624267578 0.11855309456586837769 0.058737892657518386841 0.009851128794252872467 -0.027552274987101554871 0.055761810392141342163 0.076695494353771209717 0.083003498613834381104 0.094849593937397003174 0.10183379054069519043 0.065415628254413604736 0.021736543625593185425 0.040387388318777084351 0.029521716758608818054
0.19773162901401519775 0.26097416877746582031 0.13304539024829864502 -0.0075893639586865901947 -0.023515060544013977051 0.093114860355854034424 0.07728586345911026001 0.048419132828712463379 -0.025094278156757354736 -0.0049840761348605155945 -0.023874538019299507141 -0.044151611626148223877 -0.014780814759433269501 0.0040593370795249938965 0.0015887292101979255676 0.037570066750049591064 0.017306759953498840332 0.042963698506355285645 0.15586404502391815186 0.30132460594177246094 0.29987558722496032715 0.096897959709167480469 0.0044622379355132579803 0.0062476834282279014587 0.053410280495882034302 0.10242659598588943481 0.040103968232870101929 0.016460839658975601196 0.071738623082637786865 0.14805111289024353027 0.14555308222770690918 0.095316641032695770264 0.061621207743883132935 0.0023942950647324323654 0.047907102853059768677 0.031144704669713973999 0.063722364604473114014 0.15183013677597045898 0.26284581422805786133 0.25584894418716430664 0.10046289116144180298 0.044688373804092407227
0.19976462423801422119 0.19804356992244720459 0.023383241146802902222 -0.055395200848579406738 0.039246007800102233887 0.051260445266962051392 -0.014273148030042648315 -0.038301147520542144775 -0.012923151254653930664 -0.0082786045968532562256 0.0018379505490884184837 0.047000784426927566528 0.043967641890048980713 0.032168243080377578735 0.043073743581771850586 0.053792756050825119019 0.051822662353515625 0.037090189754962921143 0.034897316247224807739 0.012356512248516082764 -0.028609223663806915283 -0.019234450533986091614 -0.01491695549339056015 0.0057889507152140140533 0.076953940093517303467 0.1507072150707244873 0.23838113248348236084 0.24302504956722259521 0.17758235335350036621 0.12514388561248779297 0.10360983014106750488 0.18803396821022033691 0.25391754508018493652 0.24888372421264648438 0.11180856078863143921 0.10793881863355636597 0.12554904818534851074 0.13028204441070556641 0.1127666085958480835 0.12325735390186309814 0.13873584568500518799 0.15153460204601287842
-0.049835339188575744629 -0.11783792078495025635 -0.049388002604246139526 0.071734040975570678711 0.044167503714561462402 0.02322249487042427063 0.041176240891218185425 0.028555156663060188293 0.019487915560603141785 -0.0024320946540683507919 -0.00751322135329246521 0.0002777258632704615593 -0.0088404640555381774902 -0.051029171794652938843 -0.037528119981288909912 0.029847744852304458618 0.070091843605041503906 0.010485555976629257202 -0.063831366598606109619 -0.028558103367686271667 0.078953847289085388184 0.10361592471599578857 0.18357618153095245361 0.24869623780250549316 0.20472513139247894287 0.21873080730438232422 0.21345414221286773682 0.18463405966758728027 0.09737847745418548584 0.064603336155414581299 0.099600054323673248291 0.098820753395557403564 0.075785920023918151855 0.092965774238109588623 0.094088718295097351074 0.083165593445301055908 0.059360921382904052734 0.044282294809818267822 0.036653663963079452515 0.098545141518115997314 0.22015915811061859131 0.27388122677803039551
0.024308731779456138611 -0.063635095953941345215 0.047015611082315444946 0.023113831877708435059 0.0021658609621226787567 -0.0082529205828905105591 0.032287195324897766113 0.055399239063262939453 0.063239887356758117676 0.025956083089113235474 -0.00041493691969662904739 0.0088420901447534561157 0.055050164461135864258 0.028334036469459533691 0.045309294015169143677 0.02720229513943195343 0.019123012199997901917 0.069705478847026824951 0.084785252809524536133 0.070208489894866943359 -0.030274318531155586243 -0.034958362579345703125 0.024692228063941001892 0.17778943479061126709 0.17648032307624816895 0.099784322082996368408 0.042165450751781463623 0.10341314971446990967 0.051748540252447128296 0.085230305790901184082 0.19094444811344146729 0.20013196766376495361 0.11127084493637084961 0.081388294696807861328 0.14116898179054260254 0.15810096263885498047 0.12068275362253189087 0.16622510552406311035 0.12570908665657043457 0.096271499991416931152 0.19259810447692871094 0.32397052645683288574
0.27952876687049865723 0.27955684065818786621 0.13122604787349700928 0.12042365968227386475 0.096878372132778167725 0.037850454449653625488 -0.0067266440019011497498 0.047352556139230728149 0.091621227562427520752 0.082932785153388977051 0.11374095827341079712 0.12221416085958480835 0.15352626144886016846 0.1290896981954574585 0.074929319322109222412 0.07236404716968536377 0.022422341629862785339 0.11111907660961151123 -0.031368706375360488892 -0.10074547678232192993 0.045950904488563537598 0.15165999531745910645 0.28565958142280578613 0.2038396000862121582 0.14096839725971221924 0.13105471432209014893 0.063134633004665374756 0.071381211280822753906 0.19540987908840179443 0.25647845864295959473 0.22016224265098571777 0.11433028429746627808 0.075310662388801574707 0.098324760794639587402 0.14010478556156158447 0.1542024761438369751 0.14985032379627227783 0.060650940984487533569 0.070351541042327880859 0.069705702364444732666 -0.0081454385071992874146 0.019367944449186325073
-0.011363325640559196472 0.085538454353809356689 0.13115634024143218994 0.10233175009489059448 0.14324831962585449219 0.20407755672931671143 0.22059014439582824707 0.24421784281730651855 0.18123802542686462402 0.1589336395263671875 0.20753656327724456787 0.23492930829524993896 0.28024950623512268066 0.21123647689819335938 0.24019610881805419922 0.12801252305507659912 0.083596087992191314697 0.10860096663236618042 0.21538728475570678711 0.26108971238136291504 0.39309737086296081543 0.42667189240455627441 0.17367684841156005859 -0.010634103789925575256 0.014337470754981040955 0.17888543009757995605 0.219671592116355896 0.14159916341304779053 0.25445216894149780273 0.3138943016529083252 0.22593705356121063232 0.12339088320732116699 0.11466192454099655151 0.17244298756122589111 0.18889324367046356201 0.23148307204246520996 0.22167959809303283691 0.17102339863777160645 0.1531438976526260376 0.12980858981609344482 0.15255297720432281494 0.12830752134323120117
