scientific_paper_data/currents_velocity_components/v_component_jan_2018_1d.asc
ncols        360
nrows        156
xllcorner    -180.000000000000
yllcorner    -71.000000000000
cellsize     1.000000000000
NODATA_value  -9999
[rows 57 to 75 of 156, columns 42 to 83 of 360]
0.0015105401398614048958 -0.039730742573738098145 0.0039083501324057579041 0.040216185152530670166 -0.028539290651679039001 0.017751296982169151306 -0.006802871357649564743 -0.00092330662300810217857 -0.0091800913214683532715 0.015653703361749649048 0.022436970844864845276 -0.015970289707183837891 -0.037268348038196563721 -0.011748905293643474579 0.047487378120422363281 -0.0088238976895809173584 -0.021256921812891960144 -0.031343799084424972534 -0.012502247467637062073 -0.074564337730407714844 -0.11933656781911849976 -0.0010645949514582753181 -0.054696436971426010132 -9999 -9999 -0.026524890214204788208 -0.020184461027383804321 -9999 -9999 -9999 -9999 -9999 -9999 -9999 -9999 -9999 -9999 -9999 -9999 -9999 -9999 -0.042025629431009292603
-0.010001349262893199921 -0.049577318131923675537 0.023641940206289291382 0.062289085239171981812 0.0038729973603039979935 -0.046440917998552322388 -0.048551663756370544434 0.044903747737407684326 -0.010236582718789577484 -0.012516469694674015045 0.043595459312200546265 0.008588269352912902832 -0.042175143957138061523 -0.019650993868708610535 0.070591509342193603516 0.0028038928285241127014 -0.032872032374143600464 -0.086931332945823669434 0.015403902158141136169 0.05860433727502822876 -0.1067021787166595459 -0.086218044161796569824 -0.037768848240375518799 -0.026029905304312705994 -0.021532038226723670959 -9999 -0.020247474312782287598 0.0050233905203640460968 -0.020596910268068313599 -9999 -9999 -9999 -9999 -9999 -9999 -9999 -9999 -9999 -9999 -9999 -9999 -0.12673997879028320312
-0.01769943535327911377 0.00087857741164043545723 0.04161385074257850647 0.022671831771731376648 -0.0019503768999129533768 -0.015932116657495498657 0.00029755086870864033699 0.00068399606971070170403 0.0081147663295269012451 0.0038786637596786022186 0.028261987492442131042 -0.0048942668363451957703 0.029699999839067459106 -0.012329573743045330048 0.055928923189640045166 -0.046908717602491378784 -0.053091295063495635986 0.016985025256872177124 -0.027846058830618858337 -0.020451711490750312805 -0.038653261959552764893 -0.081642784178256988525 -0.056884109973907470703 -0.0078172627836465835571 -0.037339147180318832397 -0.064752504229545593262 -9999 -0.020857002586126327515 -0.015690224245190620422 -9999 -9999 -9999 -9999 -9999 -9999 -9999 -9999 -9999 -9999 -9999 -9999 -0.046385977417230606079
-0.0091584753245115280151 -0.028822822496294975281 0.047386672347784042358 0.039770267903804779053 -0.014423513785004615784 -0.030168263241648674011 -0.011380762793123722076 0.026625348255038261414 -0.015560141764581203461 0.03389810025691986084 0.063840687274932861328 -0.050348170101642608643 0.047084834426641464233 0.022167706862092018127 0.0054380120709538459778 -0.070777125656604766846 -0.084626920521259307861 0.0085427360609173774719 0.036191545426845550537 -0.063011683523654937744 -0.058287531137466430664 -0.054859705269336700439 0.027546403929591178894 -0.012861349619925022125 -0.045746698975563049316 -0.053130779415369033813 -9999 -9999 -0.022589117288589477539 -0.03682473301887512207 -9999 -9999 -9999 -9999 -9999 -9999 -9999 -9999 -9999 -9999 -0.10757366567850112915 0.049182150512933731079
-0.0044717187993228435516 0.016016734763979911804 0.086215771734714508057 0.01872364431619644165 -0.020705586299300193787 0.028847245499491691589 -0.060126330703496932983 0.010683149099349975586 0.013158872723579406738 0.0097827594727277755737 0.015998786315321922302 -0.0051932483911514282227 -0.020263101905584335327 0.053196448832750320435 0.044332910329103469849 -0.03447410091757774353 -0.051880378276109695435 0.044188231229782104492 -0.040252428501844406128 -0.044787421822547912598 -0.089967153966426849365 0.00086498033488169312477 0.0038746607024222612381 -0.079106889665126800537 -0.04592636600136756897 0.033209286630153656006 -0.086112730205059051514 -0.030983308330178260803 -9999 -0.013121208176016807556 -0.034095447510480880737 -9999 -9999 -9999 -9999 -9999 -9999 -9999 -9999 -9999 -0.065605714917182922363 0.16455754637718200684
-0.03168921545147895813 0.033600881695747375488 0.043892733752727508545 -0.025339828804135322571 0.0098166279494762420654 -0.00076770770829170942307 0.037887703627347946167 0.034126583486795425415 0.017163211479783058167 -0.014852381311357021332 -0.034268256276845932007 -0.0054898713715374469757 -0.022373409941792488098 0.065930329263210296631 0.044513963162899017334 0.018944308161735534668 -0.042071923613548278809 0.017529716715216636658 -0.047201622277498245239 -0.0099901948124170303345 -0.036909494549036026001 -0.018985878676176071167 -0.057603068649768829346 -0.052893552929162979126 0.0037899257149547338486 -0.042089506983757019043 -0.029685853049159049988 0.0078632077202200889587 0.037884678691625595093 -0.070797048509120941162 -0.13922896981239318848 0.044781982898712158203 -9999 -9999 -9999 -9999 -9999 -9999 -9999 -9999 0.077120058238506317139 0.043465320020914077759
-0.027335001155734062195 -0.018977813422679901123 0.021404426544904708862 0.0044912579469382762909 0.0021802927367389202118 0.00034656189382076263428 0.076622352004051208496 0.084421291947364807129 -0.048688571900129318237 -0.0073115504346787929535 -0.013538728468120098114 0.041055783629417419434 0.040862534195184707642 0.037925347685813903809 0.026967054232954978943 0.010166358202695846558 -0.01606411859393119812 -0.015751233324408531189 -0.062384907156229019165 -0.012924468144774436951 -0.030884213745594024658 -0.065855316817760467529 -0.087135113775730133057 0.025620356202125549316 0.067666962742805480957 -0.03744948655366897583 -0.094064787030220031738 0.055762730538845062256 0.0049257450737059116364 -0.1224031597375869751 -0.088200904428958892822 0.022027302533388137817 -0.0010030525736510753632 -9999 -9999 -9999 -9999 -9999 -9999 -9999 -9999 -0.030889581888914108276
0.051164314150810241699 -0.057754207402467727661 -0.016112001612782478333 0.010229457169771194458 0.01686685904860496521 0.005912998691201210022 0.12094357609748840332 0.065412044525146484375 -0.057661905884742736816 0.009387732483446598053 0.013720090501010417938 -0.0062531367875635623932 0.087622053921222686768 0.056178506463766098022 -0.0055169742554426193237 0.0021369259338825941086 0.01839569583535194397 -0.028021857142448425293 -0.091204941272735595703 -0.044926796108484268188 0.018554130569100379944 -0.041737485677003860474 -0.089612387120723724365 -0.0045298323966562747955 0.041878499090671539307 -0.01720225997269153595 -0.10486695170402526855 0.027947630733251571655 0.017511280253529548645 -0.074377998709678649902 -0.075398504734039306641 -0.036256037652492523193 -0.0086831366643309593201 -9999 -9999 -9999 -9999 -9999 -9999 -9999 -9999 -0.26224365830421447754
0.13731369376182556152 -0.031756736338138580322 -0.059227634221315383911 0.034887515008449554443 0.05142525210976600647 0.034090556204319000244 0.13098323345184326172 0.0031467033550143241882 -0.014642852358520030975 -0.021325275301933288574 0.015565360896289348602 -0.025033080950379371643 0.07908464968204498291 0.13102723658084869385 -0.020181493833661079407 0.0095937326550483703613 0.047663476318120956421 -0.028111239895224571228 -0.03338525816798210144 -0.058580931276082992554 -0.014115470461547374725 0.023759964853525161743 -0.079890765249729156494 0.013702049851417541504 0.0023531632032245397568 -0.019141368567943572998 -0.079763755202293395996 -0.025798223912715911865 0.057664584368467330933 -0.095968909561634063721 -0.0638368949294090271 -0.049679271876811981201 0.083980105817317962646 -9999 -9999 -9999 -9999 -9999 -9999 -9999 -9999 -9999
0.083224497735500335693 -0.0093746874481439590454 0.041895873844623565674 0.037034977227449417114 0.054293844848871231079 0.058519918471574783325 0.048211127519607543945 -0.0085751004517078399658 0.017204234376549720764 0.0037566304672509431839 0.011151181533932685852 0.0060218223370611667633 0.043034713715314865112 0.10412349551916122437 0.021927801892161369324 0.030641732737421989441 0.026713892817497253418 -0.0019701153505593538284 -0.01759638078510761261 -0.039340581744909286499 -0.022436877712607383728 0.006642375607043504715 -0.018523983657360076904 0.034592535346746444702 0.0072446502745151519775 -0.0013742716982960700989 -0.089706912636756896973 0.071196861565113067627 -0.0065786023624241352081 -0.087227247655391693115 -0.070632502436637878418 -0.00035531024332158267498 -0.09472735971212387085 0.069485783576965332031 -9999 -9999 -9999 -9999 -9999 -9999 -9999 -9999
0.04092728346586227417 0.037459235638380050659 0.061665166169404983521 0.042662110179662704468 0.04197404906153678894 0.070203967392444610596 -0.027049772441387176514 0.0006295243510976433754 0.040691919624805450439 0.06899722665548324585 0.015181604772806167603 0.023080660030245780945 0.057895608246326446533 0.012963311746716499329 0.037251077592372894287 0.07185865938663482666 0.011430935002863407135 -0.017133954912424087524 -0.00072552741039544343948 0.020126080140471458435 0.0040304185822606086731 -0.010791209526360034943 0.0017954452196136116982 0.056394472718238830566 0.0076883058063685894012 -0.0080137224867939949036 -0.057376720011234283447 0.011734092608094215393 0.026591563597321510315 -0.023847438395023345947 -0.042270902544260025024 -0.030331155285239219666 -0.092046171426773071289 -0.078873418271541595459 -0.020012736320495605469 0.073598779737949371338 0.012712534517049789429 -9999 -9999 -9999 -9999 -9999
0.0485820770263671875 0.075568117201328277588 0.07765719294548034668 0.087903857231140136719 0.093828342854976654053 0.05740251392126083374 -0.037468604743480682373 0.021436261013150215149 0.058895844966173171997 0.036856766790151596069 -1.7287696891798987053e-06 0.047242853790521621704 0.04869375377893447876 -0.035170268267393112183 0.02953290008008480072 0.07018013298511505127 0.030117623507976531982 -0.023804346099495887756 0.017534734681248664856 0.060293439775705337524 0.014175941236317157745 0.029088418930768966675 0.022103292867541313171 0.065612524747848510742 0.058546427637338638306 -0.019130036234855651855 -0.069198668003082275391 0.01888559386134147644 0.039722576737403869629 0.00031388123170472681522 -0.026610674336552619934 -0.022618712857365608215 0.032525680959224700928 -0.10073819756507873535 -0.086069025099277496338 0.048556178808212280273 0.015861615538597106934 0.014318180270493030548 -0.017343472689390182495 -9999 -9999 -9999
0.069968998432159423828 0.11470353603363037109 0.12241326272487640381 0.12340743094682693481 0.11889477074146270752 0.10664257407188415527 0.011257485486567020416 0.033517651259899139404 0.051405757665634155273 0.0064840521663427352905 0.0029063590336591005325 0.064871527254581451416 0.051311980932950973511 0.016208449378609657288 0.035227086395025253296 0.023658551275730133057 0.0037895224522799253464 0.010262628085911273956 0.10420498251914978027 0.12325346469879150391 0.017955822870135307312 -0.037528105080127716064 0.03125727921724319458 0.091564670205116271973 0.13338617980480194092 0.035067070275545120239 -0.011011620983481407166 -0.035290665924549102783 0.00086832430679351091385 0.031772729009389877319 -0.0083593102172017097473 -0.00066336832242086529732 0.102674141526222229 0.032587930560111999512 -0.076064229011535644531 0.0055009657517075538635 0.0042335158213973045349 -0.044814482331275939941 0.052152421325445175171 -0.0094503359869122505188 -0.1694520413875579834 -0.020282166078686714172
0.078344568610191345215 0.10769151151180267334 0.08440424501895904541 0.15604200959205627441 0.11902625858783721924 0.1027317047119140625 0.084034085273742675781 0.065607972443103790283 0.050935313105583190918 -0.0047447076067328453064 -0.0013398852897807955742 0.054184317588806152344 0.057404953986406326294 0.047787617892026901245 0.058079916983842849731 0.079234048724174499512 0.057057928293943405151 0.054888401180505752563 0.11464939266443252563 0.13637015223503112793 0.059568330645561218262 0.012436470016837120056 0.046071805059909820557 0.091358892619609832764 0.11105502396821975708 0.051781475543975830078 0.014702461659908294678 -0.049487754702568054199 0.0086367614567279815674 0.095770671963691711426 0.017134416848421096802 -0.0071010193787515163422 0.059430152177810668945 0.065416872501373291016 -0.02673880942165851593 0.044805109500885009766 0.0058190142735838890076 -0.020772358402609825134 0.17521838843822479248 0.18227541446685791016 -0.3309815526008605957 -0.15578733384609222412
0.052882280200719833374 0.094193801283836364746 0.060215666890144348145 0.11473370343446731567 0.13055245578289031982 0.10160651057958602905 0.11106496304273605347 0.088105231523513793945 0.055623285472393035889 0.0071258270181715488434 0.017655277624726295471 0.058838989585638046265 0.058734182268381118774 0.052418511360883712769 0.076076559722423553467 0.12886169552803039551 0.12825725972652435303 0.092838160693645477295 0.078886166214942932129 0.089638687670230865479 0.10421732813119888306 0.10269134491682052612 0.083805344998836517334 0.038783803582191467285 0.073558911681175231934 0.052763182669878005981 0.041608288884162902832 0.022105919197201728821 0.040151514112949371338 0.11545114219188690186 0.080808103084564208984 -0.016271440312266349792 -0.014638164080679416656 0.063547007739543914795 0.053851582109928131104 0.074637852609157562256 -0.021188817918300628662 -0.048509657382965087891 0.10681387037038803101 0.18054981529712677002 -0.18137703835964202881 -0.29685434699058532715
0.016635552048683166504 0.060899022966623306274 0.08667831122875213623 0.099518649280071258545 0.10700435936450958252 0.095857225358486175537 0.1162073090672492981 0.11395426839590072632 0.069389812648296356201 0.044672422111034393311 0.06473325192928314209 0.10468430072069168091 0.087456732988357543945 0.061690587550401687622 0.10826812684535980225 0.14644251763820648193 0.12514394521713256836 0.11544280499219894409 0.12600880861282348633 0.10142081230878829956 0.13240925967693328857 0.12994219362735748291 0.076075576245784759521 0.054843951016664505005 0.0650232657790184021 0.077579706907272338867 0.072884880006313323975 0.057254426181316375732 0.053945593535900115967 0.098957970738410949707 0.093250818550586700439 0.034894522279500961304 0.028565844520926475525 0.11297303438186645508 0.15113946795463562012 0.010223687626421451569 -0.136707305908203125 -0.09055805206298828125 -0.04535311087965965271 0.019313786178827285767 -0.039651107043027877808 -0.084133803844451904297
0.03091576695442199707 0.069204963743686676025 0.1379130929708480835 0.15824417769908905029 0.073935016989707946777 0.058424323797225952148 0.10955705493688583374 0.13862696290016174316 0.12330266088247299194 0.077751807868480682373 0.077510058879852294922 0.14387711882591247559 0.14347529411315917969 0.081903681159019470215 0.12589381635189056396 0.15940858423709869385 0.16502545773983001709 0.12857711315155029297 0.12737232446670532227 0.13353836536407470703 0.13507191836833953857 0.13445323705673217773 0.087704703211784362793 0.082862086594104766846 0.09993572533130645752 0.078589893877506256104 0.056302573531866073608 0.066834911704063415527 0.11862543970346450806 0.17557372152805328369 0.18501383066177368164 0.12990784645080566406 0.13705234229564666748 0.12597770988941192627 -0.020091600716114044189 -0.15693233907222747803 -0.16264221072196960449 -0.0073706330731511116028 0.040238194167613983154 -0.0084073310717940330505 -0.0015207610558718442917 0.051803614944219589233
0.15783551335334777832 0.11906632781028747559 0.10570432990789413452 0.1429106593132019043 0.052986316382884979248 0.044779706746339797974 0.12024208903312683105 0.21600927412509918213 0.18469114601612091064 0.10607918351888656616 0.078333117067813873291 0.13776399195194244385 0.13156493008136749268 0.11021742969751358032 0.15327383577823638916 0.1666498035192489624 0.15333785116672515869 0.13154202699661254883 0.11050213128328323364 0.11992029100656509399 0.1178432852029800415 0.13009621202945709229 0.10767404735088348389 0.093818657100200653076 0.10371749848127365112 0.10042907297611236572 0.084797069430351257324 0.10771536827087402344 0.16736444830894470215 0.22722707688808441162 0.22205644845962524414 0.15390673279762268066 0.091703839600086212158 0.017816727980971336365 -0.10678800195455551147 -0.12717592716217041016 -0.050471391528844833374 0.062146689742803573608 0.082307197153568267822 0.023920873180031776428 0.07750209420919418335 0.18163052201271057129
0.29230132699012756348 0.14605160057544708252 -0.0039310357533395290375 0.01963850855827331543 -0.035164520144462585449 0.030659520998597145081 0.1612590104341506958 0.2147359997034072876 0.18531742691993713379 0.14764992892742156982 0.079789757728576660156 0.073542989790439605713 0.077857077121734619141 0.096098959445953369141 0.13435856997966766357 0.16086180508136749268 0.096595980226993560791 0.074664853513240814209 0.093104898929595947266 0.11194078624248504639 0.11452376842498779297 0.099212005734443664551 0.086076714098453521729 0.082861073315143585205 0.067589938640594482422 0.094928868114948272705 0.11821322888135910034 0.14959439635276794434 0.17179992794990539551 0.1952139735221862793 0.17640843987464904785 0.10536561161279678345 0.044897377490997314453 -0.00042595379636622965336 -0.035813391208648681641 -0.00023865613911766558886 0.074793264269828796387 0.13823206722736358643 0.13653674721717834473 0.081166669726371765137 0.080281175673007965088 0.20500332117080688477
