scientific_paper_data/currents_velocity_components/v_component_jan_2018_1d.asc
ncols        360
nrows        156
xllcorner    -180.000000000000
yllcorner    -71.000000000000
cellsize     1.000000000000
NODATA_value  -9999
[rows 19 to 37 of 156, columns 126 to 167 of 360]
-0.00081477331696078181267 -9999 -9999 -9999 -9999 -9999 -9999 -9999 -9999 -9999 -9999 -9999 -9999 -9999 -9999 -0.00076939439168199896812 0.06959377974271774292 -0.11024749279022216797 -0.093836583197116851807 0.030142715200781822205 -0.14892069995403289795 -0.089478448033332824707 0.018706355243921279907 -0.016700327396392822266 -0.037064813077449798584 0.12824006378650665283 0.068623632192611694336 0.026209756731986999512 0.029675884172320365906 0.02067050151526927948 -9999 0.021137576550245285034 -9999 -9999 -9999 -9999 -9999 -9999 -9999 -9999 -0.013356368988752365112 -0.014719642698764801025
-0.026984542608261108398 0.21527214348316192627 -9999 -9999 -9999 -9999 -9999 -9999 -9999 -9999 -9999 -9999 -9999 -9999 -0.27083104848861694336 -0.070133343338966369629 0.010882575996220111847 -0.008444202132523059845 -0.10145153850317001343 -0.047190330922603607178 -0.0049614878371357917786 -0.024419333785772323608 0.022547366097569465637 -0.013657672330737113953 0.17129021883010864258 0.12480914592742919922 0.074120849370956420898 0.0080077275633811950684 0.011245021596550941467 0.026612510904669761658 0.025429865345358848572 0.024511378258466720581 -9999 -9999 -9999 -9999 -9999 -9999 -9999 -9999 -0.0062203244306147098541 0.042452529072761535645
0.015037179924547672272 0.060149531811475753784 0.1883757859468460083 -9999 -9999 -9999 -9999 -9999 -9999 -9999 -9999 -9999 -9999 -0.38170644640922546387 -0.018639378249645233154 -0.040227964520454406738 -0.12987893819808959961 -0.11936819553375244141 -0.064089812338352203369 -0.013580060563981533051 0.024953445419669151306 0.043970406055450439453 0.05686516687273979187 -0.021944120526313781738 0.126041412353515625 0.10837630927562713623 0.12982922792434692383 0.077970802783966064453 0.021856958046555519104 0.027217879891395568848 0.0074336319230496883392 0.020058274269104003906 -0.0025143437087535858154 -0.0058773998171091079712 -9999 -9999 0.089439019560813903809 -0.027073981240391731262 0.009351794607937335968 -0.045394431799650192261 0.13659851253032684326 -0.12018755078315734863
-0.021602857857942581177 0.11277858912944793701 0.19025829434394836426 0.14664518833160400391 -9999 -9999 -9999 -9999 -9999 -9999 -9999 -9999 -0.2614033818244934082 -0.40830376744270324707 -0.16069330275058746338 -0.066226966679096221924 0.0064402921125292778015 -0.025068722665309906006 0.0099840983748435974121 0.038337361067533493042 0.026705399155616760254 0.042253244668245315552 0.012747512198984622955 0.054702822118997573853 0.083673037588596343994 0.090433076024055480957 0.085718870162963867188 0.087734863162040710449 0.029604949057102203369 -0.037748746573925018311 -0.0054653938859701156616 0.0012187219690531492233 0.0032772284466773271561 -0.030074635520577430725 -0.00088963576126843690872 0.012796186842024326324 0.00063677213620394468307 0.035857439041137695312 0.032160274684429168701 0.044648122042417526245 0.10406049340963363647 0.065469272434711456299
-0.026671489700675010681 -9.4914634246379137039e-05 0.17397800087928771973 0.30189099907875061035 0.072672352194786071777 -9999 -9999 -9999 -9999 -9999 -9999 -9999 -0.36017996072769165039 -0.29430383443832397461 -0.084410898387432098389 -0.034240707755088806152 0.0052687111310660839081 0.0064169610850512981415 0.049510601907968521118 0.035705268383026123047 0.030646160244941711426 0.036994028836488723755 0.0031000392045825719833 0.048120640218257904053 0.10277673602104187012 0.13688328862190246582 0.061261489987373352051 -0.048987008631229400635 -0.033943343907594680786 0.0050153117626905441284 -0.00031231043976731598377 0.015232487581670284271 0.0071285706944763660431 0.027783952653408050537 0.025968423113226890564 0.040690582245588302612 0.022992087528109550476 0.010781565681099891663 0.057870656251907348633 0.084546856582164764404 0.012839782051742076874 0.0026136226952075958252
-0.016670092940330505371 -0.0028623247053474187851 -0.033422693610191345215 0.0021863677538931369781 0.2851397097110748291 0.23773545026779174805 -0.017754366621375083923 -0.010829858481884002686 0.028857670724391937256 -9999 -9999 -0.31699669361114501953 -0.40553754568099975586 -0.079282678663730621338 -0.027557114139199256897 0.00077138573396950960159 0.014630821533501148224 0.018723106011748313904 0.033300843089818954468 0.049871403723955154419 0.027250658720731735229 0.025889698415994644165 0.021983373910188674927 0.13950070738792419434 0.079248905181884765625 -0.013529204763472080231 -0.06105689704418182373 -0.023151576519012451172 0.016100935637950897217 0.010793711058795452118 0.0090072024613618850708 0.041369479149580001831 0.018400596454739570618 0.033275071531534194946 0.038814742118120193481 0.022793240845203399658 0.029627045616507530212 0.015564764849841594696 0.048589937388896942139 0.11889714747667312622 0.057746805250644683838 0.0030280363280326128006
-0.015429166145622730255 -0.016755884513258934021 -0.015877816826105117798 -0.018534049391746520996 -0.0070810266770422458649 -0.0099914073944091796875 0.021715568378567695618 0.35321858525276184082 0.077015809714794158936 -0.0096532832831144332886 -0.15327559411525726318 -0.31402879953384399414 -0.16302400827407836914 -0.025034850463271141052 0.0029114852659404277802 0.0096772694960236549377 0.012742250226438045502 0.024714715778827667236 0.026459468528628349304 0.017679488286375999451 0.031687073409557342529 0.026628587394952774048 0.10296863317489624023 0.075681500136852264404 -0.061273176223039627075 -0.062299560755491256714 -0.01464253012090921402 0.00042825826676562428474 0.0054512517526745796204 0.028086697682738304138 0.038310464471578598022 0.073431678116321563721 0.080752365291118621826 -0.031602904200553894043 -0.030313799157738685608 0.15007390081882476807 0.055083874613046646118 -0.014549280516803264618 0.015280515886843204498 0.033527616411447525024 0.042307123541831970215 9.1280628112144768238e-05
-0.014868498779833316803 -0.015262245200574398041 0.0017661971505731344223 -0.0052425186149775981903 -0.023330017924308776855 -0.022445041686296463013 -0.025586416944861412048 0.021652463823556900024 0.00065969728166237473488 0.0053883637301623821259 -0.080627784132957458496 -0.033438179641962051392 -0.00036952039226889610291 0.00076007447205483913422 -0.005443649832159280777 0.033750217407941818237 0.0093120662495493888855 0.026794016361236572266 0.015946203842759132385 0.050411377102136611938 -0.021834434941411018372 0.064152181148529052734 0.033205579966306686401 -0.057549461722373962402 -0.043115004897117614746 0.0043533341959118843079 -0.0039858128875494003296 0.039727330207824707031 0.048391737043857574463 0.027977215126156806946 0.060989979654550552368 0.026290740817785263062 0.020076211541891098022 0.044156402349472045898 0.096193097531795501709 -0.00057290267432108521461 0.0024707992561161518097 0.041320271790027618408 0.00041136110667139291763 -0.00787049904465675354 -0.0040321392007172107697 0.035762745887041091919
-0.011952083557844161987 0.013965086080133914948 0.021222524344921112061 -0.020217616111040115356 -0.01979693584144115448 -0.038581237196922302246 -0.031976692378520965576 -0.0075144097208976745605 -0.018906308338046073914 -0.0044225808233022689819 0.01200033724308013916 -0.011921048164367675781 -0.015530515462160110474 -0.017708092927932739258 0.0173558015376329422 0.0084429932758212089539 0.0035518840886652469635 0.013179605826735496521 0.017713848501443862915 0.05484676361083984375 0.031497459858655929565 -0.007160781417042016983 -0.054166983813047409058 -0.0087742414325475692749 -0.010982148349285125732 0.022707493975758552551 -0.025984708219766616821 0.044530835002660751343 -0.017272239550948143005 0.084559895098209381104 0.13107593357563018799 -0.060121390968561172485 0.092047132551670074463 0.11604318767786026001 -0.025089159607887268066 -0.0086433803662657737732 0.036851178854703903198 0.011792299337685108185 -0.010271443985402584076 -0.041685741394758224487 0.0083183282986283302307 0.071098379790782928467
-0.0091717261821031570435 0.0026807121466845273972 0.021484591066837310791 0.015876097604632377625 -0.057693250477313995361 -0.022659828886389732361 -0.019587414339184761047 -0.01287358161062002182 -0.019319148734211921692 -0.020100718364119529724 -0.020616775378584861755 -0.02006869390606880188 -0.0064995898865163326263 -0.0085088731721043586731 -0.0038987807929515838623 0.0082096485421061515808 0.015634408220648765564 -0.0059120426885783672333 0.037022054195404052734 0.0042949351482093334198 -0.0091980164870619773865 -0.02108538895845413208 -0.031689122319221496582 -0.0067498506978154182434 0.030542325228452682495 0.022279717028141021729 -0.012645435519516468048 0.028197128325700759888 0.11871556937694549561 0.034573957324028015137 -0.047620024532079696655 0.021819867193698883057 0.10376369208097457886 0.038079231977462768555 -0.0058940988965332508087 0.023629494011402130127 0.024265773594379425049 -0.013447524979710578918 -0.021905511617660522461 0.0081611704081296920776 -0.03072584979236125946 0.045157708227634429932
-0.11101393401622772217 -0.01789676956832408905 -0.013433370739221572876 0.070398129522800445557 0.011548918671905994415 -0.054420992732048034668 -0.025848316028714179993 -0.0046878042630851268768 -0.019234383478760719299 -0.019591238349676132202 -0.031758081167936325073 -0.015042528510093688965 -0.0084163676947355270386 -0.021072430536150932312 -0.0049068355001509189606 0.019116353243589401245 -0.0080940956249833106995 0.0048884162679314613342 0.0023272517137229442596 -0.0075626503676176071167 -0.036767724901437759399 -0.01101652439683675766 0.0016690189950168132782 0.062098454684019088745 -0.025611657649278640747 -0.0071398094296455383301 0.067391164600849151611 0.10007838159799575806 -0.012753303162753582001 -0.038203731179237365723 -0.0059348321519792079926 0.0043519958853721618652 0.011295834556221961975 0.087397865951061248779 0.071761846542358398438 0.029446257278323173523 -0.0031181587837636470795 -0.011567619629204273224 -0.0048375721089541912079 -0.014968901872634887695 0.059477023780345916748 0.044544853270053863525
-0.24500508606433868408 -0.2555688321590423584 -0.09013150632381439209 0.048722863197326660156 0.03934132307767868042 -0.023118913173675537109 -0.076179139316082000732 0.002559161745011806488 0.015243474394083023071 -0.016501870006322860718 -0.045973826199769973755 -0.015464907512068748474 -0.054113283753395080566 -0.024226708337664604187 0.0070113292895257472992 -0.0011963499709963798523 -0.024019390344619750977 0.0039734453894197940826 0.0039001081604510545731 -0.037819691002368927002 -0.0081936623901128768921 -0.012142887338995933533 0.052365962415933609009 -0.016719706356525421143 0.0046645277179777622223 -0.029525253921747207642 0.093325383961200714111 0.04182459414005279541 -0.038284271955490112305 -0.0096036633476614952087 0.061097610741853713989 0.055272847414016723633 -0.026967728510499000549 0.06655788421630859375 0.021809995174407958984 -0.00067291862796992063522 -0.0024413226637989282608 -0.035071253776550292969 0.0021534445695579051971 0.055339045822620391846 0.010238374583423137665 -0.0023071018513292074203
-0.20586663484573364258 -0.2325779646635055542 -0.26711377501487731934 0.0048439004458487033844 0.070552647113800048828 0.00020021546515636146069 -0.041556380689144134521 0.0042353672906756401062 -0.01348090730607509613 -0.02939107455313205719 0.0015801594126969575882 -0.015932612121105194092 -0.024816136807203292847 -0.038869652897119522095 -0.038951180875301361084 -0.040948972105979919434 -0.01049700472503900528 -0.017185632139444351196 -0.026104446500539779663 -0.014279434457421302795 0.026382476091384887695 0.0079164840281009674072 0.035851173102855682373 -0.01329663395881652832 -0.015942260622978210449 0.0566729716956615448 0.051393359899520874023 0.058687102049589157104 0.0025834692642092704773 -0.036838218569755554199 0.06076839938759803772 0.03865166008472442627 -0.060705460608005523682 -0.037471584975719451904 -0.013217561878263950348 0.0070938416756689548492 0.011457196436822414398 0.051802698522806167603 0.04605343937873840332 0.0014272194821387529373 -0.019946590065956115723 -0.029980570077896118164
-0.085511036217212677002 -0.024078782647848129272 -0.30630645155906677246 -0.22547112405300140381 0.03548100590705871582 0.08718706667423248291 -0.0091290557757019996643 0.037577886134386062622 -0.022508129477500915527 -0.019521735608577728271 0.041455693542957305908 0.047868702560663223267 -0.11779984086751937866 -0.045421976596117019653 -0.033387724310159683228 -0.006248734891414642334 -0.056891892105340957642 -0.058267679065465927124 -0.02875750325620174408 -0.0084268432110548019409 0.055185791105031967163 0.032112557440996170044 0.027218043804168701172 0.01687501370906829834 0.0076732737943530082703 -0.010252654552459716797 -0.051462762057781219482 0.077902689576148986816 0.034528777003288269043 0.068890698254108428955 -0.011556277051568031311 -0.066080391407012939453 -0.056823868304491043091 0.0097429770976305007935 0.081151619553565979004 0.064385153353214263916 -0.0065841935575008392334 -0.0051134456880390644073 -0.0066020330414175987244 -0.056624874472618103027 -0.011279425583779811859 -0.013552532531321048737
-0.096582740545272827148 -0.034818604588508605957 -0.039152983576059341431 -0.23384422063827514648 -0.2162030339241027832 -0.0030378452502191066742 0.06388654559850692749 0.034264840185642242432 0.089513108134269714355 0.16104540228843688965 -0.090063400566577911377 -0.040907818824052810669 -0.009665273129940032959 -0.10985955595970153809 -0.053533591330051422119 0.05948309972882270813 -0.0071894372813403606415 0.021185498684644699097 -0.073753498494625091553 0.048839159309864044189 -0.12467589974403381348 0.021775783970952033997 0.15112157166004180908 0.05306424945592880249 -0.025676734745502471924 -0.15380802750587463379 -0.042381159961223602295 0.15591669082641601562 -0.10300818830728530884 -0.0082472553476691246033 0.10848044604063034058 -0.041929975152015686035 -0.067513421177864074707 -0.046622939407825469971 0.086458466947078704834 0.086628600955009460449 -0.034061837941408157349 -0.059162966907024383545 -0.014110475778579711914 -0.037814639508724212646 -0.017432082444429397583 -0.0091969585046172142029
-0.069273062050342559814 -0.04366907849907875061 -0.042852587997913360596 -0.13654530048370361328 -0.15448600053787231445 -0.094121985137462615967 0.0068181273527443408966 0.061784956604242324829 0.16088986396789550781 0.22596873342990875244 -0.076880916953086853027 -0.16663341224193572998 0.023898964747786521912 0.067895904183387756348 -0.091081038117408752441 -0.073497459292411804199 -0.0023240407463163137436 0.032609198242425918579 -0.012860460206866264343 -0.0076744873076677322388 -0.022764276713132858276 0.017077021300792694092 0.037032939493656158447 -0.10078819096088409424 -0.0024002864956855773926 0.072384946048259735107 -0.0095492536202073097229 -0.025544671341776847839 -0.050110027194023132324 0.016092771664261817932 0.02392539195716381073 -0.031140336766839027405 -0.036601867526769638062 -0.02444522269070148468 0.078731834888458251953 0.036669682711362838745 -0.032502479851245880127 -0.057912968099117279053 -0.012282113544642925262 -0.005664055701345205307 -0.029066197574138641357 -0.0231076851487159729
-0.15591509640216827393 -0.175676688551902771 -0.061436664313077926636 -0.10525937378406524658 -0.18677888810634613037 -0.10978681594133377075 -0.044388584792613983154 -0.021239373832941055298 0.033859327435493469238 0.11818087846040725708 0.1664600372314453125 0.011861376464366912842 0.12394677102565765381 0.061416693031787872314 -0.14193333685398101807 -0.061149995774030685425 0.12046089023351669312 -0.066547207534313201904 -0.087372750043869018555 0.018565438687801361084 -0.041683766990900039673 0.0026950472965836524963 -0.032275039702653884888 0.00039526348700746893883 -0.047909367829561233521 0.048265948891639709473 0.007074050605297088623 -0.048495911061763763428 -0.017983535304665565491 0.018533950671553611755 0.01148291025310754776 -0.052340812981128692627 -0.019956575706601142883 0.026110650971531867981 0.051663450896739959717 0.0065774451941251754761 -0.05479069054126739502 -0.0048518232069909572601 -0.036954350769519805908 -0.045351315289735794067 0.0051747807301580905914 -0.030315117910504341125
-9999 -0.17984059453010559082 -0.024187941104173660278 -0.086211591958999633789 -0.26197361946105957031 -0.11587436497211456299 -0.041480991989374160767 0.033551014959812164307 -0.026770804077386856079 -0.083036914467811584473 0.071694999933242797852 0.29870063066482543945 0.12277744710445404053 -0.039078943431377410889 -0.12447479367256164551 0.051488820463418960571 -0.004197892267256975174 -0.11503840982913970947 -0.13628846406936645508 0.098372094333171844482 0.035955306142568588257 -0.078899264335632324219 -0.012832634150981903076 0.012033076956868171692 -0.0077869463711977005005 0.15866957604885101318 0.025469155982136726379 -0.051027260720729827881 -0.12570250034332275391 0.067791670560836791992 0.10062955319881439209 -0.069184228777885437012 -0.12900137901306152344 0.01861159689724445343 -0.024750065058469772339 -0.034094788134098052979 -0.015008160844445228577 0.059685789048671722412 -0.060111232101917266846 -0.054063923656940460205 -0.021649844944477081299 -0.0069627459160983562469
-9999 -0.1541363447904586792 -0.075793623924255371094 -0.031615037471055984497 -0.017388977110385894775 -0.11723995208740234375 -0.22808831930160522461 -0.073551222681999206543 -0.02028301730751991272 -0.065570876002311706543 -0.029032638296484947205 0.25557026267051696777 0.044928152114152908325 0.3197841942310333252 -0.044961147010326385498 -0.2501137852668762207 0.033448293805122375488 -0.080785863101482391357 -0.037485681474208831787 -0.031525116413831710815 0.02513097226619720459 -0.04549061506986618042 0.04682056233286857605 0.050888154655694961548 -0.13090038299560546875 0.097945347428321838379 0.038697801530361175537 -0.0095916166901588439941 -0.121175423264503479 0.033064275979995727539 0.057842005044221878052 -0.061246335506439208984 -0.090956740081310272217 0.049958933144807815552 -0.025828827172517776489 -0.046264197677373886108 -0.040620930492877960205 0.0088869556784629821777 -0.032598286867141723633 -0.02950382232666015625 -0.021428495645523071289 -0.015523183159530162811
