scientific_paper_data/currents_velocity_components/v_component_jan_2018_1d.asc
ncols        360
nrows        156
xllcorner    -180.000000000000
yllcorner    -71.000000000000
cellsize     1.000000000000
NODATA_value  -9999
[rows 76 to 94 of 156, columns 126 to 167 of 360]
0.14621528983116149902 0.32621094584465026855 0.29020714759826660156 -0.12791004776954650879 -0.33955514430999755859 -0.1438140571117401123 -0.011113658547401428223 0.066254086792469024658 0.090364225208759307861 0.068637914955615997314 0.061803698539733886719 0.076417453587055206299 0.07897672802209854126 0.061735823750495910645 0.04969657212495803833 0.12177089601755142212 0.22403818368911743164 0.19401367008686065674 0.048577461391687393188 -0.011705399490892887115 -0.01654792390763759613 0.033327698707580566406 0.10207919031381607056 0.20323446393013000488 0.11644128710031509399 -0.01574485190212726593 -0.001725759473629295826 0.0082178357988595962524 0.011004374362528324127 0.02799417451024055481 0.015328024514019489288 -0.02350768260657787323 0.057373967021703720093 0.066398836672306060791 0.043294265866279602051 -0.01325220055878162384 -0.041583023965358734131 -0.078574821352958679199 -0.013894530944526195526 -0.060432709753513336182 -0.021913234144449234009 -9999
0.27731019258499145508 0.50945520401000976562 0.51769745349884033203 0.073037117719650268555 -0.35832732915878295898 -0.28618952631950378418 -0.070866093039512634277 0.085137926042079925537 0.12451290339231491089 0.084169261157512664795 0.045672170817852020264 0.056926049292087554932 0.051394764333963394165 0.00025740385171957314014 0.082567155361175537109 0.28732305765151977539 0.39268168807029724121 0.22068223357200622559 -0.04111688956618309021 -0.1673860400915145874 -0.1565586477518081665 0.040051586925983428955 0.16983766853809356689 0.2183367609977722168 0.12599690258502960205 -0.039098054170608520508 -0.047628551721572875977 -0.035828471183776855469 -0.047055393457412719727 0.034453019499778747559 0.10457433015108108521 0.04302283748984336853 0.017841754481196403503 0.057085614651441574097 0.031082019209861755371 -0.019229894503951072693 -0.010886405594646930695 -0.043837580829858779907 -0.048294194042682647705 -0.12395992875099182129 -0.039950929582118988037 -9999
0.38473811745643615723 0.65354192256927490234 0.75640475749969482422 0.37407520413398742676 -0.013075234368443489075 -0.14080832898616790771 -0.043513350188732147217 0.10589394718408584595 0.17589478194713592529 0.17071193456649780273 0.075779624283313751221 -0.028681946918368339539 -0.1068461984395980835 -0.082011565566062927246 0.11077574640512466431 0.3481311798095703125 0.32470929622650146484 0.15637461841106414795 -0.099164940416812896729 -0.22862766683101654053 -0.22001034021377563477 0.024547606706619262695 0.16027919948101043701 0.18404418230056762695 0.083205096423625946045 -0.049571525305509567261 -0.071443036198616027832 -0.055103566497564315796 -0.076845355331897735596 0.010382220149040222168 0.16206552088260650635 0.092647604644298553467 -0.018293097615242004395 0.0035535257775336503983 0.0010497861076146364212 -0.040003899484872817993 0.0024107391946017742157 0.0055658440105617046356 -0.019616242498159408569 -0.089989922940731048584 -0.068051062524318695068 -0.067294672131538391113
-9999 0.45814400911331176758 0.7943471074104309082 0.74928885698318481445 0.34530875086784362793 0.14840096235275268555 0.12364074587821960449 0.16081151366233825684 0.20257671177387237549 0.19259335100650787354 0.078721225261688232422 -0.074036136269569396973 -0.18714423477649688721 -0.11850158870220184326 0.099047131836414337158 0.22132214903831481934 0.19666554033756256104 0.073651589453220367432 -0.094010502099990844727 -0.15424303710460662842 -0.11616899073123931885 0.024348359555006027222 0.10713744908571243286 0.081926144659519195557 0.023887777701020240784 -0.048480607569217681885 -0.039549753069877624512 -0.017684906721115112305 -0.066702976822853088379 -0.0087402490898966789246 0.12010640650987625122 0.09803797304630279541 -0.026058880612254142761 -0.048872113227844238281 -0.051933173090219497681 -0.039525568485260009766 0.029152866452932357788 0.042566437274217605591 0.016400571912527084351 -0.084008291363716125488 -0.074722886085510253906 -0.043170116841793060303
-9999 -9999 0.24603134393692016602 0.75279539823532104492 0.69753342866897583008 0.35724154114723205566 0.27711290121078491211 0.26325935125350952148 0.24964664876461029053 0.1644481271505355835 0.030770549550652503967 -0.089507393538951873779 -0.1546045839786529541 -0.076035022735595703125 0.041497267782688140869 0.1228556707501411438 0.094645008444786071777 0.018150655552744865417 -0.052829168736934661865 -0.036820985376834869385 0.018838152289390563965 0.050333965569734573364 0.049119934439659118652 -0.0045368801802396774292 -0.041054204106330871582 -0.0090141668915748596191 0.0081171225756406784058 0.049890823662281036377 -0.0057453247718513011932 -0.036969836801290512085 0.017243450507521629333 0.025015484541654586792 -0.011508102528750896454 -0.038457810878753662109 -0.061665274202823638916 -0.031546641141176223755 0.016397666186094284058 0.030677167698740959167 0.029852014034986495972 -0.066870719194412231445 -0.066276922821998596191 -0.028408337384462356567
-9999 -9999 -9999 0.34273040294647216797 0.55847734212875366211 0.69835567474365234375 0.3392607271671295166 0.24782396852970123291 0.20569065213203430176 0.13696758449077606201 0.043726932257413864136 -0.026630703359842300415 -0.047336023300886154175 -0.026492770761251449585 0.026134351268410682678 0.063714750111103057861 0.041333258152008056641 -0.00046226065023802220821 0.0026059641968458890915 0.032992370426654815674 0.08923851698637008667 0.11233224719762802124 0.069030791521072387695 0.017437793314456939697 0.0096297254785895347595 0.027990667149424552917 0.07906662672758102417 0.10681546479463577271 0.031323235481977462769 -0.0088939070701599121094 0.013393466360867023468 -0.0088517665863037109375 0.014475469477474689484 0.024442320689558982849 -0.008594080805778503418 -0.0033554544206708669662 0.009765648283064365387 0.025908263400197029114 0.011685436591506004333 -0.026707798242568969727 -0.045911874622106552124 -0.0059939748607575893402
-9999 -9999 -9999 0.12827026844024658203 0.23989957571029663086 0.82129436731338500977 0.68555277585983276367 0.25663959980010986328 0.14872111380100250244 0.095391921699047088623 0.042289391160011291504 0.0032212156802415847778 2.641960463733994402e-06 0.0052004749886691570282 0.019305912777781486511 0.042355138808488845825 0.026404175907373428345 0.0048894141800701618195 0.024133112281560897827 0.061515506356954574585 0.095842450857162475586 0.1311693340539932251 0.10799057036638259888 0.08022899925708770752 0.061109576374292373657 0.10928543657064437866 0.1598040163516998291 0.12964136898517608643 0.078658483922481536865 0.043610133230686187744 0.062831193208694458008 0.066897556185722351074 0.075781330466270446777 0.092462137341499328613 0.082157962024211883545 0.063326314091682434082 0.044131938368082046509 0.042707964777946472168 0.027613453567028045654 0.014690089039504528046 0.0073326523415744304657 -0.0098319463431835174561
-9999 -9999 -9999 -9999 0.18717628717422485352 0.2348801344633102417 0.22350735962390899658 0.4890213310718536377 0.19922187924385070801 0.050820983946323394775 -0.045570842921733856201 -0.058365609496831893921 -0.028178859502077102661 -0.020303780212998390198 -0.0041031297296285629272 0.0063553676009178161621 0.0076642618514597415924 -0.013122521340847015381 0.0043095196597278118134 0.0283832550048828125 0.040449623018503189087 0.062500238418579101562 0.072617664933204650879 0.066685765981674194336 0.073713734745979309082 0.12069030851125717163 0.15060113370418548584 0.11544242501258850098 0.12043191492557525635 0.11683440208435058594 0.12050428986549377441 0.12194966524839401245 0.13094481825828552246 0.14053408801555633545 0.10982076823711395264 0.052796646952629089355 0.027255974709987640381 0.030741678550839424133 0.038092784583568572998 0.044096533209085464478 0.038242876529693603516 0.014353308826684951782
-9999 -9999 -9999 -9999 0.020834863185882568359 -0.0016716911923140287399 0.15048499405384063721 0.089433602988719940186 0.26183030009269714355 0.29039213061332702637 0.047298122197389602661 -0.065180167555809020996 -0.046492297202348709106 -0.0073806103318929672241 -0.02161551453173160553 -0.048174571245908737183 -0.056434795260429382324 -0.048101458698511123657 -0.044033374637365341187 -0.044603724032640457153 -0.045085839927196502686 -0.044440973550081253052 -0.027155920863151550293 0.0022854523267596960068 0.049050718545913696289 0.077478237450122833252 0.093906097114086151123 0.094445012509822845459 0.08890949934720993042 0.061593376100063323975 0.043772127479314804077 0.048510380089282989502 0.063137568533420562744 0.050901699811220169067 0.018709015101194381714 -0.0087529243901371955872 -0.022706750780344009399 -0.0082495529204607009888 0.015991356223821640015 0.038116674870252609253 0.037294726818799972534 0.02969381771981716156
-9999 -9999 -9999 -9999 -9999 0.031208440661430358887 0.10890159010887145996 0.074774026870727539062 0.10379407554864883423 0.12877625226974487305 0.39439222216606140137 0.015230995602905750275 -0.0023945115972310304642 0.00073270121356472373009 -0.029205914586782455444 -0.044942282140254974365 -0.063106723129749298096 -0.059420615434646606445 -0.051990654319524765015 -0.056766729801893234253 -0.07476520538330078125 -0.088618516921997070312 -0.089190967381000518799 -0.079347252845764160156 -0.042167831212282180786 0.012019511312246322632 0.019489077851176261902 0.023133721202611923218 0.01031209900975227356 -0.014517571777105331421 -0.031595557928085327148 -0.0112552642822265625 0.014255094341933727264 0.010837974026799201965 -0.0088449036702513694763 -0.03898188471794128418 -0.042778011411428451538 -0.035213410854339599609 -0.016266696155071258545 -0.00047738858847878873348 0.022167919203639030457 0.040951061993837356567
-9999 -9999 -9999 -9999 -9999 -9999 -9999 -9999 -9999 0.12336844205856323242 0.13071782886981964111 0.10249911248683929443 0.037692371755838394165 0.083661153912544250488 0.0078693898394703865051 0.020676720887422561646 -0.043748550117015838623 -0.06363642960786819458 -0.065504588186740875244 -0.085990495979785919189 -0.095531471073627471924 -0.096452079713344573975 -0.088842868804931640625 -0.095742583274841308594 -0.095096461474895477295 -0.080275319516658782959 -0.055218182504177093506 -0.029251230880618095398 -0.019486876204609870911 -0.01200747024267911911 -0.039365056902170181274 -0.030460681766271591187 -0.0087711717933416366577 0.022103335708379745483 -0.0023055479396134614944 -0.04463421553373336792 -0.021801926195621490479 -0.0016493233852088451385 -0.028091862797737121582 -0.027005400508642196655 0.0059787738136947154999 0.030888181179761886597
-9999 -9999 -9999 -9999 -9999 -9999 -9999 -9999 -9999 0.059222035109996795654 -9999 0.052355341613292694092 0.0096481470391154289246 0.013762199319899082184 0.29443505406379699707 0.26030620932579040527 0.052774894982576370239 -0.022826671600341796875 -0.046685181558132171631 -0.063823960721492767334 -0.067083142697811126709 -0.060287330299615859985 -0.057563643902540206909 -0.075569450855255126953 -0.078144371509552001953 -0.073618866503238677979 -0.064874134957790374756 -0.038009706884622573853 -0.026214707642793655396 -0.035437803715467453003 -0.057982448488473892212 -0.036718931049108505249 -0.024187186732888221741 0.018111230805516242981 0.01061487104743719101 0.002506191842257976532 0.035409379750490188599 0.062151089310646057129 0.018546734005212783813 -0.041532624512910842896 -0.0067839636467397212982 0.028990747407078742981
-9999 -9999 -9999 -9999 -9999 -9999 -9999 -9999 -9999 -9999 -9999 -9999 -9999 -9999 -9999 0.24916242063045501709 0.2798614203929901123 0.048980176448822021484 0.022904817014932632446 0.0054667321965098381042 -0.018809530884027481079 -0.022075919434428215027 -0.029740886762738227844 -0.048976909369230270386 -0.054257754236459732056 -0.041092596948146820068 -0.033254124224185943604 -0.03351299092173576355 -0.032830040901899337769 -0.028531704097986221313 -0.033742610365152359009 -0.018226388841867446899 -0.021044638007879257202 -0.0077583626843988895416 -0.013831864111125469208 -0.00022444190108217298985 0.038075827062129974365 0.053021926432847976685 0.032366316765546798706 0.0035081300884485244751 0.0052973530255258083344 0.017132842913269996643
-9999 -9999 -9999 -9999 -9999 -9999 -9999 -9999 -9999 -9999 -9999 -9999 -9999 -9999 -9999 -9999 0.16887833178043365479 0.11469608545303344727 0.11722139269113540649 0.031947363168001174927 0.0064415945671498775482 -0.014433550648391246796 -0.025217086076736450195 -0.02904306165874004364 -0.024776646867394447327 -0.025476964190602302551 -0.032520987093448638916 -0.035377532243728637695 -0.044718183577060699463 -0.043800540268421173096 -0.026733430102467536926 -0.012382669374346733093 -0.005466159433126449585 -0.013187728822231292725 -0.033943597227334976196 -0.025947507470846176147 0.0029588479083031415939 0.008007787168025970459 0.010503219440579414368 0.0050516552291810512543 -0.007021525409072637558 -0.009056805633008480072
-9999 -9999 -9999 -9999 -9999 -9999 -9999 -9999 -9999 -9999 -9999 -9999 -9999 -9999 -9999 -9999 -9999 -9999 -9999 0.16979604959487915039 -0.010654850862920284271 -0.025417773053050041199 -0.030885389074683189392 -0.013419864699244499207 -0.017466880381107330322 -0.010214093141257762909 -0.0091829542070627212524 -0.024742305278778076172 -0.041259713470935821533 -0.034630041569471359253 -0.0097167836502194404602 -0.0044144606217741966248 -0.00046462644240818917751 0.013038353994488716125 -0.004805218428373336792 -0.027027999982237815857 -0.044176500290632247925 -0.016716325655579566956 0.0052103465422987937927 0.01244536135345697403 0.024873392656445503235 0.0092044193297624588013
-9999 -9999 -9999 -9999 -9999 -9999 -9999 -9999 -9999 -9999 -9999 -9999 -9999 -9999 -9999 -9999 -9999 -9999 -9999 0.15803425014019012451 0.048639301210641860962 -0.038792554289102554321 -0.037787333130836486816 -0.041001621633768081665 -0.046152744442224502563 -0.027780970558524131775 -0.0020133834332227706909 0.0040519642643630504608 -0.0021320332307368516922 -0.0055974554270505905151 0.00054994446691125631332 -0.0034219885710626840591 -0.0056794709526002407074 0.016033690422773361206 0.01757000945508480072 -0.0069385059177875518799 -0.041019815951585769653 -0.035685852169990539551 -0.0094523373991250991821 0.027036597952246665955 0.030893269926309585571 0.012157972902059555054
-9999 -9999 -9999 -9999 -9999 -9999 -9999 -9999 -9999 -9999 -9999 -9999 -9999 -9999 -9999 -9999 -9999 -9999 -9999 -0.053447633981704711914 0.058126285672187805176 0.032112143933773040771 -0.036766488105058670044 -0.059477061033248901367 -0.046960156410932540894 -0.035856600850820541382 -0.020786833018064498901 0.0093570351600646972656 -0.00049588625552132725716 -0.0038378243334591388702 0.0097758844494819641113 0.011293209157884120941 0.0069428514689207077026 0.0045983712188899517059 0.0041499771177768707275 -0.012516887858510017395 -0.035809125751256942749 -0.02955555357038974762 0.0082525247707962989807 0.013698540627956390381 -0.018221694976091384888 -0.0076716672629117965698
-9999 -9999 -9999 -9999 -9999 -9999 -9999 -9999 -9999 -9999 -9999 -9999 -9999 -9999 -9999 -9999 -9999 -9999 -9999 -0.0694103240966796875 -0.0275479145348072052 0.018580637872219085693 -0.035872593522071838379 -0.068706311285495758057 -0.027278754860162734985 -0.015110282227396965027 -0.028721550479531288147 -0.0095213055610656738281 -0.037993643432855606079 -0.05101846158504486084 0.0056722434237599372864 0.028591010719537734985 0.0015565904323011636734 -0.0095784710720181465149 -0.018589979037642478943 -0.048226758837699890137 -0.034715838730335235596 -0.00016667699674144387245 0.031770594418048858643 0.02934952080249786377 -0.03281653672456741333 -0.018070051446557044983
-9999 -9999 -9999 -9999 -9999 -9999 -9999 -9999 -9999 -9999 -9999 -9999 -9999 -9999 -9999 -9999 -9999 -9999 -9999 -0.026168869808316230774 -0.0066900076344609260559 -0.034285753965377807617 -0.047608036547899246216 -0.07340647280216217041 -0.01854191906750202179 -0.0074032563716173171997 0.024882012978196144104 0.023138014599680900574 -0.067150548100471496582 -0.11401184648275375366 -0.031702984124422073364 -0.0024348169099539518356 -0.0032438884954899549484 -0.017781812697649002075 -0.0059407949447631835938 -0.04803058132529258728 -0.041473098099231719971 0.02306914888322353363 0.012562974356114864349 0.0041665271855890750885 -0.06759122014045715332 0.01009663846343755722
