scientific_paper_data/currents_velocity_components/v_component_jan_2018_1d.asc
ncols        360
nrows        156
xllcorner    -180.000000000000
yllcorner    -71.000000000000
cellsize     1.000000000000
NODATA_value  -9999
[rows 114 to 132 of 156, columns 126 to 167 of 360]
-9999 -9999 -9999 -9999 -0.096776120364665985107 -0.17886245250701904297 -0.25300192832946777344 -0.10521449148654937744 0.046789787709712982178 0.01830844581127166748 -0.076267071068286895752 -0.015039876103401184082 0.0030447253957390785217 0.046126056462526321411 -0.0078845862299203872681 -0.079970665276050567627 -0.0011590814683586359024 -0.026423417031764984131 -0.08809134364128112793 -0.070225186645984649658 0.036447130143642425537 -0.0079636704176664352417 -0.0028363585006445646286 0.037012670189142227173 0.0014384258538484573364 -0.039940357208251953125 0.0043751043267548084259 0.013148625381290912628 -0.038713239133358001709 -0.0016729196067899465561 -0.061720266938209533691 -0.031293030828237533569 0.091869235038757324219 0.025968983769416809082 0.0043809195049107074738 -0.025587182492017745972 0.037362229079008102417 -0.012727246619760990143 0.0037325068842619657516 -0.034536592662334442139 -0.071714960038661956787 -0.02434193342924118042
-9999 -9999 -9999 -9999 -0.17344111204147338867 -0.19937784969806671143 -0.21348907053470611572 0.083819903433322906494 0.036041874438524246216 -0.026499154046177864075 -0.11347441375255584717 -0.039651434868574142456 -0.0094690453261137008667 0.019865851849317550659 0.026179749518632888794 -0.011448474600911140442 -0.0030181575566530227661 -0.025386786088347434998 -0.0099455816671252250671 -0.052138779312372207642 -0.064851038157939910889 -0.076474152505397796631 -0.016390109434723854065 -0.049460191279649734497 -0.019101683050394058228 0.031681377440690994263 0.033535998314619064331 0.021600142121315002441 -0.0011039924575015902519 -0.017605286091566085815 -0.051914379000663757324 0.0306471996009349823 0.053626287728548049927 0.026292091235518455505 0.049560055136680603027 -0.012022314593195915222 -0.008880765177309513092 -0.025117645040154457092 0.0062651713378727436066 0.020218394696712493896 -0.0655458793044090271 -0.058514479547739028931
-9999 -9999 -9999 -0.29289305210113525391 -0.24200947582721710205 -0.20960466563701629639 0.031017363071441650391 0.098746828734874725342 0.019153900444507598877 -0.12479368597269058228 -0.080358438193798065186 -0.1055391654372215271 0.035927206277847290039 0.046039372682571411133 -0.0056687835603952407837 0.021222695708274841309 0.04817972332239151001 0.0045664887875318527222 -0.065094657242298126221 -0.030644912272691726685 -0.062946587800979614258 -0.07469116896390914917 -0.04325051233172416687 -0.0005037547089159488678 -0.026065425947308540344 -0.01962650008499622345 0.032073199748992919922 0.014329415746033191681 0.0078572900965809822083 0.019472429528832435608 -0.016674971207976341248 0.034188855439424514771 0.020021134987473487854 -0.017601842060685157776 -0.016774296760559082031 -0.016965860500931739807 0.033174347132444381714 -0.041069950908422470093 0.025622358545660972595 0.06874160468578338623 0.016721585765480995178 -0.063876703381538391113
-9999 -9999 -0.016289200633764266968 -0.25764039158821105957 -0.2393093407154083252 -0.021220318973064422607 0.040573380887508392334 0.0316926613450050354 -0.066493444144725799561 -0.053476672619581222534 -0.04060139879584312439 -0.019923081621527671814 0.081587150692939758301 0.030860118567943572998 -0.014880296774208545685 0.011194703169167041779 0.0084449676796793937683 -0.033039681613445281982 -0.069693326950073242188 -0.046966228634119033813 -0.013363100588321685791 -0.011337846517562866211 -0.02166463807225227356 0.08539123833179473877 0.038270018994808197021 -0.047375492751598358154 -0.022292174398899078369 0.00013065915845800191164 -0.013920455239713191986 -0.066098831593990325928 -0.02331441827118396759 0.070692375302314758301 0.067896090447902679443 -0.087764732539653778076 -0.10766490548849105835 -0.038011230528354644775 0.11316674202680587769 0.022908641025424003601 0.034087076783180236816 0.028059547767043113708 -0.0025567370466887950897 0.011312671005725860596
-9999 -0.040201511234045028687 -0.0413915291428565979 -0.39218565821647644043 -0.17534382641315460205 0.012443507090210914612 0.042083095759153366089 -0.015837654471397399902 0.004470530431717634201 -0.018654396757483482361 -0.07435522228479385376 0.019128302112221717834 0.024127088487148284912 -0.0087937535718083381653 -0.001224042847752571106 0.011031797155737876892 -0.00085647666128352284431 0.013331768102943897247 -0.084272913634777069092 -0.050600666552782058716 0.043173093348741531372 0.00069200788857415318489 0.00050469406414777040482 0.073112025856971740723 0.10948403924703598022 -0.015618709847331047058 -0.038260411471128463745 -0.017192536965012550354 -0.05667538568377494812 -0.049206852912902832031 0.010002343915402889252 0.061348445713520050049 -0.0021015473175793886185 -0.056303743273019790649 -0.078542545437812805176 -0.026472643017768859863 0.068554133176803588867 0.021941367536783218384 0.037752140313386917114 0.025073628872632980347 -0.040877494961023330688 -0.0052807633765041828156
-0.018702980130910873413 -0.0068387519568204879761 -0.42632225155830383301 -0.12367621809244155884 -0.085676304996013641357 0.10948579758405685425 0.10089379549026489258 -0.14211480319499969482 -0.088361479341983795166 -0.04556776583194732666 0.01926478557288646698 0.0048083602450788021088 0.020761700347065925598 0.057598713785409927368 0.00091626931680366396904 -0.010296958498656749725 0.034830272197723388672 -0.065331764519214630127 -0.055165264755487442017 0.038456104695796966553 0.053509764373302459717 -0.053647734224796295166 -0.03797819092869758606 0.045969642698764801025 0.068260625004768371582 0.035417184233665466309 -0.048023011535406112671 -0.01351541467010974884 -0.038871217519044876099 -0.031838979572057723999 0.080314412713050842285 -0.02241173572838306427 -0.060972470790147781372 -0.013729832135140895844 -0.003449736395850777626 -0.012357573956251144409 0.039936929941177368164 0.029855784028768539429 -0.025016477331519126892 0.048586282879114151001 -0.037482101470232009888 0.01097196526825428009
0.030316147953271865845 -0.27866104245185852051 -0.32118341326713562012 0.045172072947025299072 0.1449791640043258667 0.1023651808500289917 0.10788194835186004639 -0.2105980217456817627 -0.095273032784461975098 -0.17172999680042266846 0.043841559439897537231 0.10154604911804199219 0.041860811412334442139 0.089199326932430267334 0.031972978264093399048 -0.038261327892541885376 -0.025865461677312850952 -0.039342883974313735962 0.018242666497826576233 -0.014889489859342575073 0.024880224838852882385 -0.0098474547266960144043 -0.0042687030509114265442 -0.017542330548167228699 0.014216585084795951843 -0.056460659950971603394 0.17526985704898834229 -0.046051427721977233887 -0.040639232844114303589 0.0047294329851865768433 0.0050671729259192943573 -0.024059321731328964233 -0.015231328085064888 0.037751968950033187866 -0.0040980270132422447205 -0.036344852298498153687 0.0081902164965867996216 -0.027988594025373458862 -0.06490688025951385498 0.11640100181102752686 0.039399392902851104736 0.047195300459861755371
-0.013097433373332023621 -0.59351503849029541016 0.098344944417476654053 0.30226123332977294922 -0.041575785726308822632 -0.17332915961742401123 -0.021076364442706108093 -0.040121324360370635986 -0.069710955023765563965 -0.1709044724702835083 -0.012729934416711330414 0.1098774448037147522 0.08648701012134552002 -0.003074742387980222702 0.074115291237831115723 -0.0073829959146678447723 -0.038733430206775665283 0.010447696782648563385 -0.0040117856115102767944 0.024198547005653381348 0.012819697149097919464 0.071302190423011779785 -0.038655765354633331299 -0.020211875438690185547 0.056489706039428710938 -0.042296990752220153809 0.014780329540371894836 -0.035237219184637069702 0.056446984410285949707 0.022838838398456573486 0.0098181357607245445251 -0.011604920960962772369 0.064061209559440612793 0.034253202378749847412 0.020809059962630271912 -0.097169250249862670898 -0.022330170497298240662 -0.046368889510631561279 0.0091201504692435264587 0.12316990643739700317 0.057212118059396743774 0.030753415077924728394
-0.36694249510765075684 -0.20916415750980377197 0.17051611840724945068 0.0097321989014744758606 -0.083911351859569549561 -0.081643089652061462402 -0.031292632222175598145 0.046125575900077819824 -0.0081687225028872489929 -0.051787666976451873779 -0.023558907210826873779 0.029616314917802810669 0.013302099891006946564 -0.045081984251737594604 0.088756315410137176514 0.12277327477931976318 -0.04778013378381729126 0.021058548241853713989 0.032512594014406204224 -0.081961259245872497559 0.019165923818945884705 0.010238471440970897675 0.037962634116411209106 0.048755079507827758789 0.0035870838910341262817 0.030238566920161247253 -0.062915593385696411133 -0.024524660781025886536 0.11512213200330734253 0.016882577911019325256 -0.022581541910767555237 0.038959067314863204956 0.029123960062861442566 0.034996118396520614624 0.055369894951581954956 0.021527405828237533569 0.017124101519584655762 -0.049445994198322296143 -0.013594131916761398315 0.02548754960298538208 0.079382874071598052979 -0.012786732986569404602
-0.74968659877777099609 -0.14520490169525146484 0.035906665027141571045 0.13388991355895996094 0.00073781819082796573639 0.13925783336162567139 0.20030228793621063232 0.014761965721845626831 -0.20035982131958007812 -0.034849628806114196777 0.018371744081377983093 0.14281822741031646729 -0.057393513619899749756 -0.14008446037769317627 0.037878245115280151367 0.22064417600631713867 -0.012838372960686683655 -0.021711088716983795166 0.030526403337717056274 -0.10523890703916549683 -0.029252080246806144714 -0.0433502979576587677 0.061955571174621582031 0.047346614301204681396 0.033960357308387756348 0.079797632992267608643 0.025707399472594261169 -0.067771986126899719238 0.061673834919929504395 0.030298352241516113281 0.0047599398531019687653 0.045117676258087158203 0.030872825533151626587 0.0092055816203355789185 0.070877477526664733887 0.074631214141845703125 0.018651520833373069763 -0.038692314177751541138 0.036890823394060134888 0.0025068246759474277496 -0.0014720208710059523582 0.030481768772006034851
-0.71226274967193603516 -0.43692415952682495117 0.040725097060203552246 0.17887611687183380127 0.17766720056533813477 0.27305898070335388184 0.17256955802440643311 -0.069056756794452667236 -0.1395320892333984375 -0.10265204310417175293 0.00339132663793861866 0.12544794380664825439 0.0028878394514322280884 -0.1580623239278793335 -0.066789299249649047852 0.14839050173759460449 0.11513258516788482666 -0.042832773178815841675 0.023893695324659347534 -0.045895174145698547363 -0.087554380297660827637 0.00086720846593379974365 0.04569322243332862854 0.089139565825462341309 -0.027398699894547462463 0.034040696918964385986 0.056361116468906402588 0.01728795468807220459 0.023450514301657676697 0.015884699299931526184 0.04257200285792350769 0.04542543366551399231 0.06767263263463973999 0.03471617773175239563 0.029256027191877365112 0.068692632019519805908 -0.024516601115465164185 -0.0028655803762376308441 0.076711229979991912842 -0.028607010841369628906 0.024532340466976165771 0.054081782698631286621
-0.5503113865852355957 -0.41233655810356140137 0.10659951716661453247 0.075402982532978057861 0.11155335605144500732 0.12802462279796600342 0.1823339313268661499 0.02389508858323097229 -0.075870290398597717285 0.0066486592404544353485 0.094028033316135406494 0.12145623564720153809 0.023718357086181640625 -0.039329342544078826904 -0.19655938446521759033 0.039765685796737670898 0.066196918487548828125 -0.0018842821009457111359 0.025721786543726921082 -0.036905448883771896362 0.044925037771463394165 0.018218174576759338379 0.063142701983451843262 0.058477453887462615967 -0.12642084062099456787 -0.028388993814587593079 0.018553517758846282959 0.090684846043586730957 0.0040305475704371929169 0.046601347625255584717 0.030047439038753509521 0.15294654667377471924 0.048602569848299026489 -0.024720132350921630859 0.031691957265138626099 0.069172129034996032715 0.024858186021447181702 0.0062119401991367340088 0.011786152608692646027 0.022422682493925094604 -0.0042432728223502635956 0.020512515679001808167
-0.37472936511039733887 0.19709052145481109619 0.23609870672225952148 0.016010658815503120422 -0.087497130036354064941 -0.099924460053443908691 0.18488682806491851807 0.079029068350791931152 0.030050043016672134399 0.03605860099196434021 0.0533143654465675354 0.10054158419370651245 0.017052082344889640808 -0.019471602514386177063 -0.073312945663928985596 0.045055594295263290405 0.050778325647115707397 -0.034357536584138870239 -0.07284580916166305542 -0.031948924064636230469 0.14321942627429962158 0.098092541098594665527 0.0014431487070396542549 0.084262214601039886475 -0.15628062188625335693 -0.035768866539001464844 0.064975820481777191162 0.085838459432125091553 -0.049774941056966781616 -0.067079171538352966309 0.075950011610984802246 0.090200163424015045166 0.038801379501819610596 0.036420889198780059814 0.034496139734983444214 0.026607586070895195007 0.0059453197754919528961 -0.012694133445620536804 0.0044860127381980419159 -0.015016186982393264771 0.010509381070733070374 0.053862530738115310669
-0.083983503282070159912 0.24140644073486328125 0.19589249789714813232 0.0025625727139413356781 -0.089322254061698913574 0.0099284695461392402649 0.030349168926477432251 0.03635710105299949646 -0.023554181680083274841 0.052127555012702941895 0.056044775992631912231 0.015077861025929450989 0.013342843391001224518 0.043275706470012664795 0.023770738393068313599 0.068538911640644073486 0.045843333005905151367 0.0165071096271276474 0.048511829227209091187 0.14376997947692871094 0.07423792034387588501 -0.051349926739931106567 -0.041344098746776580811 0.011459275148808956146 -0.051956426352262496948 0.011267542839050292969 0.022511398419737815857 0.10358362644910812378 0.017982525750994682312 -0.10533349215984344482 0.02510765567421913147 0.055176448076963424683 -0.014380243606865406036 0.11227042227983474731 0.060015741735696792603 0.023367412388324737549 0.062686286866664886475 0.070533894002437591553 0.013478431850671768188 -0.12486489862203598022 -0.0063583343289792537689 -0.030416844412684440613
0.082563623785972595215 0.086829394102096557617 -0.13607032597064971924 -0.044040981680154800415 0.06729768216609954834 0.0042134951800107955933 -0.0096897576004266738892 -0.029567388817667961121 0.028202876448631286621 0.075651556253433227539 0.043820723891258239746 0.045408070087432861328 0.045416198670864105225 0.05866268649697303772 0.021793659776449203491 0.040022272616624832153 0.021618494763970375061 0.14572507143020629883 0.16550877690315246582 0.1695473790168762207 -0.10279010236263275146 -0.16386464238166809082 -0.098454482853412628174 0.10302729904651641846 0.087371915578842163086 0.046622965484857559204 0.070103943347930908203 0.054998166859149932861 0.075380496680736541748 -0.075403891503810882568 -0.047480925917625427246 0.10144608467817306519 0.030012404546141624451 0.013423426076769828796 0.017303030937910079956 0.082234218716621398926 0.12074121832847595215 0.14440108835697174072 0.11359282582998275757 -0.16811278462409973145 -0.18638683855533599854 -0.024693476036190986633
0.076126903295516967773 0.02809201367199420929 -0.0652387961745262146 -0.021845882758498191833 0.073386788368225097656 -0.03578880801796913147 -0.014830219559371471405 -0.0090526090934872627258 -0.0041124736890196800232 0.056183531880378723145 0.042674716562032699585 0.076821811497211456299 0.048170763999223709106 0.023330586031079292297 0.12513962388038635254 0.079130567610263824463 0.0786131247878074646 0.088070392608642578125 0.096641846001148223877 0.1486278921365737915 0.016912065446376800537 -0.038172345608472824097 -0.0056583466939628124237 0.11318737268447875977 0.017159819602966308594 0.068524785339832305908 0.1159685179591178894 0.018718739971518516541 -0.013651712797582149506 -0.16736149787902832031 0.091460250318050384521 0.11614231020212173462 0.021423326805233955383 -0.019170312210917472839 -0.03939439728856086731 0.075807400047779083252 0.099811688065528869629 0.089540243148803710938 0.11387836188077926636 -0.069681659340858459473 -0.11951994150876998901 -0.0017477058572694659233
-0.16042299568653106689 0.099351800978183746338 0.11047708243131637573 0.026872521266341209412 0.022490493953227996826 0.011809229850769042969 -0.01203866954892873764 -0.027785278856754302979 0.0012025543255731463432 0.0082239955663681030273 0.088813289999961853027 0.072554655373096466064 0.010055961087346076965 0.043488215655088424683 0.11488772183656692505 0.11692890524864196777 0.074753813445568084717 0.029339849948883056641 0.22935938835144042969 0.11920060217380523682 -0.074805803596973419189 0.017793847247958183289 0.20643807947635650635 0.11931936442852020264 0.00032268336508423089981 0.088459528982639312744 0.079096123576164245605 -0.067430973052978515625 -0.10207746922969818115 -0.077318556606769561768 0.10818842798471450806 0.1183108985424041748 -0.0096327774226665496826 -0.013797572813928127289 -0.039743185043334960938 0.049545723944902420044 0.088766753673553466797 0.14112383127212524414 0.076004736125469207764 0.083329536020755767822 0.08170760422945022583 0.039519917219877243042
-0.19774365425109863281 -0.012974695302546024323 0.092824086546897888184 -0.036847546696662902832 -0.025895304977893829346 0.023353653028607368469 0.0390206165611743927 0.028158416971564292908 -0.0095956511795520782471 -0.040158890187740325928 0.12201406806707382202 0.11437469720840454102 0.056102767586708068848 -0.019774895161390304565 0.087422184646129608154 0.1267557293176651001 0.024472570046782493591 0.11496901512145996094 0.07418034970760345459 0.11337395757436752319 -0.035838838666677474976 0.10406985878944396973 0.37305617332458496094 0.14609248936176300049 -0.090495333075523376465 -0.038922935724258422852 0.053586248308420181274 0.070793546736240386963 -0.080531015992164611816 0.0032004022505134344101 0.1915060579776763916 -0.016304280608892440796 -0.10799764841794967651 0.038422733545303344727 0.066140159964561462402 -0.00655370345339179039 0.06474339216947555542 0.080607242882251739502 0.06547215580940246582 0.043708775192499160767 0.10085739940404891968 0.18941952288150787354
-0.07108974456787109375 -0.0027153864502906799316 -0.018195077776908874512 -0.050539746880531311035 -0.061250809580087661743 0.01905690319836139679 0.012831893749535083771 0.095252431929111480713 -0.031394187361001968384 -0.0032638965640217065811 0.18530932068824768066 0.17726348340511322021 0.031814664602279663086 -0.083655253052711486816 0.049042485654354095459 0.054408516734838485718 0.048938315361738204956 0.069163687527179718018 0.02456643618643283844 0.27572238445281982422 0.19872912764549255371 0.12846039235591888428 0.1296380460262298584 -0.034355286508798599243 0.043476834893226623535 0.03966905549168586731 -0.026766370981931686401 0.12133406847715377808 0.12020432204008102417 -0.014136927202343940735 -0.041419364511966705322 -0.059844836592674255371 -0.0901719704270362854 0.031425353139638900757 0.17385946214199066162 0.013169450685381889343 -0.034195154905319213867 0.085950031876564025879 0.033525325357913970947 0.053632136434316635132 0.10711282491683959961 0.1976769864559173584
