All-in-one-application-example/output_with_currents/BIMAC_interpolation.asc
NCOLS 126 
NROWS 122 
XLLCORNER -63 
YLLCORNER 0 
CELLSIZE 0.5 
NODATA_value -9999 
[rows 66 to 87 of 122, columns 49 to 97 of 126]
20.161251050502 20.3040353989066 20.2283158566907 19.9983896322724 19.749558314459 19.9639128029078 19.8702397519387 19.8029586778686 20.1448416837139 20.0195134856441 20.2452888042018 20.1010293233001 20.0886061722705 19.9345322221476 19.7001033439244 19.5549704105644 18.9110770015993 18.7744821016826 18.1229003151903 18.3678149404745 17.9809142202842 18.4710263059932 18.3101996095661 18.6638727639437 18.0340423932789 18.1836799067934 17.898072933658 18.3675780811502 18.0823183019694 18.2410414949439 18.0790485226254 18.1590048232383 18.1183449879215 18.0681897924892 18.2521810404196 18.0581219592096 18.0883733404005 17.7118341361172 17.9361192445222 17.6412397474512 17.7050990934687 17.526161162501 17.5569056193173 17.0371615581541 17.1685071576207 16.8111732976317 17.1995852724518 16.6077269708498 17.5166783845474
20.5552102586533 20.6664080989986 20.6098675536161 20.2412411520904 20.188380072128 19.8465289554492 20.0816670417587 19.928155964444 20.1439066428376 20.1125452355025 20.1717082109792 20.2059297016915 20.3492785638662 20.2456624106657 20.3049127583165 19.8100690477169 19.6348502624494 18.8155071146359 18.7977421954577 18.5013448602427 18.8523950948758 19.0406492315846 19.3536485149284 19.2808164528257 19.1505974029499 18.9026925462267 18.9932010309425 18.8723853883283 18.7322991664507 18.6657091084047 18.5854674256176 18.5235057338919 18.2965244972122 18.3507950713863 18.1162659334494 18.167517541248 18.0311062795101 18.0484787810488 18.1086305026541 18.1183733365088 18.1224661674335 17.870767796542 17.9774725846408 17.2949276156448 17.7442765096059 17.097170540257 17.5006515540859 16.8215669051786 17.3903476297998
20.7856974311784 20.4540345772176 20.3862164554972 20.2452171648787 20.1051939069082 20.2038720139254 20.3988222181609 20.7327892695568 20.6436443586936 20.4406239988052 20.5089186167846 20.5712645740216 20.7047899859295 20.628073120597 20.4019212399844 20.3146122469798 19.9002789795813 19.8139832907114 18.8604497311603 18.9099184616773 18.6581041296166 19.0320869579245 18.8570956759012 19.0086768661318 18.6723149099367 18.8489249921677 18.693324695855 18.7743555891456 18.5113594299286 18.6857777460841 18.5185655709896 18.5406317851183 18.2287107688596 18.3756742171065 18.1496604481531 18.2411064725139 17.9650083446405 18.1573886647154 17.7483480290336 17.9801966321329 17.7776262404975 17.895960230068 17.5349490543051 17.4546105850323 17.4189048739524 17.0020765340907 17.2761748790447 16.8455809543354 17.2623514225922
20.7396693386646 20.3562362457321 20.2644220109434 20.3679721830828 20.1366437447761 19.7897230313323 20.1948637177704 20.3992291006165 20.6899684037016 20.2546410346116 20.4455944470885 20.4469359588258 20.6557820529935 20.3604073064605 20.4438481928881 20.187374071538 20.3519228169239 20.0857211809508 19.7649756724299 19.1252994193549 19.1537598150005 19.1180859960143 19.0268818636116 18.828193773735 18.9843023564771 18.9898432381148 19.1274684779603 18.8582244329024 18.8066960103156 18.8006571182285 18.7831049852393 18.7723939011807 18.7652302567238 19.0262535702724 18.8466250298563 18.7226998988152 18.3353206541387 18.1515187455957 17.6954503616678 17.7712087848349 17.5226610249055 17.6041335254912 17.1646111906894 17.1858872989899 17.1336721819488 16.8129623330926 16.8218172415499 16.8931632871638 -9999
20.7813998030428 20.6554938665964 20.900753085214 21.0145665590318 21.1164427655188 20.4802340025945 20.4083006876266 20.6194909506034 20.9972553451653 20.5909279118481 20.5465669148317 20.4516670347124 20.818654609772 20.6753730822882 20.6488240330356 20.5938503989137 20.6488539746507 20.6602873572469 20.3404066875687 20.1159158185273 19.7758706093823 19.818627705313 19.4845864334847 19.3381644909776 19.304012944726 19.3293302761008 19.1404672646522 18.7885345233722 18.7652519405071 18.6699543272004 18.785864796511 18.742037060483 19.0025348915568 19.1413785664109 18.8931076140813 18.6574702816583 18.1770997295215 17.9904454629024 17.3962797551225 17.4376231547995 17.0271849840644 17.0449691700442 16.5563804895955 16.6497202528524 16.2099325494467 16.019078665153 16.0372549571806 16.4262975326602 -9999
21.1899548243248 20.9062166700362 20.8468326315073 20.9127008491421 20.8192473686349 20.5724565328822 20.3352862166839 20.1155089805677 20.6230166750008 20.2262581378565 20.1307816545278 19.8897359955328 20.381203742193 20.4133094322044 20.4454720213592 20.5175226383145 20.5471976030371 20.6229128166929 20.4345424600304 20.4875751692477 20.3473535531112 20.3653042918647 20.2060984534572 20.0274805798369 20.1146782450831 19.6924974924002 19.5955901864236 19.0859996475026 19.1481405812274 18.7239130650018 18.9553744503154 18.7739178188664 18.9694767728257 18.7548515432009 18.584119468184 18.2667329927518 17.9344865217918 17.7875453440739 17.2497214275618 17.285950225687 16.4393869289904 16.7220214523864 15.9053550853495 16.3449702545075 15.5280969351284 16.0417984127036 15.9534846930007 -9999 -9999
20.8968668230922 20.9891344904313 20.9882330862118 20.4117208365354 21.0693553383365 20.6062425604898 21.1453157461636 20.5329907652057 20.9628643258209 20.3662077367806 20.4871844993725 19.971924795829 20.3364665340825 20.1440915886124 20.3856170484318 20.1637159147486 20.4549014705893 20.0981933013727 20.2225861809307 19.8478986649675 20.0643269177908 19.7484886318919 19.9113460212134 19.7300757942906 19.7007665296126 19.2770108607964 19.277010296629 18.8627270520585 19.1358005235222 18.5370124428103 19.0153059478554 18.3266063630666 18.836451574856 17.9507608774421 18.4514794342552 17.5596848792255 17.8792312592947 16.9424675332907 17.1090902795395 16.3218185758598 16.1906093584649 15.8933904621273 15.8570673599821 15.997352461884 15.7856348295381 16.0859668377907 16.2886209876919 -9999 -9999
20.83225248404 20.6524966892391 20.8241349409194 20.4273809775207 20.2155636403437 20.4013019484531 20.3562413829968 20.226117295941 20.2493633282763 20.1197092209109 19.9714552737296 19.8536565526984 19.6046990245559 19.5929495272067 19.476840547821 19.5850522545434 19.3739585110272 19.3608837734025 18.9773687679684 19.1186436240742 18.8061093533831 18.9491024332791 18.7370476959928 18.8739111699085 18.6539833387998 18.6380035382713 18.5075181536312 18.5984716953647 18.4836191509039 18.4964257308663 18.3276200760465 18.246059537157 18.0706030711711 17.8427368850238 17.6785769908043 17.3167489642209 17.0700503484073 16.512631509972 16.3371032319002 15.9888486890068 15.8488678364096 16.0113684414358 16.1664181757273 16.5865847896154 16.5251856167019 16.8788814507893 -9999 -9999 -9999
20.7035714766089 20.6156464475553 20.9341168009781 20.5317703401383 20.7042905126704 20.1207496259512 20.5621510800875 20.0051856202534 20.3426634080998 19.9211865466823 20.3405981262092 19.8664928678217 20.1647439504946 19.5697360666391 19.8660555263907 19.3960742376186 19.6580308419822 19.1298742441491 19.3398818057481 18.8081873153043 19.1919363550351 18.5601709355394 18.9886529562907 18.41741564188 18.8966068322254 18.2844029331886 18.8121716527851 18.1978958266535 18.5871601352686 17.8906943455857 18.1658033805811 17.4366503600399 17.7995453957031 17.0178089373878 17.3716295973447 16.4809623633406 16.8334364111903 15.8678552488416 16.5362025521879 15.7364802394124 16.7326135080292 16.2774689320245 17.3244365477611 16.9829729435759 17.3368746589218 16.9051127049386 -9999 -9999 -9999
20.57691236896 20.513871918269 20.3964317988113 20.3068813342855 19.9436453708215 20.1487796413286 19.8985646986543 20.1946949576668 19.8645039369311 20.2461828829636 20.0043375737209 20.1020689167756 19.6769215885566 19.5518899423568 19.3395868319213 19.266609119783 19.2025236395017 19.1343241471855 19.1161916859173 19.0937292738774 19.022712774752 18.8774638602595 18.7021263346271 18.5522196915608 18.4454893509398 18.2444498421437 18.0409202599563 17.7445290630688 17.412517366948 17.2735135838006 16.9741158325152 17.0467486410944 16.7130046188442 16.7813478866902 16.4753434478048 16.4275878649126 16.3126231679471 16.399390021408 16.5376103062493 16.6671022841289 17.1452749767989 17.2550902550602 17.6528838111309 17.5419974255938 17.4587474238536 -9999 -9999 -9999 -9999
20.9437347032217 20.7904767625733 20.9810465440451 20.6218218124354 20.5700985372369 20.3248201664377 20.3488054974783 19.9891903013453 20.2273484360849 20.0018997430536 20.9254916699914 20.6524046357835 20.8388311241483 19.961303879616 19.6921100554897 19.0182026890837 18.7252957752229 18.4516727857768 18.5483215341843 18.3586051536138 18.5441462754247 17.9631705087615 18.2850480635828 17.7273081523406 18.145512638593 17.4103071932144 17.8236678345744 17.0299631086506 17.4993808184296 16.951199000467 17.5547858093415 16.8950623860735 17.1995869968253 16.545923155788 16.913610450111 16.496922842492 17.083789616004 16.7272439278181 17.3344381170574 16.950608809133 17.7027030400659 17.1842607670255 17.6973132335609 17.189250010269 -9999 -9999 -9999 -9999 -9999
20.0446990751402 20.7186397588568 20.5180948444256 20.8704816760931 20.4304221962191 21.0344913151516 20.6506795184551 20.7050279280351 19.9076973498273 19.9961098107694 20.0067136771114 21.0827784069246 20.7605446143745 20.6179895837686 19.9198611949955 19.1457087310523 18.4172312009194 18.0764489245899 18.2000908811182 18.4065497194768 18.2896521050559 18.1633309674649 18.0324466328097 18.0948778159516 17.8827006375128 17.6731063041016 17.6044675710438 17.4961917805843 17.6232946012253 17.7310648849061 17.8678168043283 17.7045312559433 17.4973663806314 17.2922514365717 17.0689376239238 17.1721262234339 17.1377242355156 17.1776858531655 17.0737200708831 17.1276314382671 17.1001407490418 16.9383181920919 16.9479842925203 -9999 -9999 -9999 -9999 -9999 -9999
19.2954493450664 19.4867483993189 19.8541530704162 19.8179093929093 19.9095048949596 20.2664816999815 20.7771425976021 20.4727831783935 20.032703329214 19.490941232343 20.063391890512 20.3010480866951 21.2739638401831 20.9681587110153 20.9361805453874 20.3077714451102 19.5161053177582 19.3245108602339 19.4419969713915 19.5555743322652 19.4876820644569 19.2075418998131 19.316582126528 19.0768126590851 19.1682205705144 18.7272420376313 18.9106583500118 18.4685022491271 18.8241184336777 18.2912197088082 18.5766994520363 17.8283448288944 18.1304466945229 17.2577764129436 17.573517720161 16.9581128136038 17.3661026829151 16.8145191987114 17.163047343714 16.8129306518269 17.023168939012 16.7608152242752 17.0326006369654 -9999 -9999 -9999 -9999 -9999 -9999
18.5343041344061 18.9107848463916 18.5138511562748 18.9377234681267 18.5511868471471 19.3217313311238 19.5464004864506 19.9632858924669 19.3591757513872 19.2187178394843 18.865504914373 19.2315117141979 19.2675868785241 19.9543460371138 19.8039372596916 19.9843585572838 19.5193633353005 19.4373705278038 19.3886904500334 19.4871811377285 19.1861030398126 19.1416572937473 18.8149517745867 18.8565331283758 18.5275826117267 18.5257453967631 18.1600473315201 18.0071366264625 17.7335101098809 17.5387183314922 17.3787032886786 17.2556248882438 17.2647972828241 17.0818198309427 17.1651708166963 16.9794885667744 17.1174282034463 16.9371146604621 17.2109398510591 17.1295287785064 17.3232691104013 17.4050912877849 17.8183043597727 -9999 -9999 -9999 -9999 -9999 -9999
18.922199896968 18.8424493538885 18.5485390660329 18.5182356199054 18.2953096755551 18.3868315838492 18.5456867592684 18.594349419066 18.6942141258407 18.4771830130124 18.652995091652 18.4489443557498 18.7410725952056 18.6164554964538 18.9825095752596 18.811826519229 19.0972644000232 18.6435593935872 18.8663000177746 18.4849070256915 18.6547108973791 18.1357346583005 18.3486113735738 17.9192722148337 18.2081226482842 17.8246879435697 17.9860943490579 17.4965872030757 17.6509514778333 17.2490389716206 17.5936825188893 17.2059719506409 17.5633139109161 17.1503732214866 17.6338456401857 17.3078634793184 17.7890530781429 17.5583844821911 18.0272052694115 17.78673278049 18.1476791201645 18.0159416299619 18.1905682568058 18.2275457526708 -9999 -9999 -9999 -9999 -9999
19.2104640080488 19.2099406078093 18.8925093567102 18.8789467602297 18.5599158674831 18.5942625886663 18.3231412896526 18.403200797863 18.1499110126218 18.2768004287377 18.0746345485831 18.2153866361313 18.1247588453781 18.1119339703042 18.0740830228979 18.0886830423157 18.0183660202049 17.9275103778043 17.922437895468 17.7643711623405 17.7811285019817 17.442636107212 17.5440753512151 17.2145198096338 17.4184105835218 17.1027731000796 17.2733657492687 16.9044986424821 17.1261051082874 16.9324878164804 17.3105246239281 17.2244937136314 17.4375145477966 17.3678459660427 17.7409680019803 17.66659035386 18.1755140127466 17.9745791701603 18.3252986228895 17.966815157019 18.3722875626958 17.9084271106155 18.4156968202232 18.3420692119427 -9999 -9999 -9999 -9999 -9999
19.4792746330965 19.4142085724724 19.1931311876689 19.1360669222068 18.9328507306664 18.8420511419158 18.689237340268 18.5909412346533 18.6348322536749 18.57872182978 18.6251109269676 18.589791698078 18.6086923136327 18.4626528114715 18.4983493436397 18.3136320940137 18.4297389030063 18.1794149448774 18.4118630110214 18.1329689077108 18.3189452689355 18.0486605547572 18.1700750431938 17.8112464532759 18.0273981172775 17.7261283760507 17.9223289661458 17.551139815636 17.8596305164797 17.6180754124472 18.0915302987049 17.8905996363509 18.2300636647217 18.0457194895605 18.3484880926575 18.3696303641741 18.518442014055 18.3801224106938 18.2652754461204 18.1834896703637 18.1591592081059 18.1875975505824 18.3457194179619 18.6510304327385 -9999 -9999 -9999 -9999 -9999
19.6225950740515 19.6643489666134 19.3593896198577 19.2895336458908 18.9739830685898 18.8869415374809 18.4968462216427 18.5437214433497 18.2481785643738 18.3350582550225 18.0773764795801 18.0928089514138 17.930857206352 17.9001192439684 17.8052710840204 17.746091425827 17.6337413351851 17.5924722303427 17.5811714247184 17.5047831550323 17.6274100902209 17.5303722909934 17.6584521928937 17.3581504059825 17.7033401405965 17.4119223291846 17.7057286322088 17.3086690358639 17.8691347492463 17.5102310789279 18.1191673579649 17.6786389733063 18.2529052778808 17.6879343928845 18.3630600777512 17.8079679902953 18.2808420371201 17.5599928872977 17.9827816343614 17.4700969484703 18.0089579915054 17.8440699926714 18.2432518592225 18.1993424330939 -9999 -9999 -9999 -9999 -9999
19.9858868782563 20.049333034747 19.8468299573851 19.7588724491068 19.6031669016796 19.5625263164465 19.4223107564655 19.3497289997247 19.3088256997872 18.9879886553183 18.7330711970926 18.4213570004022 18.4479167583216 18.385374222048 18.4024013704194 18.3128951977003 18.2251903953397 18.2569247382312 18.1779884034919 18.3677336919841 18.2661625210298 18.5700571380263 18.3058099729143 18.5902675518841 18.3497550054743 18.6610419249308 18.3722952885943 18.6579114178538 18.5843987189841 18.8245175685404 18.6564054279175 18.7185018457236 18.5263829896479 18.5007190612316 18.3069435152248 18.2155501859951 17.9446608427598 17.8958316611588 17.8308468802642 17.9677562575165 18.0603807771162 18.3184025357036 18.0885352441842 17.6557331625021 17.9239842043227 -9999 -9999 -9999 -9999
20.3933587521812 20.060599296317 20.2171801704818 19.8691037443821 20.0252091685338 19.7803889526148 19.9306777128445 19.4518701400535 19.6791993640613 19.1112448197065 18.9515761601291 18.3761768855442 18.5943645056034 18.2920743956683 18.5591794118532 18.2078003409887 18.3800676480154 18.1175985975146 18.3686344572492 18.1133704656983 18.3970517637171 18.0850499038117 18.4149908574096 18.0243824172006 18.3960749991468 17.9967855207712 18.4099990228492 18.0802102400633 18.5220879278171 18.0701161438386 18.4057415126651 17.8300822547389 18.2129514350352 17.5218461932228 17.8727077236684 17.1742333469661 17.6790287296079 17.1913871143041 17.8513287852906 17.5354656820541 18.0384129878714 17.7280434060388 17.6843823484034 17.7808143257902 17.3075695252334 -9999 -9999 -9999 -9999
19.7548100169807 20.2097259226747 19.7595058399314 20.0520921028023 19.8023153948026 20.0038947640711 19.8447392467007 19.8555563649353 19.6728814928859 19.6829947913724 19.4552422411676 19.1806983864066 19.0200014306525 19.0885784330684 18.8765997916396 19.0284271118141 18.7367885808446 19.0228966409219 18.7183345657744 19.0853454155945 18.6511549862288 19.0862167596074 18.5916123171185 19.0256585129022 18.5641257476544 18.981705935557 18.7152771789677 19.0084055445851 18.6485891310318 18.6758833506173 18.3803284220588 18.5400078933711 18.3488280707315 18.3865635341872 18.2144137621042 18.2284738958227 18.1637811942189 18.2300894602103 18.2717544739922 18.3270619996545 18.173161813025 17.9171567788758 17.9373514553133 17.8228065516506 18.3811301041517 -9999 -9999 -9999 -9999
19.8155263377901 18.970351799003 19.8903655210904 18.9470906806585 19.9171139382011 18.8852457832442 19.828096962695 18.7110334899726 19.6607224394144 18.5808780919189 19.4785424942173 18.4409928350991 19.1821317754246 18.2458513095122 18.9930099913211 18.2047687749017 18.9603783880738 18.3472000360438 18.9815334879769 18.3706659571633 18.8230091107937 18.3370209780238 18.8044169473478 18.4056552767274 18.6389601561812 18.4583686112042 18.9344950075922 18.9545401582647 18.972803448717 18.4076740747464 18.6611619991061 18.2419868232494 18.6377546049998 18.1546610297627 18.6173201138213 18.089280412255 18.5715402142224 18.0266015078591 18.3858240100763 17.7255191797699 17.5657192379417 17.5323887962642 17.7614969758838 18.2747920224485 18.132829027715 -9999 -9999 -9999 -9999
