All-in-one-application-example/output_with_currents/BIMAC_interpolation.asc
NCOLS 126 
NROWS 122 
XLLCORNER -63 
YLLCORNER 0 
CELLSIZE 0.5 
NODATA_value -9999 
[rows 66 to 87 of 122, columns 0 to 48 of 126]
20.2487185653356 19.8449513760084 19.7181920569858 19.3499215587835 20.0847613231553 20.6019286429979 21.1807952069866 21.244881774232 21.004263620648 21.1140615635878 21.0779962422577 21.0197302581022 20.5033487898672 20.3400527782535 20.3342812731333 21.1702272552119 21.279212471331 21.4997541001722 21.0202424533272 21.0521298195089 20.8278271096467 20.1712294295359 19.7837169377813 19.927046760563 20.401994422022 20.9111136036866 21.1069848138567 20.301766681375 20.2795697853788 20.2326688264156 20.7068400597732 20.5841802959252 20.8797861827847 19.9477323308932 20.040136799261 19.9955622912597 21.3375381268299 21.9295140419461 22.3389440236644 21.9021160812921 21.3912604208265 20.6272684108564 20.4975750643593 20.6729937221064 20.8042737464242 20.5762830361675 20.3432923236795 20.1318488862314 19.8104503444081
19.2969602509655 19.2523422720742 19.09611049196 19.7758910787467 19.7825191124677 20.54047273915 20.7212106380175 20.8289052797779 20.6696491420942 20.6250543727794 20.7700088703295 20.5730713220637 20.1212361785015 20.223001224236 20.862760716701 21.4185705247964 21.4091845503652 21.4508383537221 21.3475847262272 21.7663502868206 21.4496324141107 20.8765733863661 20.0268877708642 20.3642328673684 20.5523932456533 21.0263097266421 21.2080385583701 21.2356809385538 20.5438209260798 20.9391705469385 20.9691052011965 21.1088048426186 21.002466509782 20.6210099550714 20.3372016656263 20.3441556858757 20.8311354389772 21.6405834174808 22.2412767264154 21.7553294369183 21.3448002200487 20.7718216993632 20.8386293843047 20.945061577791 21.0527209080837 20.9763344574254 20.7101059943457 20.4867704042599 20.5229853080868
19.5137518700564 19.3081533979245 19.6634609008661 19.6848927819867 20.2061469039493 20.6071051616765 20.7677795548535 21.0462336450701 20.7263320887973 20.8787076352221 20.8608934535086 20.8989738353712 20.6169462818541 20.9464618269317 21.1997965385569 21.7467927811305 21.7063176672619 21.6487584930404 21.9758616283949 22.3029638359345 21.9077949750901 20.7408305203935 20.4832178373902 20.3278853811346 20.6295797431482 20.7799951105495 21.0877604756064 21.2809728482898 21.4895798180569 21.4305264197803 21.9930160980684 21.5358628175336 21.5653648777821 20.9409188659271 21.2832777125571 20.6269324031851 21.1927693767863 20.8807887460672 21.8262347056932 21.4710071001855 21.2635948589069 20.6292196956217 20.6825912326303 20.6607781668979 20.6460992518794 20.853845850435 20.365747574403 20.6876657722148 20.5476341316637
19.8343683486999 19.6565048965476 19.4753256448474 19.7615237186104 20.5095847231047 20.8363679754479 20.7576688938799 20.8897541382582 20.6575051361609 20.7494891178168 20.6592430183494 20.6484868402969 20.6294220308963 20.8402893187008 21.3365717617322 21.8149812174697 21.976275550429 21.8794242397814 21.9165892682981 22.0984876026131 21.9669439605756 21.3467121908629 20.9161421729656 20.953421651223 20.9301248070882 20.9527527492075 20.9772115541083 20.9272812623691 21.1900371352954 21.5428141113908 21.6354158060612 21.2476507610043 20.9527039006681 20.9213023007861 20.9902759059657 20.933510839871 20.7556417845543 20.7807433513527 20.8555008587858 21.0768313664836 20.9196498608094 20.9329177520153 20.440822062436 20.7851078065843 21.1103350695052 21.2992958139946 21.2112271890108 21.1925776140732 21.106820454647
21.2528041967189 20.3925407650413 19.8513364674758 20.4400572992068 21.5843737690429 21.5385130293312 21.4212994502322 21.2814095939881 21.2582540720365 21.071891067243 20.9149775625624 20.7919501303286 20.8240755280945 21.1000127913866 21.035697549575 21.6360387899305 22.0906494007918 22.0223181253998 22.3464690246457 22.2821165674225 22.3804309806333 21.4814228586935 21.368251967599 20.9523898016306 21.3445686980863 21.5019617848396 21.5415918969738 21.4473500287245 21.2587524364285 21.6816352132763 21.6946480176274 21.3464638528559 21.1756530780564 20.8399403343506 21.1684997035142 20.7254786337101 21.0467493972248 20.6518932051179 20.9188052820567 20.6254611261373 20.648011214342 20.4407900346149 20.4095315528432 20.2323257933913 20.6823429993063 21.1419871766129 21.1890964221305 21.2429292307018 21.223248890948
20.257321308774 19.1407368452892 19.8043527984604 21.3412368103776 22.518057238967 21.7904232554734 21.5145830368382 21.0007843388189 20.8255919781851 20.7798353365537 20.4398443211373 20.3942081431832 20.5635166576596 20.6369464382596 20.6755368772206 21.0444873991091 21.4421104829618 21.4600344051199 21.2040158250163 21.0334337534788 20.8113437136118 20.482539876406 20.3280835765074 20.463241791132 20.5933158138155 21.0335705516653 21.002470092194 20.7758476196715 20.521887683686 20.3372983676507 20.7623366874469 20.7719415674223 20.9746673218083 20.6306853894596 20.7826057372583 20.6167407300261 20.6039544093626 20.5848379577914 20.4575956711774 20.5913737704307 20.1918170732257 20.4005790925714 20.185130372189 20.4682683672421 20.2333982474396 20.8823010125227 21.1472782877311 21.4472733064374 21.2521134224751
19.2697613876939 19.4512145946143 21.1606341481958 22.6378468391604 22.782234886349 22.2445314416328 21.3436527569515 20.5732095186717 20.762209262191 20.5635412164841 20.5170070961828 20.6476254572764 20.6850945934726 20.6989775108307 20.420273550719 20.6260238056169 20.7430368915868 20.7392967788272 20.5641386052194 20.0786750317088 20.1711114851719 19.8842944998012 20.4219313847293 20.3171783934836 21.0819002371439 20.9707416842906 21.1091634257538 20.4545419478874 20.0011613208753 19.5773440359688 19.7849902235224 20.0644658529123 20.2111617988245 20.015196659458 20.0652085216276 19.94207891414 20.0577581119807 19.8227008019151 20.128673486455 19.8918855952453 19.8850127879835 19.7236849742799 19.8112411279539 19.7528783827861 19.8625063138964 19.8769994852721 20.520501409856 20.8096152476041 21.037863795866
20.5108639356717 21.1000994717429 22.3311542639603 22.1117699534958 22.359549883236 20.9284121423259 20.7550009846164 19.9412791653901 20.3098661884204 20.4986671297073 20.8235248523651 20.9510356826697 21.3307935928898 20.745596289805 20.3395451694223 20.6253768496975 20.3913699930834 20.2949427938952 19.5782400510156 19.9017413139408 20.0131014852137 20.700425690042 20.6232518528852 21.2057163941879 21.4185381331852 22.0076132906804 21.665611625645 21.0048000491681 19.8829141247051 19.4230356879139 19.3472568126357 19.3550887722685 19.5891891438118 19.3531111142479 19.6994544766761 19.5212275580364 19.8066775179657 19.7101636458836 19.966530267352 19.9605621026483 19.9738757217436 19.8459277605698 19.874719747221 19.7145840921855 19.8600102804488 19.6981027006929 19.9033959741021 20.5601998700037 20.6877689661836
23.1550629984653 23.0927547349302 22.6568335018328 22.2388930793125 21.3591563889605 21.1171472553373 20.3869089082234 20.1289250182533 20.6462254347917 20.7541294299912 20.9098913315512 21.8932290008596 21.6584153547043 21.4349777743897 20.5076372769286 20.7550149139705 20.758699639924 20.7962911398953 20.1395063411121 20.480246411713 21.4857963733626 21.6354157274581 22.1978924743297 21.980633941008 22.7724124669335 22.9216419836985 23.3753309600513 22.2438291690429 21.5273550152721 20.6662165838507 20.5496603765928 20.0271806492027 19.9679792313552 19.7886986525473 19.8639306999983 19.8440320016816 20.0055782351854 20.0250495869231 20.1508308404809 20.214143443725 20.1846265637937 20.1491666962124 19.884838268465 20.1139869730985 19.8852915859405 19.9349909003558 19.8417375349882 20.2905022301764 20.6372884050141
23.5609812648686 22.7233743509307 22.6417216008524 21.0171230689119 21.3943733430179 20.1686160119636 20.1290822473425 19.8344222485097 20.4550209748759 20.5323670430713 21.1249324611166 21.5157751258965 22.1112276684332 21.2873149270788 20.753026868063 20.9047799890654 20.7735253970619 21.1382686516883 20.3943659596991 20.875942597766 20.8872951683653 22.0723688063287 21.6766148076478 22.2413836340564 22.122151155968 22.8975296624088 22.8556025484101 22.956663127062 22.3480064653337 22.1463556778438 21.6607308628597 21.4890473271499 21.1224447941774 20.9828310078493 20.7858757521775 20.6218534341645 20.5655928996721 20.2245103692435 20.3364265125861 20.2946768862304 20.7404748723403 20.5658196845328 20.7258220836 20.4312788016828 20.6245274254758 20.4079701582228 20.4258053505652 20.4283402596363 20.6457073806117
22.8703758347784 22.7978432046972 22.4271172560081 22.0142058309293 21.2804937904225 21.1926924997954 20.5647947753126 20.357735799643 20.6597807008438 20.862874058314 20.9215756264323 22.0972411464012 21.8261443742816 22.0059675737741 20.9501832362172 21.0257851705818 20.6324713371585 20.941554924327 20.7101422916881 20.6762046951213 20.9442025641313 21.0128957748394 21.688882064353 21.4520358406293 21.9690179936329 21.6421117199405 22.1345846887749 21.8283147482344 22.1713521523625 21.6052918502228 21.6534063473252 21.4182169845883 21.7655542051614 21.687089720771 21.4795991376728 21.1459196760278 20.9003228655387 20.5160323898158 19.6848462253666 19.8022454397226 19.6585326333834 20.3491979516032 20.1108860830972 20.5143130983416 20.3838127281362 20.8243307787624 20.724087789639 20.9023615419021 20.7297793724705
22.3943702605067 22.4955568877966 22.2716884243299 21.6096231247999 21.383821866943 20.9042630088492 20.7871025633839 20.5216398506915 20.4891486498946 20.7385347985324 21.0139505796245 21.3921321765782 21.8091070990289 21.5335652245037 21.206922718364 20.7665131803737 20.4540807665283 20.6923783657119 20.431400605113 20.7191050222814 20.5754640975543 20.9818128935155 20.8660936266908 21.3810734629276 21.1069340777772 21.3924548051287 21.2058661162306 21.55531128856 21.2903929430912 21.3341915733724 20.9681013543395 21.2206765531957 21.5017884005046 22.0930929080224 21.7877548360308 21.3727850040379 21.1539179038956 21.189145957227 20.4178165092846 19.5894350053347 19.5970758479145 19.4024097685195 19.8177020381436 19.5513838305395 19.9239414018957 19.8549882823372 20.218999979059 19.9547526976517 20.2288948349813
22.0910550875225 21.9432276782239 21.5981428596882 21.8044310785479 21.3609164685838 21.6627638112582 21.1517750230272 21.3401152111924 20.7890083877024 21.1329069499144 20.8085033567584 21.4256318855092 21.1272650618289 21.6585153372388 20.9621851741103 21.0544379290018 20.4451055353356 20.568931379907 20.2964636711715 20.2350500010969 20.4310367497627 20.4728101391454 20.8883141742037 20.6757408170314 20.9907914870888 20.6067353117813 20.9191884325217 20.7041436250636 21.1374320513161 20.7983472615919 20.9531777087464 20.7221744581796 21.3571608917791 21.6499485905431 21.9002347544472 21.534877612399 21.4363119846584 21.5553782725477 21.5454890368804 20.7248933169149 19.7992033085785 19.8552298497259 19.4871061430986 19.663522659732 19.3562842711378 19.5987279564101 19.4203044663142 19.4316949506601 19.1934726722532
20.9502993160237 20.9087957726892 20.5166418838333 21.0154164020612 20.8561664369153 21.2500042060907 20.798147624952 20.9497497590867 20.5050339265675 20.7223779499414 20.4248066068953 20.7179418864276 20.5065149440939 20.7546842400608 20.6319458430399 20.7767702673659 20.7025251245791 20.8157480076672 20.8270693068 20.3690812755508 20.1163854722073 19.9980280802099 19.9098151527436 20.2944217876975 20.5414717647929 21.2019247025583 21.0404818995034 21.2595259327054 21.4419548833507 21.7231174073552 21.3592912414868 21.1874698110237 20.9962958548318 21.295833465616 21.2962238977199 21.2886764255032 21.0903509753559 21.3458974248488 21.543894026047 21.3164542774931 20.8331827002499 20.1492225504791 20.1989364075978 19.5943531034896 19.8425027189148 19.2687743230718 19.5929915528129 18.9768793346526 19.1078675541594
20.2996553454065 20.6871543730574 20.1128763565296 20.7927376180981 20.8379912847717 21.8386385304775 21.5178336485403 21.7579877845481 21.1978368538093 21.4503780998873 21.0265738951591 21.0282363373799 20.2803315583259 20.3134209086861 19.9305685501278 20.0667009568689 19.9370168177475 20.2153599842406 20.6804245751577 20.7985413377428 20.2271698744566 19.8181144301598 19.4564482496635 19.337229803717 20.1707794107401 20.7671986782468 21.1797757988385 20.9843097108699 21.4863914789431 21.6294086036836 21.7871552643301 21.1555147874886 21.3518624141336 21.1140433741993 21.5374180114896 21.1829394959785 21.5394933295641 21.1618194703396 21.6334121184628 21.1621257895483 21.3892574799359 20.781783493242 20.7730202481298 20.4017171633018 20.3104744624748 20.0374725140899 19.8590495561384 19.5457078776991 19.3647881785756
20.3875979323274 20.236071899378 19.9730324874875 20.2501514077376 20.3734096805626 21.4878331939666 21.5485624211514 21.8766485462812 21.364549030611 22.0406360288931 21.8065315597807 22.0489241332086 20.9879726219129 20.6994151262179 20.3435427240653 20.2347621278986 19.9938701337603 19.8041780885753 20.1063669757897 20.4952813525645 20.499837491091 19.9201821047554 19.4285942762043 19.4128051471877 19.518635866285 20.4919511766889 20.5366708168293 20.778923205829 20.6372971117933 20.961886424604 20.8974445241683 20.8514343488907 20.5991195936003 20.7056459444072 20.6058936984261 20.6748573657649 20.7108745219943 20.8049125000222 20.8584630608486 20.8832370840955 20.8046309520546 20.6891083634952 20.5527850749526 20.3622227591176 20.2262915779472 19.920831826951 19.9180077799816 19.5613859538623 19.5916627672977
20.3080890038414 20.5186013952895 19.9203281477454 20.2974113700548 20.1046919886097 21.0530211115532 21.1519232046036 21.688014298919 21.2704854696827 21.7948615484802 22.2058853252514 22.3725046544473 21.8461534478509 21.2828588962533 21.0288277903378 20.7175827046807 20.5509906759876 19.9356319500038 19.766077781858 19.8499881589117 20.4073254910968 20.3250193873645 20.046455602618 19.9443632554931 19.8022871576442 20.0045163589925 20.1219981472122 20.2592932833501 20.2393215382663 20.3251277650138 20.3995856500276 20.4903898699281 20.5060567059447 20.3835914722621 20.3825595082917 20.0809013473465 20.1924399073925 19.9383853218408 20.2584387243065 20.1565389852156 20.518973392953 20.3086106172977 20.5579328269702 20.2753401037327 20.3127764262069 20.0043750630726 19.9751430271471 19.6998360296862 19.6711794796198
20.1239629941653 19.9128634237852 20.0224714758748 19.8174156421516 19.893395995639 19.984353589686 20.1642998184204 20.2228903705521 20.2965423071185 20.4749397679706 20.9992409145004 21.4574213227769 21.588493909093 21.2638693248516 21.5058082061569 21.1032951735969 21.5516479271082 20.6942604198888 20.8623940984473 20.0780772630176 20.6363382637071 20.2638625880348 20.614463392784 20.2333921821834 20.505027035677 20.2019823591093 20.3837598311035 20.1921830190597 20.2560059559433 20.1346236032212 20.1827156675407 20.2387801399948 20.1715068557888 20.1214238921027 19.914614776939 19.8474196158362 19.6309395866888 19.6434026782427 19.6115733090749 19.6781900825648 19.7542357869242 19.7885363353285 19.9545410012784 19.9141194372411 20.1560628971189 19.9714826372468 20.0660718869745 19.7881604386945 19.8970258352986
19.1159924125855 19.3334597678827 19.1675531290953 19.1273661422148 18.9927065569937 19.1160752178879 19.0785851126257 19.2885341931772 19.2292694660864 19.3112397291186 19.4655662135334 19.5654263292362 20.044465367715 19.9609180724224 20.567580265293 20.3955504439538 20.9554484232775 20.655692673573 21.0007116771761 20.5784285210313 20.8357125884075 20.4859907106463 20.7922401600103 20.516384966489 20.6878674505679 20.3697964830449 20.5433477906714 20.388067151368 20.6844504421986 20.6289248399842 20.9938433184732 20.7745143971665 21.0788212464872 20.591675097586 20.742328017001 20.2881639836043 20.5788531191599 20.0621417401339 20.3881362977078 19.9341102345453 20.1172526129932 19.8649006630049 20.1593395535141 20.0781944944642 20.4044131088109 20.2179760694841 20.3743617381381 20.0761586851681 20.2780178842227
18.5221332047795 18.4910690399586 18.6254861151169 18.2885169712893 18.4013988053645 18.1694002865148 18.4478586858733 18.3416330301446 18.7040902159451 18.4610730048644 18.847471158606 18.3683863560509 19.1572214190929 18.8520537263456 20.1789207414391 19.7840999664269 21.0206487188806 20.3799277754653 21.4140506608804 20.560703688017 21.3360893187922 20.3417474038884 20.8217154656554 19.8693524181172 20.1968488505661 19.4434982911881 19.7133023729348 19.2212637803808 19.4874713871982 19.3993128879601 19.6423856764825 20.0403661482182 20.0843686488057 20.304286768249 19.9466782942988 20.2156404482079 20.0528676397189 20.602612265372 20.3464855634666 20.5815052883007 20.1849964589946 20.3757959130029 20.2084875036423 20.5918738551636 20.5224478663171 20.661927242037 20.2184593340066 20.5102180073539 20.1389830504116
18.7832075688962 18.3621334709817 18.3316307357548 17.9153392772222 18.1473068870671 17.6574526598673 18.00710675463 17.8687706937674 18.3104421663674 18.0685232380871 18.8299653118304 18.090958520097 18.413934175592 18.0066581906759 18.9272792305529 19.0544011355672 19.7373536763301 19.6908555037006 20.323006244414 20.4373990102989 21.1224833069049 21.0714093686985 21.2945283213431 20.8424024804391 20.8090355962838 20.3428264037507 20.3557860842298 19.8402203386503 19.7709242893093 19.1641752614003 19.4657629039891 19.0910002221428 19.7618926842348 19.0239210405551 19.4094004505366 18.678401792476 19.3897603579363 19.0498390151487 19.8109070311016 19.2701695466586 19.7156171459408 19.2975186887981 19.7779823170868 19.6267014714075 20.238436569572 19.7286744463025 20.2047241268264 19.6444236133614 20.28477240851
19.3071118892685 19.4045668088516 19.0824736099983 18.9081918409923 18.4787022378107 18.2214763996536 18.0302036759607 18.1054784306015 18.4113599094374 18.2481179601807 18.9921316821368 18.9332865196855 18.6885910925849 17.9708492789718 18.762229815324 18.3883217030535 19.0880954187059 18.612388014792 19.4145735498073 19.4619270640864 20.5134166751764 20.5666730931804 21.2319067508681 20.9376912552301 21.1670069901779 20.7323938608377 20.8727451939571 20.3876512239214 20.1029550095919 19.4686920051139 19.2128112313338 19.1506822977503 18.9850079093988 19.0632902179495 18.5244289103787 18.675208392428 18.3234698607209 18.8764679173375 18.6155592620943 19.0743468063135 18.5849527276373 19.0617793610281 18.6449993363107 19.3268178877847 18.8660477602339 19.6390265088414 18.8882167009166 19.7134222912055 18.9299568850128
