All-in-one-application-example/output_with_currents/BIMAC_IDW_prior.asc
NCOLS 126 
NROWS 122 
XLLCORNER -63 
YLLCORNER 0 
CELLSIZE 0.5 
NODATA_value -9999 
[rows 78 to 103 of 122, columns 60 to 119 of 126]
22.2 21.7546550002935 21.4 21.4 21.4 21.4 21.4 21.4 21.4 21.4 21.222237998694 21.1117025535753 21.000005588007 21 20.9108066943994 20.8062870566386 20.75 20.5 20.45 20.4 20.4 20.4 20.4 19.7037861047388 18.9 18.9 18.9624638797705 18.9666666666667 18.970620214761 19 19 19.0145436575473 -9999 -9999 -9999 -9999 -9999 -9999 -9999 -9999 -9999 -9999 -9999 -9999 -9999 -9999 -9999 -9999 -9999 -9999 -9999 -9999 -9999 -9999 -9999 -9999 -9999 -9999 -9999 -9999
21.9822087624749 21.7493220526292 21.4 21.4 21.4 21.4 21.4 21.4 21.4 21.3375846998148 21.2217670298562 21.1086069529207 21.0000092585131 21.0000069071565 21.000007450676 21.0000085559589 21 20.4 20.4 20.4 20.4 20.4 20.4 19.65 18.9 18.8234435562925 18.8171572875254 18.8 18.7828427124746 18.7765564437075 18.7 18.7 -9999 -9999 -9999 -9999 -9999 -9999 -9999 -9999 -9999 -9999 -9999 -9999 -9999 -9999 -9999 -9999 -9999 -9999 -9999 -9999 -9999 -9999 -9999 -9999 -9999 -9999 -9999 -9999
22.017518987138 21.7964294904276 21.4 21.4 21.4 21.4 21.4 21.4 21.4 21.3139885091811 21.2052321930526 21.0918788727859 21.0000154448715 21.0000130935148 21.000011176014 21.0000105531961 21 20.4 20.4 20.4 20.3565741454089 20.338196601125 20.314589803375 19.8333333333333 19.3976168840985 18.838196601125 18.838196601125 18.8 18.761803398875 18.761803398875 18.7 18.7 18.798133723121 -9999 -9999 -9999 -9999 -9999 -9999 -9999 -9999 -9999 -9999 -9999 -9999 -9999 -9999 -9999 -9999 -9999 -9999 -9999 -9999 -9999 -9999 -9999 -9999 -9999 -9999 -9999
22.1456297007528 21.9184272825352 21.4 21.4 21.4 21.4 21.4 21.4 21.4 21.2824390749447 21.2231601317148 21.0713722115315 21.000022352028 21.000016764021 21.0000136922737 21.0000122005537 20.7392889256848 20.4 20.4 20.3565741454089 20.4 20.338196601125 20.3 19.8708203932499 19.438477631085 19.0824619631282 18.9 18.8 18.7 18.75 18.7 18.7 18.7601440711805 -9999 -9999 -9999 -9999 -9999 -9999 -9999 -9999 -9999 -9999 -9999 -9999 -9999 -9999 -9999 -9999 -9999 -9999 -9999 -9999 -9999 -9999 -9999 -9999 -9999 -9999 -9999
22.5 22.114157115037 21.8396926029805 21.4 21.4 21.4 21.4 21.4 21.4 21.2467310957053 21.1673683877472 21.0640906391503 21.048067596555 21.0563618641505 21.000022352028 21.000022352028 20.7374125470901 20.4 20.4 20.2447582179225 20.2596173326141 20.2237025720678 20.196923282609 19.7528176717866 19.2295668314061 19.0254628535228 18.8112820246765 18.7861863092724 18.7679463039523 18.761803398875 18.7 18.7 18.7356896780458 -9999 -9999 -9999 -9999 -9999 -9999 -9999 -9999 -9999 -9999 -9999 -9999 -9999 -9999 -9999 -9999 -9999 -9999 -9999 -9999 -9999 -9999 -9999 -9999 -9999 -9999 -9999
22.5 22.5 22.0437516854705 21.8051523165918 21.6340263761552 21.5176707164673 21.4303489690541 21.3657188194923 21.2 21.1120882650385 21.1117061808101 21.1055833621962 21.0944389898318 21.0883161712179 21.0879340869894 21.000022352028 20.7753515227338 20.4 20.1801960972814 20.1853423036805 20.17639320225 20.1689005453537 20.2 19.6762941760605 19.31547046995 19.016273861178 18.7832978398418 18.7791437821477 18.7714510597492 18.7830460965015 18.7 18.7 18.7258690315078 -9999 -9999 -9999 -9999 -9999 -9999 -9999 -9999 -9999 -9999 -9999 -9999 -9999 -9999 -9999 -9999 -9999 -9999 -9999 -9999 -9999 -9999 -9999 -9999 -9999 -9999 -9999
22.5 22.5 22.1443351977776 21.9248767174414 21.7399214410833 21.6006873412782 21.4943496865595 21.4103618388556 21.2 21.3531128874149 21.2546076148259 21.2507702993277 21.2546684828825 21.2589720003029 21.1098297969092 21.0869005667989 20.9 20.9 20.3776803193894 20.1343145750508 20.1022182603992 20.0829879877631 19.9257322227784 19.549396059235 19.224112290139 18.9600049919209 18.7719075720306 18.7749709186632 18.7729128676563 18.75 18.7 18.7360770324535 18.7311980739021 18.7305751969798 -9999 -9999 -9999 -9999 -9999 -9999 -9999 -9999 -9999 -9999 -9999 -9999 -9999 -9999 -9999 -9999 -9999 -9999 -9999 -9999 -9999 -9999 -9999 -9999 -9999 -9999
22.5 22.5 22.1981397608551 21.9857968616269 21.8019078724445 21.6747294391348 21.5760601676288 21.497532788947 21.3816653826392 21.3656854249492 21.3198102736226 21.2 21.3180339887499 21.2663536055646 21.2351378844065 21.0766073760449 21.0427156689301 20.9 20.4147186257614 20.2418555612645 19.9783611624891 19.9 19.7946952504211 19.5180420274138 19.2609285646112 18.7 18.8 18.7666666666667 18.76 18.8 18.7827285847566 18.7616223075846 18.7425333528059 18.7374934267584 -9999 -9999 -9999 -9999 -9999 -9999 -9999 -9999 -9999 -9999 -9999 -9999 -9999 -9999 -9999 -9999 -9999 -9999 -9999 -9999 -9999 -9999 -9999 -9999 -9999 -9999
22.5 22.5 22.2201938388769 22.0030987775064 21.8249294825438 21.8 21.6598245749009 21.6539501058485 21.5246664324218 21.4958080184979 21.3980636600301 21.3817256002368 21.3666666666667 21.2832409905539 21.235280140933 21.0549703546891 20.9961012293408 20.9 20.4857864376269 20.3142135623731 19.9845187140071 19.9769358952431 19.7572594176661 19.5226540919661 19.3629391842035 19.0026886619675 18.9715728752538 19.0012325903596 18.7585786437627 18.8 18.8183532418818 18.7892359843777 18.7579513054649 18.7492945888445 -9999 -9999 -9999 -9999 -9999 -9999 -9999 -9999 -9999 -9999 -9999 -9999 -9999 -9999 -9999 -9999 -9999 -9999 -9999 -9999 -9999 -9999 -9999 -9999 -9999 -9999
22.5 22.5 22.215389519085 21.9915026530674 21.8 21.6681176583689 21.6675444679663 21.6583592135001 21.5541065173703 21.5302238917592 21.4926908238483 21.6 21.4043140005921 21.3 21.2394816826113 21.0333333333333 20.9 20.9 20.5432108276747 20.3852813742386 19.9 19.9387425886723 19.6541352261543 19.5106333365378 19.5027341045762 19.2826925598434 19.1527864045 19.1080748405584 18.7560392194563 18.8 18.852172222689 18.8132678793934 18.7750779603947 18.7643672776058 -9999 -9999 -9999 -9999 -9999 -9999 -9999 -9999 -9999 -9999 -9999 -9999 -9999 -9999 -9999 -9999 -9999 -9999 -9999 -9999 -9999 -9999 -9999 -9999 -9999 -9999
22.5 22.4437258960458 22.2410727119849 22.0181405273209 21.8 21.6757359312881 21.6837722339832 21.6757359312881 21.6204718277037 21.5509240619359 21.5035497441136 21.4573427133971 21.4043140005921 21.290169481809 21.2428668086714 21.0549703546891 20.9961012293408 20.9 20.9 20.4327485830029 19.9 19.95 19.9612574113277 19.7502475793723 20 19.5072588382002 19.2944297642984 19.2016188295143 18.8 18.9658578473195 18.9068311279065 18.847880065431 18.8005091690489 -9999 -9999 -9999 -9999 -9999 -9999 -9999 -9999 -9999 -9999 -9999 -9999 -9999 -9999 -9999 -9999 -9999 -9999 -9999 -9999 -9999 -9999 -9999 -9999 -9999 -9999 -9999
22.7071404158885 22.521713860619 22.3150459637677 22.0824007663873 21.8 21.68 21.7 21.8 21.5 21.6 21.5572896272242 21.4825504172377 21.45 21.2956901520636 21.2460018511381 21.0766073760449 21.0427156689301 20.9 20.9 20.9 20.2510992521382 20 20 20 20 20 20 20 19.3114545165414 19.1093229827869 18.9939784127014 18.909708884471 18.851889368015 -9999 -9999 -9999 -9999 -9999 -9999 -9999 -9999 -9999 -9999 -9999 -9999 -9999 -9999 -9999 -9999 -9999 -9999 -9999 -9999 -9999 -9999 -9999 -9999 -9999 -9999 -9999
22.7944039881606 22.6272311883869 22.4330814613177 22.1894994047528 21.8 21.6757359312881 21.6837722339832 21.6757359312881 21.6242640687119 21.6130840450446 21.6171572875254 21.4761177917046 21.45 21.4362490369794 21.1130994332011 21.0869005667989 20.9 20.9 20.9 20.6380383772272 20.3344674664295 20 20 20 20 20 20 20 19.4460537828312 19.2260581534935 19.0859241430696 18.986031760024 18.9212393783524 -9999 -9999 -9999 -9999 -9999 -9999 -9999 -9999 -9999 -9999 -9999 -9999 -9999 -9999 -9999 -9999 -9999 -9999 -9999 -9999 -9999 -9999 -9999 -9999 -9999 -9999 -9999
22.897152536538 22.7792618034833 22.6286755849436 22.40260464971 21.8 21.6681176583689 21.6675444679663 21.6583592135001 21.6416407864999 21.6324555320337 21.6318823416311 21.5 21.8946072479977 21.8713881112997 21.7656524582058 21.6396776611885 21.4783923048303 21.29014115624 21.0687316152438 20.8087393123547 20.5337474386341 20.2706025932113 20 20 20 20 20 19.7586214815664 19.5414817953701 19.3499272196289 19.1993723050656 19.0821311362766 -9999 -9999 -9999 -9999 -9999 -9999 -9999 -9999 -9999 -9999 -9999 -9999 -9999 -9999 -9999 -9999 -9999 -9999 -9999 -9999 -9999 -9999 -9999 -9999 -9999 -9999 -9999 -9999
23.0565835097474 23.0434164902526 23.0336257084986 22.8 22.3995681471137 21.8 21.6598245749009 21.6539501058485 21.6460498941515 21.6401754250991 21.5 22.3610277752928 22.4031774548638 22.3626638871026 22.2645286714698 22.1497408024307 21.9880086990093 21.7109581591786 21.3986503951517 21.0891967286772 20.8018315019141 20.5537675002607 20.3774375996248 20.2936054569342 20.2282563110563 20.1632644153951 20.0657449078552 19.9054075835586 19.7146239450385 19.5313145068087 19.3688653659498 -9999 -9999 -9999 -9999 -9999 -9999 -9999 -9999 -9999 -9999 -9999 -9999 -9999 -9999 -9999 -9999 -9999 -9999 -9999 -9999 -9999 -9999 -9999 -9999 -9999 -9999 -9999 -9999 -9999
23.0639320225002 23.0360679774998 23.0207592200561 23.0198039027186 22.8 22.5294797373151 22.4388456488115 22.4743473393273 22.6488138433855 23.6 23.6 23.6 23.272924008102 23.227075991898 22.9 22.9 22.9 22.1257195374998 21.7430919920144 21.3783066846492 21.0722450832563 20.8383199714697 20.683956253456 20.6133951796892 20.5466086230135 20.4685914520151 20.3475677683014 20.1750028169007 19.974871913981 19.7826244485142 19.6178186345515 19.493524933244 -9999 -9999 -9999 -9999 -9999 -9999 -9999 -9999 -9999 -9999 -9999 -9999 -9999 -9999 -9999 -9999 -9999 -9999 -9999 -9999 -9999 -9999 -9999 -9999 -9999 -9999 -9999 -9999
23.0928932188135 23.0071067811865 22.9937129433614 23.0071067811865 22.8 22.8950498016321 22.8770885633053 22.9814325667064 23.6 23.6 23.6 23.3502475793723 23.2909370919214 23.2090629080786 23.1497524206277 22.9 22.9 22.9 22.0337329230725 21.6286511080921 21.3202947723519 21.1201055114102 21.0344217309547 20.9965085656571 20.9481500917875 20.8829447592293 20.7643140864116 20.5399619879698 20.2970187782926 20.0702220677863 19.8722803449057 19.7130763718054 19.6053466602517 -9999 -9999 -9999 -9999 -9999 -9999 -9999 -9999 -9999 -9999 -9999 -9999 -9999 -9999 -9999 -9999 -9999 -9999 -9999 -9999 -9999 -9999 -9999 -9999 -9999 -9999 -9999
23.3 22.8 23.0769378501005 23.1714285714286 23.1894663844041 23.6 23.2506392462901 23.8 23.608546367843 23.6031192490849 23.5974782970008 23.4800218377327 23.3425947220681 23.171198120706 23.0681771513464 22.9 22.9 22.9 22.2740984953776 21.8933402326627 21.5962378722549 21.4227615711463 21.6 21.6 21.6 21.6 21.6 20.941295471718 20.6703074281721 20.4244602110719 20.216339584035 20.0444997078094 -9999 -9999 -9999 -9999 -9999 -9999 -9999 -9999 -9999 -9999 -9999 -9999 -9999 -9999 -9999 -9999 -9999 -9999 -9999 -9999 -9999 -9999 -9999 -9999 -9999 -9999 -9999 -9999
23.1637670770377 23.1088311754569 23.163013013927 23.2417410257476 23.2686291501015 23.6 23.7 23.6241568778252 23.6165170934709 23.6072949016875 23.5945782625366 23.6 23.4285982164692 23.1749458587676 22.9 22.9 22.9 22.9 22.4828104873741 22.1575187880711 21.8525353696356 21.6 21.6 21.6 21.6 21.6 21.6 21.6 21.0193272236534 20.7966276373615 20.623446773653 20.4976264218536 -9999 -9999 -9999 -9999 -9999 -9999 -9999 -9999 -9999 -9999 -9999 -9999 -9999 -9999 -9999 -9999 -9999 -9999 -9999 -9999 -9999 -9999 -9999 -9999 -9999 -9999 -9999 -9999
23.1981049126092 23.2169293871364 23.2923901034403 23.375555240121 23.3746167626478 23.6 23.7 23.6343145750508 23.6353464369019 23.6271912406328 23.5757359312881 23.4893613653487 23.4231027994831 23.2203998469525 23.0681771513464 22.9 22.9 22.9 22.7140064030022 22.45740527779 22.1315075532234 21.6 21.6 21.6 21.6 21.6 21.6 21.6 21.3276265059549 21.1935103936342 21.0834027211246 21.0081423324702 21.0035148211638 -9999 -9999 -9999 -9999 -9999 -9999 -9999 -9999 -9999 -9999 -9999 -9999 -9999 -9999 -9999 -9999 -9999 -9999 -9999 -9999 -9999 -9999 -9999 -9999 -9999 -9999 -9999
23.2408747459788 23.2855017130659 23.3890361997273 23.6 23.6 23.6 23.7 23.64 23.6351705763797 23.8 23.4 23.4743944225519 23.438575087416 23.2651828969516 23.1497524206277 22.9 22.9 22.9 23.0440534390681 22.8744162601705 22.5369251411348 21.6 21.6 21.6 21.6 21.6 21.6 21.6 21.6634800975509 21.6302601280507 21.5833670602864 21.5330473882555 21.4538803455233 21.433926397178 -9999 -9999 -9999 -9999 -9999 -9999 -9999 -9999 -9999 -9999 -9999 -9999 -9999 -9999 -9999 -9999 -9999 -9999 -9999 -9999 -9999 -9999 -9999 -9999 -9999 -9999
23.6 23.6 23.6 23.6 23.6 23.9062257748299 23.9333333333333 23.7929437734548 23.7478018114508 23.6870194065929 23.5569701750872 23.5500224142444 23.4505193107809 23.3369005667989 22.9 22.9 23.4 23.9 23.9 23.9 23.9 21.6 21.6 21.6 21.6 21.6 21.6 21.8803508501983 22.2 22.2 22.2 22.2 21.8263744940166 -9999 -9999 -9999 -9999 -9999 -9999 -9999 -9999 -9999 -9999 -9999 -9999 -9999 -9999 -9999 -9999 -9999 -9999 -9999 -9999 -9999 -9999 -9999 -9999 -9999 -9999 -9999
23.6 23.6 23.6 23.6 23.9062257748299 24 24.0124515496597 23.86508851954 23.7957189107387 23.7109080256363 23.650042530996 23.5406828866972 23.5443826473724 23.4532748583003 23.5499360342523 23.9 23.9 23.9 23.9 23.9 23.9 22.75 21.6 21.6 21.6 21.6 21.8637646832623 21.9362353167377 22.2 22.2 22.2 22.2 22.2 22.0019493818391 21.9480607218206 21.9130316177033 21.90590262602 -9999 -9999 -9999 -9999 -9999 -9999 -9999 -9999 -9999 -9999 -9999 -9999 -9999 -9999 -9999 -9999 -9999 -9999 -9999 -9999 -9999 -9999 -9999
23.59977094231 23.6 23.6 23.6 24 24.0937742251701 24.4 24.1104272324644 23.8907010730012 23.7245684576911 23.5 23.5323688311649 23.4643210827675 23.5 23.8120486425509 23.9 23.9 23.9 23.9 23.9 23.9 23.9 21.6 21.6 21.6 22.7681285424928 22.6774895671887 23.0113968679372 22.7871322893124 22.6125456186151 22.2 22.2 22.2 22.2133536030259 22.2366535825544 22.2690910454188 22.3594835017147 -9999 -9999 -9999 -9999 -9999 -9999 -9999 -9999 -9999 -9999 -9999 -9999 -9999 -9999 -9999 -9999 -9999 -9999 -9999 -9999 -9999 -9999 -9999
23.7462107321066 23.7716846073867 23.8584663760694 24.0079422625164 24.4 24.4 24.4 24.4 24.1218847050625 23.8727922061358 23.725 23.5 23.5 23.5 24.1913985493111 23.9 23.9 23.9 23.9 23.9 23.9 23.9 23.4361532711998 23.2576011107222 24.1 24.1 23.2886031320628 23.15 22.7871322893124 22.2 22.6125456186151 22.2 22.2 22.5143875029219 22.6810296830597 22.8504712381034 23.0772137242286 23.4908514799402 -9999 -9999 -9999 -9999 -9999 -9999 -9999 -9999 -9999 -9999 -9999 -9999 -9999 -9999 -9999 -9999 -9999 -9999 -9999 -9999 -9999 -9999
23.974817590755 24.0221421270606 24.1299343860824 24.2616351247459 24.4 24.4 24.4 24.2045836543402 24.1 23.95 23.8486832980505 23.5 23.5 24.6 25.7 24.8237006350907 24.6455844122716 24.5594117081557 24.1883036880224 24.2844526892205 24.3970562748477 24.4607017003966 24.1713474308504 24.0125197050631 24.1 24.1 23.5128677106876 23.5128677106876 23.15 22.7871322893124 22.7871322893124 22.2 22.2 22.9374975180389 23.3191341966524 23.6504182992121 23.9791483863414 24.3309279646473 24.7336865690334 -9999 -9999 -9999 -9999 -9999 -9999 -9999 -9999 -9999 -9999 -9999 -9999 -9999 -9999 -9999 -9999 -9999 -9999 -9999 -9999 -9999
