All-in-one-application-example/output_with_currents/BIMAC_interpolation.asc
NCOLS 126 
NROWS 122 
XLLCORNER -63 
YLLCORNER 0 
CELLSIZE 0.5 
NODATA_value -9999 
[rows 88 to 109 of 122, columns 49 to 97 of 126]
19.0441831218917 19.0500401752742 19.0802172522144 19.1196741810365 19.2393972644742 19.3029433744626 19.3518825645401 19.490208177382 19.3886636100202 19.3838196641829 19.2229034555111 19.3179592472768 19.1208899509305 19.2812600450619 19.0425028789808 19.3981652682269 19.2446032858965 19.8507875114611 19.6290787853706 19.9442341203608 19.5960974488181 19.8690025499165 19.3069299403646 19.6658669424019 19.0512249500028 18.939471244304 18.9515479228711 19.0717192526143 19.0923048819286 18.8762834481913 18.6787204712704 18.7006566615641 18.6552053935999 18.8919191144562 18.8530187103651 19.0945909257276 18.8850383369978 19.085518732486 18.8300438693679 18.1312071024313 17.6920234495178 17.715141545853 17.6300158403688 17.1429958356047 -9999 -9999 -9999 -9999 -9999
18.5030697185249 18.2397810011451 18.6063932117237 18.2711680034634 18.9079961927052 18.3791768874894 19.0551334568709 18.4546398131624 19.0519844948203 18.3526074319703 18.8704451990028 18.2673304520313 18.8065632473083 18.2292197071434 18.7203984797361 18.2981972257644 18.9084851081188 18.7680499345557 19.2355738118544 18.9482127708986 18.990916539244 19.1933757533172 19.1821665212093 19.1158007847962 19.3742572549539 19.0258000628442 18.9436980793791 18.9451090807314 19.4726983414097 18.9196012695515 19.2614950644883 18.6664456939871 19.2859409846788 18.9960866679216 19.6599558152504 19.1180687072261 19.5970907623458 19.1018289934311 19.214418283771 18.276618417337 17.7863149897344 17.8637525981547 17.3119217580157 16.7421909017696 -9999 -9999 -9999 -9999 -9999
18.0692184671393 18.3797003006698 17.985665057603 18.3738627922043 18.0792455008271 18.4396694649765 18.0343775514277 18.456552295028 18.0053901523354 18.4342637992214 18.01695762024 18.4434918132675 18.0285178272167 18.3749463561299 17.9512072183542 18.3500962562698 18.1210913062128 18.6105008712686 18.452106329426 18.6836615341918 18.3927647226984 18.8784203994023 19.1083741311522 19.3958927336044 19.4962476319578 19.678040523747 19.3275095360144 19.0459009852452 19.236023764137 18.9418455929645 18.9974066226573 19.0937475508822 19.3222161835744 19.6802851254586 19.5114843206195 19.4631879737989 19.0909263879473 19.0603864749413 18.8473620790713 18.3600111440598 18.2282040447743 18.0158231161757 18.1197285376999 17.4443404723731 -9999 -9999 -9999 -9999 -9999
19.0729206835256 18.4432250253246 19.0035681145225 18.3386133698897 18.9156876149448 18.2911451351081 18.6538701769403 18.1403725777937 18.3939183917867 18.1158717456071 18.3537040377118 18.1419366244059 18.2307252792601 18.0456250767153 17.9773772892795 17.869070967812 17.7736553134651 17.7822798762353 17.5933728118689 17.5342324122176 17.254214652208 17.6677366274117 17.7812978781424 18.3393557282654 18.5196968692222 18.6328599529452 19.0090522702724 18.7531507711742 18.9588372054141 18.7708457715871 18.7927951775804 19.0562101914859 19.3996407717867 19.2398055144929 19.1776465833477 18.9169835979944 18.8425137263003 18.5662565298535 18.5277924511381 18.3104614995987 18.5126373203407 19.0325202239948 18.9327801014561 -9999 -9999 -9999 -9999 -9999 -9999
19.4768574974512 20.2386128053769 19.3497051926052 19.8480211672316 19.1169449157772 19.5902453834329 18.8649055333694 19.1804622659446 18.6467433463162 19.1146170080008 18.6334260305503 19.0366890306915 18.5800002872635 18.9389396518329 18.466307247519 18.7269773634001 18.2928237832819 18.5810727237128 18.1248410973945 18.3215286442231 17.9003453052482 18.0746621862945 18.0541315111292 18.3974597861188 18.3863426938082 18.1320173637811 18.1827161966275 17.8731607896526 18.4582922653854 18.1973380030566 18.8797379758929 18.7435207302381 18.6870692900888 18.7494790728611 18.4498885744747 18.6693745809757 18.5159312056986 18.3375630436176 18.3545875920013 18.2725541202663 19.0150518967354 18.5450446373635 -9999 -9999 -9999 -9999 -9999 -9999 -9999
19.446761452248 18.6899509679576 19.3261757024273 18.525627824922 18.9991477637104 18.4221819932367 18.6981238866431 18.2541503861181 18.4634711980074 18.2201152065729 18.3367450105549 18.1837676233613 18.216723821081 18.2324753268761 18.1035597427209 18.1512345850412 17.989478481781 18.0862810243503 17.9391402196582 18.1177500894793 17.8999120153232 18.2908678327557 18.1980932593775 18.6122085307929 18.2677205140777 18.2293170931034 17.8181241847149 17.9110090676913 17.8593759933217 18.8514501656274 18.8363137561678 18.8673645790536 18.654381969972 18.9697634107026 18.8099003984637 19.3040863006953 18.9462289500513 19.315124766456 19.0944829776382 19.3849646065393 19.3750845782289 19.2735731807414 17.7774836316589 -9999 -9999 -9999 -9999 -9999 -9999
18.7584991335127 18.8687459822054 18.8811128071908 18.8781124089427 19.0346323386343 18.9631768360641 19.2391625724798 18.9834566904844 19.1682045922415 18.922093655615 19.1483594917689 19.099904692998 19.28785415564 19.219718251526 19.3209066257975 19.3155739640902 19.4151750905529 19.4980459954033 19.5981737321608 19.7373079915398 19.960556397567 20.2605770476708 20.2076555191173 19.7242615893698 19.2969259048638 18.8699142455877 18.7140962563207 18.0810376955753 18.8046146854841 18.8648888304159 19.4656988081458 19.3181974622372 19.441436702706 19.4154568678895 19.3126898437602 19.2885350303385 19.2637646585462 19.6270311966827 19.674249167041 19.409453049102 19.5646922713833 19.0203213558258 18.6836431246015 16.8840200901081 -9999 -9999 -9999 -9999 -9999
18.6997674024391 19.0000919608941 19.066883827241 19.4712015301217 19.5185652470013 20.0076373526149 19.8311225616157 20.274390939419 19.9185261186322 20.3544132833369 20.1066507080499 20.5799599150958 20.2987223980758 20.6664250260502 20.2980517966938 20.7111346449519 20.3592169372137 20.8579309608452 20.548126236951 21.1025508213928 20.9095912145562 21.6573323717487 21.2063554997648 20.9696921163532 20.1465136730373 20.0661593028724 19.5876700353854 19.3591484959759 19.3737386902272 19.4595244192588 19.6106814378208 19.6297762957761 19.4910283401363 19.4530344799876 19.0598703267594 19.3621996564527 19.6574989313738 20.299643789774 20.4947783769697 20.8995859301181 20.2249460663207 20.1850351579805 19.3598442757713 -9999 -9999 -9999 -9999 -9999 -9999
19.2834068701895 19.4051242838647 19.7012495670329 19.8861205385724 20.2502917290377 20.2446314642363 20.4962966953587 20.3733596058439 20.7071897771569 20.6608894271249 21.0219126014162 20.9475873581376 21.3824790465676 21.3630839402497 21.6485445032313 21.4265471136319 21.6724623535284 21.4610240916388 21.6721149378283 21.5241391681854 21.7236035162105 21.6953821198576 21.9019045169501 21.4575391778162 21.1858001523379 20.809177517977 20.4320031407479 20.0017218623575 20.1333461040121 19.97292736016 20.0807207168103 19.7908939340484 19.7673466287462 19.0826308218835 19.0918856156365 19.4619892068812 19.9233905300051 20.5815245175394 21.3532884006876 21.3898602106644 20.8111719655776 19.9266751551467 19.3840839176075 -9999 -9999 -9999 -9999 -9999 -9999
18.8238480591871 19.2249896910721 19.2384108822607 19.8144945982721 19.6170641846616 20.0489381542939 19.5044491263265 19.9911330986881 19.6139287765364 20.2801421072323 19.700439726323 20.1149582200871 19.834334837993 21.0081688390897 20.7672404907925 21.3707058570686 21.0970480200705 21.689225334723 21.2833731135792 21.5417045712613 21.2121214686096 21.7241319898737 21.5051195749237 21.7972308301171 21.531415676765 21.3425660629321 20.837424303539 20.4902304410708 20.2552364225568 20.0060938566129 19.8103992870072 19.6354675768201 19.5398019041588 19.1810980172286 19.5010957126779 19.726928582854 20.2803444864206 21.0222879322138 21.7058900639986 21.6977544913504 20.8935845780834 20.7750087811654 19.0027891289079 17.0373284885612 -9999 -9999 -9999 -9999 -9999
18.8969352385563 18.5388240351617 18.6190879641518 19.2416265164559 19.4316509152054 19.6824658309368 19.3313828397728 19.6189297567789 19.4735976859651 19.8500320324399 19.8211776303001 19.5221958134436 19.6430822819457 20.0354162854655 21.2084304590962 20.9782796587304 21.7039949375058 22.0369243863627 21.9093301290847 21.2532876317412 21.0043948003119 20.9396281942794 20.8161983867089 20.6564302447704 20.4796311650683 20.2673090705476 19.9343176537027 19.7410757085982 19.4647333901029 19.4631480340237 19.2858140928446 19.5423887773671 19.5326641133295 19.7235283005257 19.888349337454 20.0403269767702 20.451583993324 21.1634433146141 21.6844673650924 21.0949511143206 20.7759720655565 20.4773276059097 19.6057487467817 17.610062231811 15.4676199547915 -9999 -9999 -9999 -9999
19.8148497896489 19.7640751980857 18.5271382082201 19.0919375195195 19.2322943513475 20.0846997923087 19.2395797692829 19.5966547005424 19.3075615098113 19.7707653838049 19.7444642156959 19.8585386301564 19.3891883129077 20.2273140983881 20.7522133183462 21.5515531229531 21.7195958147205 22.6279129382886 22.8954349662616 21.9657250629925 21.3861998234992 20.8434273145413 20.5547424994667 20.1896350319908 20.1667504034791 19.9139438936903 19.7428986842258 19.506937190029 19.6360523498505 19.5114068608355 19.6850251215573 19.7384523152367 19.9759544524666 20.0492375860439 20.1940815129788 20.2358237816882 20.3104890938011 21.2434904288358 21.8114152000849 21.6056230308215 20.8240982944489 21.1703127011208 20.1664755587748 19.122974542655 -9999 -9999 -9999 -9999 -9999
20.4677268728142 20.1786088420401 19.25734982809 18.4974627775861 18.3158183416744 19.3838929757029 19.0428907441885 18.7799001431549 18.8819355682394 19.5128394820085 19.527993905581 19.6926323537069 19.7110698864577 19.7084896592375 21.0357935932102 20.916751865455 21.763841465896 22.3421042959587 22.6233897543983 22.1747282824792 21.3744595592308 20.9318440646638 20.56093210581 20.0962447209653 20.0748640004222 19.7940873660952 19.6262025459221 19.4828457000268 20.0751248481796 20.513596104849 20.7974605711709 21.2141823896783 20.5835018457458 20.0886326206219 19.7693394794434 20.1877420061181 20.9550136645526 21.9799724346359 22.5114735926319 21.7689013942661 21.131282861095 20.8992957628333 20.8984337553835 20.202989250341 19.5040141607793 18.3880366077467 17.3196338851437 17.7443548662002 -9999
19.9577682579762 21.9372980727556 20.2245446285289 19.7340695143347 18.4296599959371 19.4063995869458 18.8126323572739 18.9459272098135 18.2676357519928 19.2349479586435 19.7003526989921 19.7013531842608 19.8079115411571 20.0513121536282 20.6348376951701 21.4177114755179 21.5462856068395 22.5591315310887 23.4362671942048 22.5551658049913 22.2699703939333 21.4304809829131 21.5388679593699 21.2843553474771 21.4097574450624 20.7712835277576 20.4027400375701 20.3967994784322 21.525168545853 22.0770408176528 22.2843326507866 21.5049665294726 20.9541102491294 19.8865026948074 19.9678407694735 21.3185243223074 22.0129426913128 22.5036589586743 22.0648296774438 21.5471796753476 20.7334737400887 21.088441910667 20.4257668341266 20.4482126766669 19.5589583203789 18.9867217192026 18.1738887965071 17.5235985652325 -9999
19.4152091988892 20.6454451340647 21.3493692426522 19.7764101560392 18.6240820344582 18.9316305950395 19.0176749040757 18.1751882681588 18.1848016283255 18.5013362866009 19.4895285935798 20.1074025679533 20.1130632102773 19.8073160427332 20.4998701668171 20.5883663392124 21.4620785466531 21.8146136221175 22.6646373532701 22.3189874725474 20.9843607806288 20.9882927427065 21.198636181617 21.3489721989922 21.5406501482849 20.6368891594259 20.4053818436612 20.8963032417231 22.4315388397551 22.050646406491 21.5304941284663 21.0863285117491 20.1536328741763 20.0434455369663 21.1372864489288 22.1564340783698 22.8870363161151 22.4061033849648 21.8093575703376 21.2357458592569 21.2026819547908 20.6361623200472 21.1725956395268 20.6186403127698 20.2035819292452 19.8765139691325 19.2990568767994 18.7692526260018 18.7740990969656
19.0714648355413 20.9946868482616 20.6366416826176 20.8767945737922 18.7279473795867 18.9689970884763 19.0344309483092 18.8913319620577 17.5624555144384 18.3470561794265 19.2530451452412 19.690292124403 20.7543486360836 19.9093599875231 20.1838992106236 20.703092224733 21.1860982697263 21.9272715008124 22.9242938267783 21.8408346745911 21.2282053088506 19.8871716534189 20.6461465293205 20.7996227252005 21.0129979754327 20.658499359738 20.4588393336087 21.8813624359474 22.5690403610346 21.4597154903497 20.9139677242057 20.2652401851817 20.6391339965261 21.6519334422606 22.03094615766 23.1420405919532 22.3910345171052 22.2313622994581 21.3642849786621 21.7020554964279 20.9193360556076 21.3924792066727 20.6697984250857 21.0326503939418 20.1706213667408 20.0223335150751 19.8480742793538 19.5640938621116 19.6153921223045
18.5055087457413 19.7255136307225 21.0322499732361 20.0775792902297 19.0340234149006 18.3566127733861 18.8743802515854 18.4543397205383 18.0487454245213 17.5644768308957 18.9975873605566 19.8810130543624 20.2140419682126 20.2537888563808 19.9394507076469 19.6600172261658 20.9146374075249 21.2077045732032 22.1607127517494 21.7322453048132 20.2240880270702 20.2527049646955 20.4928945451142 20.7668963518828 20.8591680744971 20.2602513152092 21.211359622913 22.3424330739236 22.6600359287374 21.2682093364978 20.3737288118054 20.9776741938184 22.4929302403356 22.0585757650606 22.7771040776327 22.204541431276 22.4729606192691 21.826822974022 22.0360170737208 21.4670253529778 21.6227212046135 21.2080017770643 21.4248069075926 20.8778650412421 20.8939483634512 20.3424179240109 20.3423881856659 19.778059784744 19.9392475800193
18.6261199947396 20.1659909522713 19.8585885038386 20.1462196145238 18.5136263956013 18.4657496451043 18.8082170757475 18.8487780097925 17.8109568101242 18.1817572850296 19.2409697130864 19.5799356772549 20.7572717468337 19.5399625457996 19.9630462168651 19.9860846387055 20.545714568318 21.3005096808148 22.2708785156704 20.8696924732353 20.7283267582487 19.6787634624878 20.5838240923586 20.6213094045426 20.3234659746357 20.5722600348043 21.6173697200875 22.8978124031258 21.998171485687 20.437135719814 20.8574073441778 22.4219954634092 22.4255837413473 23.1141920807744 22.4945454694285 22.7103955629572 22.1079685994431 22.1545626916633 21.4957714263545 21.6809053857382 21.1491510962578 21.3138513238848 21.0660480027186 21.2951411810404 20.9507242225251 21.1170843499945 20.770757524699 20.4254420147881 20.1009449520344
18.5785193508981 19.5140480957441 20.1400732175742 18.9221288259594 18.3525336435258 18.306120527632 19.0122206035418 18.0888455768144 17.6876724983701 17.6145653879849 19.3340103843149 20.375263043854 20.1687353199282 19.7259238700072 20.0064557947321 19.896066876969 20.8135363314603 20.3179466921591 21.2969671031251 20.8892652274804 19.8293896056817 19.9067164599688 20.7496906073821 20.2829062033862 20.805319599428 21.29642069592 22.6147699743727 22.1336454160702 20.9093844799429 20.6861247726883 22.4097809245652 22.6284523411885 23.5901463429091 23.0553524450917 22.9601215283042 22.7670659384863 22.487092944354 22.065005468046 21.773016839477 21.2432972412256 20.90368781643 20.5628978045901 20.9245216371007 20.7295743673815 20.9815059943362 20.7385593081123 21.0185208812403 20.5389809524636 20.3335233839862
18.7475781888247 20.1487881523956 19.1381285043804 18.9188832225177 18.0472992451828 18.7021247719071 18.503345260825 17.8820569859795 17.3150639653648 18.8077813762871 20.519888268435 19.9484189871702 20.4527653580399 19.285666921511 20.2518711112239 20.825768993065 20.6900368564283 20.6407372171851 21.4656434119133 20.0343220175483 20.2923439494983 19.8460512677846 20.6225953895027 20.668368793991 21.4393091601228 21.9287749705432 21.5921100441446 20.7376324684753 20.5038802181838 22.0353733540674 22.528407868029 23.6309710781201 23.4711802521837 22.6320774743346 22.5496899042839 21.9567243630207 21.7775519095656 21.3334476991317 20.8264192152829 20.4152081670034 19.8989973672692 20.0674064214774 20.3979899115336 20.2859723851964 20.8134707590066 20.3769001997302 21.0933386509849 20.4074685797811 21.1904651152627
18.7747611232914 19.3521773858627 19.5882166684491 18.3430895343636 18.3246477153497 18.3011469972018 18.0506398832254 16.9814801851541 18.3210998617627 19.9554794037264 19.9612602107779 20.2648320276866 19.8447313314562 19.5651907401585 20.753572648911 20.3269318426715 20.826563589563 20.1532427515727 20.6004267904256 20.1086041182203 19.8407379989968 19.9818562049053 21.3735820649402 21.1349332094997 21.9964824433377 21.2438644416099 21.1977928291848 20.8823098785932 22.224564322705 22.4539356700722 23.845683993122 23.6012543498294 22.6240791597188 21.8580779096253 21.1842889211462 20.8514531981057 20.7882224234618 20.4834900827409 20.3617460253237 20.0248107741266 19.9861095357256 20.5202102839632 20.0964798875929 21.0297073711707 20.4608210822016 21.5447339720951 20.8465197497258 21.9572954478382 20.9709895902998
19.0832736887758 20.239574106948 18.7765540896941 18.5330773084687 18.0025533687999 18.2626396215061 17.240844584457 17.9759688873359 19.5393426977464 20.1254646301631 20.797612174384 19.8994818064935 20.1834272187839 19.7225735567681 20.6423594139362 20.8075870539458 20.4006249445406 20.2011836956322 21.0097147574068 19.4988606013325 20.2092714322876 20.8506936612364 21.6606952256044 21.2713632540454 21.4293712431361 20.9439624777989 21.1255078095942 21.9281320363749 22.0690740052605 23.4599155203856 23.4482642365828 22.2045856400573 21.6436398445685 20.5184652362655 20.5068031145233 20.2433346616915 20.2478916551592 20.1376682968467 19.9725623626019 19.8809649672378 20.4100218977052 20.0985061802634 21.2978224916764 20.8707417121299 22.4187765253306 21.4770039945055 22.7859376354609 21.3393587142443 22.1411112419904
