All-in-one-application-example/output_with_currents/BIMAC_IDW_prior.asc
NCOLS 126 
NROWS 122 
XLLCORNER -63 
YLLCORNER 0 
CELLSIZE 0.5 
NODATA_value -9999 
[rows 0 to 25 of 122, columns 0 to 59 of 126]
3.880834863533640 3.88 3.88303898300772 3.90332063665856 3.93155709221362 3.95769946284575 4.00223488840109 4.13454098650068 4.16986286251153 4.09984316060534 4.18 4.39 4.23 4.05774062478984 4.01844581597236 3.94948396967569 3.70740772704619 3.83135921139941 4.36 1.75 3.86433620657453 4.33731352407057 4.13 2.97 3.65763118116738 -0.54 3.52495589245158 3.9052116010831 3.63818610881379 4.00539836471572 4.08615425676717 3.74116767425512 3.29725890609272 4.26 -9999 -9999 -9999 -9999 -9999 -9999 5.46831867327669 5.58423668203022 5.68184191742043 5.72942235640126 5.65239740509026 5.45867962725071 5.18681921806692 4.92442481425263 4.77 4.77 4.77 4.77 4.77 4.98764139511845 5.60175200561509 6.32660292658084 6.55036293846665 6.5890233743262 6.28979862219088 6.84001377191094
3.88695443265476 3.88752388676125 3.89035305964893 3.89991235050484 3.91469805702519 3.92751802805141 3.905 4.07274776495503 4.12067295028664 4.06262897759153 4.27 3.92804321113277 3.89821794780666 3.85531168953137 4.11146145201548 4.16064054337524 4.20904632670362 4.17730283302704 1.17 4.2698084574137 4.68412605530413 5.0183999282872 4.88182823257457 4.80625955023673 4.56826823405062 4.34933997253467 4.48136188940205 4.60518091254667 4.44828983948881 4.54006846085616 4.22533769717247 3.92655445863546 3.48521517098825 3.23671939677629 3.83759022108246 -9999 -9999 4.73522379911155 -9999 -9999 5.5779645030473 5.70672965390018 5.80313998761824 5.82435213944569 5.73490632800038 5.5364808570139 5.25899893602157 4.9770589889255 4.77 4.77 4.77 4.77 4.94185471848105 5.03932624846847 5.60537317776292 6.24856921330191 6.52527862014614 6.7002476066158 6.8347917916825 7.09
3.88933503818579 3.89095291612817 3.88251926252458 3.87728763378261 3.87881089399017 3.88 3.90360679774998 4.05119442618218 4.05964272092467 3.99837225824559 4.13 3.83296206494383 2.91 2.59 4.15001490022824 4.24 4.65487968189807 3.56 4.89496903274245 5.21605801156302 5.25726358452119 4.93 5.26433465056756 4.62995755775711 5.08655321719287 3.10877024481984 2.88 4.64929360118998 4.81 4.58522484522704 4.26 4.11474871896413 3.57076055643246 3.44701419835967 3.95398521079572 4.2036780677356 4.42482693475237 4.66944499351183 -9999 5.30812805032516 5.57287828512597 5.76531076856894 5.89565770853392 5.95992099377922 5.89105487422635 5.67312832793478 5.33779230679452 4.99222907225752 4.59 4.60003105620015 4.61626164607506 4.63052668077979 4.85940590460154 5.11067375153153 5.57091129604299 6.01838515610615 6.39529151787047 6.56647444124341 6.65943970815216 6.81993490293324
3.88930739532815 3.88957081645774 3.86560111062375 3.84018973550149 3.82633221209177 3.88 3.90135254915624 4.00597851412421 3.99586331171103 3.93 4.04985080288941 3.83152143597036 4.19 3.95682398287751 4.3668962177292 6.49 5.03302815232256 5.98 5.34129840924274 7.19 6.01464450343706 6.59583190773555 5.73589838369359 6.87705618971456 6.71042562825202 8.24 5.90014462382364 5.0920235296459 4.71 4.61009407930973 2.07 4.12752785718922 3.77746761345112 3.43209513735236 4.13142773302496 4.39 4.39 4.39 4.88061398784698 4.94938601215302 5.44 5.44 5.44 6.23185128011075 6.21795392858192 5.90236263740096 5.37862346170649 4.51 4.50442719099992 4.56739972582012 4.56637483676857 4.57586682366345 4.84581797838853 4.9645140101554 5.66666440294551 5.38 6.15750208888871 6.46920873179479 6.57778783641452 6.78835562448644
3.88517147660866 3.88335547483035 3.83655769495919 3.7823206764836 3.7439005425397 3.88 3.89937129433614 3.78001197795622 3.88 3.81670493977043 3.77512415117357 3.78 3.43 3.97992018978785 3.72 3.68 5.71 5.03579208430113 4.50117078490462 6.06597290210254 5.90570329449453 6.26428834401009 4.91406616198238 7.46 3.75959488678855 7.8 5.64838220369299 7.71994533221403 6.25069081166068 4.15 4.03996461599582 4.35634307894984 4.14619252730765 4.01361438126411 4.44387001749386 4.40324524148312 4.45890079933672 4.7646286309416 5.17682205910582 4.99950803017589 5.81272091689912 6.81420146429538 7.05428623181813 6.83699477218848 7.88115401264982 6.74681420132403 4.30633330768836 4.37630999344188 4.51 4.49284271247462 4.47180339887499 4.47666666666667 4.75801491625212 4.9782128444981 5.38 5.66666440294551 6.01119496362341 6.3801979213629 6.50571006726151 6.88631081526802
-9999 3.86819997061234 3.78853966647261 3.69387455122 3.61678379529343 3.88 3.51736537861016 3.09255631469829 3.38594970782412 3.47006856606258 3.55883899540446 4.05 3.76510092878164 4.08309846106815 4.44182165388111 3.3765523497901 5.42376630973495 8.14824905831008 6.79002832575294 5.80347917648546 4.3 7.95965044586441 3.84 4.01 4.04974099621371 5.38111583285417 5.50817938294773 5.36368735330682 5.54934067128962 5.22957256401466 4.76459709354845 4.4853192045501 4.24333505748509 4.14248795879649 4.43852865295829 4.44205423674616 4.40439719488126 4.84913976023833 4.90201769968446 6.00045305752175 6.67641470808727 7.49828186988416 7.61382526100874 7.76016833090657 7.50519568968589 7.26849428982208 5.37655236709197 4.30298005551749 4.37535136018443 4.51 4.41 4.47180339887499 4.71384224047651 4.90927706698859 5.38 5.38 5.38 5.38 5.38 6.52196251101912
-9999 -9999 -9999 3.5268753183047 3.41069723545412 3.88 2.22824196196389 2.54233835085889 2.92914717116648 2.93280459088734 3.22671367739607 3.44077626045517 3.54903943661461 3.69 3.97996881965391 4.67633941514663 6.11002986908276 5.73994958399184 5.22539007847466 5.35557633869623 4.23 6.07953718089611 8.87 5.18662120746719 5.11542445565772 5.15755033515196 5.22382443411658 5.31876421135574 5.27 4.66970886010683 5.08048773907676 4.91273995901103 4.55922849574328 4.3987673650087 4.44687398455791 4.45037436790239 4.4069566197549 4.39 4.98018757164701 5.84924587994931 5.44 6.86238497664994 7.56670568568795 7.8606099327452 7.66277992264972 7.18982454655941 6.26083852199584 4.91272583883231 4.3890819065585 4.61 4.51 4.49284271247462 4.49541019662497 4.86323387448721 5.38 5.38 5.38 5.38 6.30770916999384 6.67253588420566
-9999 -9999 3.5008848894408 3.32615621811981 3.10827074889604 2.74028601483559 1.99556392767353 1.89407197672983 2.03312512910084 2.52 2.58088025243603 2.96519702865079 3.51042430944379 4.33402236519979 4.67342149236905 5.10385129939791 5.37877869854292 4.10485329744168 5.16311941481989 4.18164193963865 4.23 8.06 3.82958922085954 4.63180133791227 3.65516069770622 4.56615909320894 4.80437869317066 5.30326642774513 4.57 5.4362205036191 4.43490726922624 4.4 4.59 4.23 4.57 4.46308188424429 4.30794548235972 4.56472824910873 4.99700671828441 5.85178281463829 6.11004714357578 3.8 9.84488729754749 10 7.58705963750365 4.04 6.12754232312195 5.3085403670957 4.92118684113563 4.45885787875579 4.52715728752538 4.51 4.50442719099992 4.41 5.3282619210372 5.75030957304897 6.11041791764452 6.41143817984637 6.70939529937961 6.95885449862526
-9999 -9999 -9999 3.05518662702674 2.773806750821 2.29281327686483 1.11905403677903 1.07893115714885 1.05196145626123 -0.21 1.87657438916755 2.39524017898967 3.20652904093268 4.57821906914833 4.91781563419664 5.43743490942675 6.44551689698078 3.25501426770415 4.90423809238986 3.56 4.0936223906949 3.82 4.37953923167413 3.32 3.45479213759559 4.29029592167521 4.66506808363686 5.23970232283763 7.19 5.79796420943608 5.75377971273597 5.51641390892609 5.2661811968277 4.74355540556199 4.33368010905474 4.28291477344856 4.11111831820431 4.38645447381861 4.91509771461353 5.62368282936079 6.30779304091275 8.81 9.60512549881231 10.7 7.6464758576629 7.10595732331528 4.05 5.52910534171428 5.47830201861933 4.39260205567907 4.52458980337503 4.51557280900008 4.51 5.24479941108285 5.71763481613183 6.18699595933672 6.68 7.10519878946738 7.30763118264957 7.34115357943015
-9999 -9999 -9999 -9999 2.38380406216312 1.90121744387718 1.06559636840216 0.99534534150645 1.05209464590823 0.965 1.2711599752042 1.76 2.75446526735388 4.67230132422613 5.05822386496061 7.07 7.71093795450253 5.07547278452552 4.77714362432953 3.78 4.40103477694134 4.03 3.62 3.59013021208049 3.44 3.21331157179125 3.81 5.26846619631171 5.55553925515996 7.32692713912605 8.54 5.7931343123287 5.47958950847948 5.03911353412673 5.01975246377303 4.89975374951854 4.94954911640062 4.95443716119195 5.0484013334526 3.72 3.41 6.54408350265905 6.58 7.31360211306937 7.52771959775688 8.83 7.02867119723997 6.00181177357697 5.89829163652102 4.33737353091712 4.61 4.61 5.56392150947768 5.87255960493414 6.24412302628809 6.68 7.08004310294777 7.59477319855666 7.60359711052743 7.65193210123701
-9999 -9999 -9999 -9999 2.00080609215713 1.53534130818518 -0.21 0.990129308843321 1.16659812842323 1.18862955648702 1.32432729921759 1.4621809639462 2.60625124223576 4.74343536046084 4.89592273361493 2.51 5.27893933812479 5.96 4.7118300688938 4.530434076852 4.3201625333375 4.41908607464115 4.57639721948793 4.17517527545643 3.67 4.69218197144154 5.07426676615846 4.5 5.08009006687902 7.80187857201295 5.41 5.98994799665185 5.8893392881066 6.22931506668463 6.63562496021588 6.26246470015782 6.19753848993301 5.81272521492405 5.47485455239538 5.35736380683697 5.7329759892957 5.23 5.77 5.76879718924013 7.44973231476712 8.34 7.26763268557245 6.61009428611192 6.98243568012494 4.05 6.28856282325467 6.49636965921607 6.64614568879344 6.74025548615586 6.86407012127696 6.68 7.55624434184811 7.52309657412902 7.49645624942257 7.84977136575873
-9999 -9999 -9999 -9999 -9999 -9999 -9999 -0.21 0.710485291484339 0.803995692750017 0.943999282125003 1.0571253305191 3.40288420093248 4.45843654264133 4.97031116742585 5.0534918695102 5.24054296284473 5.07735469529046 4.78482378924391 4.35051959579829 3.39 5.32 4.93227535014957 5.33154125023367 5.50195365566521 5.74423314152984 6.2 5.85597227382313 5.754376959923 5.96761111983216 5.8751819335545 6.20949520364951 6.56231568474753 7.09315931373519 6.90223014417985 3.34 6.49605747764797 6.14402767730713 5.62981819944634 5.56841574233951 5.40942951440032 5.82348022943153 6.34873690510511 6.94125558003556 7.18481967054785 7.41228888193676 7.2180021936504 7.28057160735441 7.1298765242136 7.7562644252662 8.05068312480756 8.20419173719729 8.18646891211305 7.8913977596199 7.63738984900054 6.68 7.56299269065399 7.4757996382161 6.68 7.59
-9999 -9999 -9999 -9999 -9999 -9999 -9999 -9999 -9999 -9999 1.76 1.76 2.11043856274785 3.67344585823279 5.42420680952083 5.42690368060804 5.56606689625601 5.08994265228608 4.7530645268193 4.44877862587686 4.54211670907801 5.01290082623499 5.24 7.42 9.05 7.09325973758285 8.35474671539754 6.17241123957314 5.92616823247722 3.89 3.73 6.45101406063301 6.7 7.36408791748762 7.60574922356252 7.50632524596675 9.29984627303132 6.4799887470966 5.63556208022309 5.27011015313651 5.0465292176742 5.13844944004798 5.55292790939591 6.1834283761942 6.42480336841563 6.6797972452219 6.85060927649737 7.50024249077686 10.12 11.9 11.9 11.9 11.9 9.06254202001333 8.53694985461347 6.68 7.62639927194598 7.62770334296439 8.28040838915262 8.93065851685883
-9999 -9999 -9999 -9999 -9999 -9999 -9999 -9999 -9999 -9999 1.88340420204036 2.2311809756919 2.73901390043411 2.51 2.51 4.07686392526307 4.235 4.07983721890781 4.81323573559532 4.67946165602237 4.78414783703644 5.38341431386462 4.1328168255488 6.06905977490988 8.88640040738884 6.69 7.93768878621996 6.37199906041045 5.46589289497008 4.57 5.99402374017737 6.6127018247472 9.5 6.18 7.99350262469697 10.2199720136437 10.7669601670831 4.27 4.31 4.77992706779865 5.57480718391625 5.61005632310524 5.55396462901855 5.80692096054835 6.03939162670003 6.46867537700891 7.20807331961133 8.00202430329185 9.06693750142999 10.2758905544162 10.5249213784272 10.4094973159238 11.058002310483 10.9756433281914 10.1649288964818 6.68 7.69792576195552 9.21199610022552 9.68993570831414 9.71661665058202
-9999 -9999 -9999 -9999 -9999 -9999 0.952096430089242 1.03478131933362 -9999 -9999 -9999 -9999 2.78478792906941 3.07802354685961 3.44073795031513 3.91126989882483 4.20680960966999 4.29946473680296 3.39 4.47097248374548 4.8024029305841 5.39792344951493 5.54658017582034 3.98 6.42051647050117 6.94955503901462 3.73 7.27 6.24984663417386 6.94039650330072 6.46984218440401 6.82338904825469 5.39 7.2354331158915 7.18377245192189 6.97388505155419 5.16 7.10452431388774 6.72911908270493 5.55 5.09 6.16600020210292 6.10507300560073 5.99980430104209 6.37399172254815 6.84091103141172 7.47942443041642 8.16006651766043 8.76459093141026 9.53288766196611 10.0699898279477 10.2802230919673 10.6804719207158 11.0878517400096 10.9411608374149 10.9569470292368 10.4495819749234 10.559457370913 10.4090887381075 10.7035185181723
-9999 -9999 -9999 -9999 -9999 -9999 -9999 -9999 -9999 -9999 -9999 -9999 -9999 -9999 -9999 3.90870761014865 4.11511925641674 4.24368915679457 4.28686627596558 4.1328168255488 4.40601279223173 5.26011208248519 5.63369867091796 5.80619745057398 6.04722505179755 6.18832647997467 8.54997520275997 6.42309016419517 5.5 9.67982552095075 6.92826306350572 5.40041773949748 7.48467973787998 10.5 10.9 9.54710038386063 7.13 7.75028365862875 7.57303558680365 7.34936314794993 7.13472166956934 7.23097649131359 7.15240109954012 7.00309378003201 5.27 5.1 7.64404197440899 8.25376887313084 8.68935667295172 9.3483586131073 11.9 10.1019012792561 10.0447912898863 10.3148094660459 10.4231583298544 10.4498921497545 10.9756723008401 11.9886596546757 11.852149261103 12.2323275252401
-9999 -9999 -9999 -9999 -9999 -9999 -9999 -9999 -9999 -9999 -9999 -9999 -9999 -9999 3.68172552351119 3.87182521942231 4.03678749997452 4.17350549685014 4.26941044497193 4.34413574724305 4.0564084127744 3.90522447763218 4.977735307722 5.16674368885772 3.61 4.32 6.05417263653049 6.04634378904289 6.38302812849769 5.3 6.98697022653586 7.37701200230155 5.1 6.19981997991974 7.74170219142503 8.47010504359522 8.48147293673378 8.32136332943794 9.06 8.28471023551803 6.49 7.08992492377453 7.58679039462633 7.62837208711896 7.41112004591924 5.24 7.80742190363945 9.27 10.9598761994383 8.28498485481615 9.47064409293354 9.73894737684557 10.1649288964818 10.3365943133909 10.3878542798427 10.3264225970156 11.0539238106301 11.7942485669462 12.4344544570667 14.3
-9999 -9999 -9999 -9999 -9999 -9999 -9999 -9999 -9999 -9999 -9999 -9999 -9999 -9999 -9999 3.87932684778659 3.99055117475361 4.10275133543981 4.1962539933463 4.26622957383897 4.26052110727502 3.78288302428894 3.92632467631853 4.95021018720171 4.61180882767349 5.09652059274086 5.55592906861417 5.77124018127566 6.31087444906141 6.66017035226407 5.89 10.1514211535599 7.46406997730896 9.98 6.34495993635555 10.5 8.07672084575535 11.5511262845985 7.25 8.706843255407 8.89 7.12 8.2287630403052 8.23188680316693 8.01695789428005 6.56570566971911 9.77325039684105 8.22245569239378 9.43631594769646 7.96642826022601 8.34490846617264 9.59181340304422 11 11.9 12.6 9.05 10.7809845256768 11.224408669664 12.3288927388125 12.6908751528708
-9999 -9999 -9999 -9999 -9999 -9999 -9999 -9999 -9999 -9999 -9999 -9999 -9999 -9999 3.88951540657772 3.93758470566733 4.00430072399309 4.07899590389269 4.14860845395264 4.19732506845002 4.16271905912761 3.61 3.92212154186035 3.9234780924797 4.57802686422659 4.9495898993777 5.06608743642298 3.8 7.48107970820886 7.55026087297651 7.12366564924213 10.4896616316667 8.49288578511755 7.31063479225007 9.03225665240075 11.3305815387893 7.96 11.4 9.26352249254978 9.31933134815907 11.7002158559023 14.6 9.11851687876834 7.93 8.65188540712133 8.27536409188409 7.88 9.2630932141077 7.92494229450536 6.22 9.57661463219915 9.36 9.26 11.7243933788673 5.82007387336544 9.96917949111348 10.798806669931 11.7331766075853 12.0499845652346 13.101020897596
-9999 -9999 -9999 -9999 -9999 -9999 -9999 -9999 -9999 3.77267533515062 3.80540997771746 3.81955662420326 -9999 -9999 3.94427893148526 3.97886746438029 4.02535375946172 4.0687966385046 4.11017276383853 4.14638164586911 4.1314100837936 4.07011498606481 3.61 3.94174850606796 3.8803915431768 4.54891281828407 5.08258462087064 3.81 5 3.96 7.31152302398653 8.05209571302899 8.44385127941969 9.95402912275128 12.9 6.01 9.34780891880741 9.71619222120915 8.7 7.58025893906001 9.58851612898452 9.59804291560252 9.77906925328637 9.61010207381861 9.51004142054201 10.7557713794344 8.36 7.88 9.64496461677259 9.97491943426211 9.47855302813952 9.76716163776533 10.1 9.4 10.3227992429598 10.4493592078667 11.049738071086 11.7983534285329 12.1871348085169 13.0689048350191
-9999 -9999 -9999 -9999 -9999 -9999 -9999 -9999 3.81012552654606 3.80984814132085 3.81274517804129 -9999 -9999 -9999 3.96221591510463 3.99275546973049 4.02711146081005 4.05257308529194 4.07467764860099 4.09680033592538 4.08747467258827 4.07273235827683 4.14168582034754 4.28075019519625 3.80532748583003 4.80756514658689 5.52018717487823 6.00542288386283 6.79356799121493 7.4284731437071 5.29 8.46764108805133 8.67189351521759 9.13385421138363 7.36 6.14 14.8 10.0643464992984 9.93698095881716 9.99324274006505 10.1 10.0278296199412 6.99 10.4537252574486 8.73 13.2 10.2037162182266 7.81522026591835 9.71931501103247 8.76 9.38 10.124356012278 10.4914334210381 10.6515023446491 10.4 10.9517071559242 11.320395755665 11.8012299193587 12.7408199694919 13.3049604926958
3.81013548689856 3.81014060985807 -9999 -9999 3.81012552654606 3.81011144607777 3.8100510766222 3.81022925682351 3.81030739700633 3.81051683647578 3.81615966878893 -9999 -9999 3.93823183585018 3.96716289254296 3.99710851621968 4.02479401964705 4.04331491209345 4.0565656561701 4.07154406018427 4.07307913170979 4.08639087041601 4.20238501076353 4.35555911124434 3.81 4.17033231304848 5.59252336311484 6.55309037397378 7.55532680673516 10.1 13.1 9.26897380822817 9.18581774333806 9.68987970203843 9.78982630372564 8.98 10.1452913743714 10.2063750734662 10.27286185189 10.9473076635436 10.7464297471442 10.7928595474289 11.8846925771616 11.3291130788629 11.6184617426859 14.8669846341535 11.4954919763123 11.0230452503469 9.25 10.5544875168171 10.7900852187914 10.9 11.4448159856214 10.1 11.1514778668644 10.6995491558217 11.4372624861961 9.28 13.3 13.7
3.81012552654606 3.81012481180147 3.81012148496003 3.81012175185061 3.81012380905196 3.81012389500864 3.81020018571276 3.81038923125725 3.81062344547523 3.81276638182612 -9999 -9999 3.90168283220059 -9999 3.97210414095925 3.99707806607612 4.01904371980825 4.03537701361985 4.04764545288492 4.06254227291295 4.06995400285977 4.09255789673308 4.2273578234532 4.45259043005756 4.79188110994433 3.81 6.35902716377676 6.92795260938227 8.26649367732973 8.45716093817541 4.46 13 10.063223728337 10.0601238604562 10.6180587126483 10.4051888913125 10.7041912989974 9.95 9.53 10.9846942976585 10.7 11.1592599856688 10.7 12.2543952383114 13.6954228332556 12.6055429170567 12.7218815049775 16.6 12.1566773713561 12.1378080813974 11.2 12.2428263737095 17.1 12.2520287773678 10.4499643907752 15.8 10.0854443420796 12.452793995579 13.1 13.9260941211021
-9999 -9999 -9999 3.81012988370092 3.81014225435717 3.81019125475651 3.81030353993751 3.81051186575062 3.8118397861687 -9999 -9999 -9999 -9999 -9999 -9999 -9999 -9999 -9999 -9999 4.0733955446716 4.09018358766609 4.12231992691553 4.27608330142918 4.56712137256522 5.08826799799875 6.10390514958022 10.1 8.84295356756602 9.41808112909192 9.26584516776494 8.12561259116962 11.3450441089368 10.3169148967549 10.5774304352336 11.3084171642804 11.2505456004737 13.3 14 11.7915473929094 11.7896072215247 11.6682665458975 11.7886631207959 12.7 11.1498108604194 12.9 14.3 13.3998238906522 13.5997276653159 13.1378897622117 13.9 13.1458453323521 12.2 13.538611057074 13.2487781940043 12.6813980096357 12.6810648453186 12.2828871539549 12.9739270772737 16.6 12.2
3.81012596542788 3.81012748457525 3.8101322855554 3.81014492506445 3.81018280881437 3.81025130052441 3.81040186274684 3.8106044285738 3.8118271396939 -9999 -9999 -9999 -9999 -9999 -9999 -9999 -9999 -9999 -9999 4.09661178146776 4.12792937750436 4.19071478457265 4.36753312735121 4.68751349026303 5.28611063785073 6.22440438203288 7.34908978702902 7.58703593433018 9.92182164435842 9.86242121135275 10.2185080701745 11.4 11.0527000832845 12.6999086828543 12.0792955881604 11.9034256300093 12.0629288306477 12.1049657830181 12.1456271636973 12.2414835180647 14.4 12.6 12.6819628842812 13.1944006214901 13.6320936650179 14.1395333515173 15.4498910710212 10.6 11.2 13.7902480255176 13.9962640219679 14.4 15.4 13.7485589206165 13.3085448252656 12.9540449901642 12.4970301168365 12.8494632417954 13.6523068976634 13.8384836414099
3.81012910478888 3.81013270075784 3.81014207232533 3.81016363664896 3.81022286258946 3.81030635463643 3.81045079270813 3.81064839543774 -9999 -9999 -9999 -9999 -9999 -9999 -9999 -9999 -9999 -9999 -9999 4.16012937799952 4.19582482260481 4.27924101874973 4.46757840491673 4.78040024158844 5.35538261892598 6.16068433812978 7.09584026411598 8.12561259116962 8.87017586995933 9.64353066041916 10.2328454532086 10.5551284718177 10.8011451585603 11.9101199105288 12.5890702161382 12.6771813132256 12.2061708019533 12.3804753594162 12.1613037407813 12.262033515644 12.0356025774683 11.9364393600016 12.6571973644552 12.2500562575773 13.6720404875246 18.7 13.4 12.2 14.2497512134238 14.0739721351209 17.2 14.4935450866218 14.3936958225602 14.7 13.6006114808536 13.0971272449092 12.6021022567976 12.781558812348 13.073661489624 13.9649900076383
