All-in-one-application-example/output_with_currents/BIMAC_IDW_prior.asc
NCOLS 126 
NROWS 122 
XLLCORNER -63 
YLLCORNER 0 
CELLSIZE 0.5 
NODATA_value -9999 
[rows 52 to 77 of 122, columns 0 to 59 of 126]
20.2 19.4347711661598 18.2 20.2079848755 19.0995932615486 23.3 21.4 21.2 21.20308898962 21.0504152141745 22.6987394067734 24.3130994332012 21.8615840704011 21.5350734416532 21.1089895733133 19.7883967552801 18.9475403169339 18.9 18.8178937273753 18.820377241017 18.8333333333333 18.8022389175919 18.8827822185373 18.5 18.5 19.1000573524742 19.5 19.5 19.5 19.5 19.5 19.5 19.5 19.774536937426 20.1875592790783 20.682758383014 21.0961666419376 21.2957767094779 21.130401612044 20.560634057751 19.6407072283702 18.2 18.2 18.2 18.2 18.2 18.2 18.2 18.2 18.0318228486536 17.928801879294 17.771198120706 17.5170775260786 17.2836881039375 17.2010643118126 17.15 16.8 18.3 18.3 18.3
19.9571004050922 20.5 19.8061270424626 20.0744419982777 21.1026068347929 20.4 21.3982166229158 20.9741027897013 21.2298567108912 20.7087800415643 21.2 22.0040477086741 19.3 19.0703306688776 19.114589803375 19.0380738696049 19.058236358 19.0314758098397 19.1302548548923 19.0798568088287 19.0135543436586 18.9227383044936 19 18.5 18.9594245892396 19.1718506942505 19.5 19.5 19.5 19.5 19.5 19.5 19.5 19.7957410149878 20.1312894319978 20.5110249915922 20.8165274206072 20.9594701573492 20.8413162892841 20.460227765106 19.8975995160712 19.3374741051837 18.9855216993635 18.8036943390108 18.7095361505222 18.6090083642311 18.2 18.2 18.2 18.2 18.0171572875254 17.8695048315003 17.78 17.5 17.5 17.5 18.4610770858962 18.3 18.3 18.3
19.8828427124746 19.9531372520129 20.1176276333921 20.4003397491687 20.4949302113963 20.5950561618208 20.8067959731779 20.9277438895484 21.0510995458106 21.3247468277342 21.2 22.5811088760148 19.3 19.3 19.3 19.3 19.2036350602526 19.1837722339832 19.26 19.5 19.2828707270447 19.5 19.5 19.0917592886874 19.1049706806877 19.2401293523583 19.5 19.5 19.5 19.5 19.5 19.5 19.5 19.7841986156939 20.0569561064545 20.3462140801276 20.5663038270926 20.6565102224995 20.5603172629632 20.2931568708619 19.9240283444878 19.5712103661889 19.327506443146 19.2410068974232 19.2627540104805 19.1419445480255 18.2 18.2 18.2 18.2 18.0027896673168 17.9100505063388 17.8407830863536 17.5 17.5 20.1 20.1 20.1 19.2589474494052 19.2235152841528
19.8024791573625 20.0353550071845 19.9644581370259 20.538295508105 20.7172583556921 21.1029894450395 21.143040626785 21.4117033536845 21.1213300394157 23.1660722076386 26.9 26.9 23.1 22.2091448608836 19.3 19.3 19.361803398875 19.4 19.438196601125 19.5 19.5 19.5 19.5 19.3020512404602 19.2856396207822 19.3494102782921 19.5 19.5 19.5 19.5 19.5 19.5 19.5 19.7706205043222 20.0015109310861 20.2427189439198 20.4310967139331 20.51963017085 20.4796256609696 20.3238431947439 20.1015083174428 19.8933171051486 19.7743324145747 19.8155397424197 20.6 20.6 19.5100077041648 19.333126291999 19.1186773244896 18.2 18.2 18.2 18.2 18.6471293500492 20.1 20.1 20.1 20.1 20.1 19.7695048315003
20.5 20.5 20.7815688974491 20.6869569130868 20.9513556832268 20.9568997756211 20.9692098124544 20.9317984913883 24.1491083114579 26.9 26.9 26.9 23.9908551391164 23.1 22.2091448608836 19.3 19.3765564437075 19.4 19.4234435562925 19.5 19.5 19.5 19.5 19.5151304414716 19.4964001687214 19.4923574303428 19.5 19.5 19.5 19.5 19.5 19.5 19.5 19.7663232512287 19.9771763643444 20.1994445247956 20.3906424595885 20.5118702612257 20.5520702991623 20.5078646810097 20.409596754461 20.3008370609201 20.2484289448647 20.6 20.6 20.6 20.6 19.6813226755104 19.466873708001 19.2899922958352 18.2 18.2 18.6925058400291 19.0774693662351 20.1 20.1 20.1 20.1 20.1 19.8010643118126
20.4563719677902 20.4961578890674 20.5780586400512 20.6572211502389 20.9747359109469 21.4872933084023 22.2584298852125 23.5761293700129 26.9 26.9 26.9 26.9 26.9 23.9908551391164 23.1 19.3 19.3 19.4 19.5 19.5 19.5 19.5 19.8103047176111 19.8329643395806 19.7965668019058 19.7278147047408 19.6450361361347 19.5 19.5 19.5 19.5 19.5 19.6353822848492 19.7784006514035 19.9757959310673 20.203485066494 20.4237767673783 20.6159700618023 20.7656087045067 20.8496324495778 20.8574819923493 20.8027860699809 20.7120510378725 20.6 20.6 20.6 20.6 20.6 20.6 20.6 19.3356083679371 19.0393119646317 19.0729045988349 19.3649597733599 20.1 20.1 20.1 20.1 20.1 19.828801879294
20.6442084244921 20.6816188858014 20.7519657481805 20.8617926688746 21.2153239904877 21.8329554895363 22.7626180991448 24.1703853614825 26.9 26.9 26.9 26.9 26.9 26.9 26.9 22.9048560939485 21.4578581138279 20.6547868365437 20.2318121132382 20.0878385189574 20.187188842991 20.2549757276247 20.3034778831958 20.3121449852883 20.2590233969572 20.111738962712 19.9546977192846 19.8118402243872 19.7028311310339 19.6270562199257 19.591559216013 19.6076640463791 19.688351935503 19.8236018476996 20.0330310675212 20.2951257164996 20.5763167055138 20.8648855761338 21.1583738381765 21.4173456926583 21.5051757916558 21.4680768876337 21.2990325619744 20.6 20.6 20.6 20.6 20.6 20.6 20.6 19.7354283527149 19.4366121652596 19.3900860906279 19.5809934736794 20.1 20.1 20.1 20.1 20.1 19.8320524470239
20.913117811541 20.9516240294949 21.0232289380372 21.1468219975184 21.482781171034 22.0864161982487 22.9882575554982 24.3094245203438 26.9 26.9 26.9 26.9 26.9 26.9 26.9 23.680954619472 22.2461539876444 21.319290281027 20.7874339114698 20.6212291167169 21.1 21.1 21.1 21.1 21.1 20.5074998160763 20.2973014036284 20.1083927880255 19.9487458352493 19.820295499189 19.7342366014901 19.7248507928395 19.7927204717418 19.9327037847116 20.1767182572807 20.4925041810068 20.8476595497267 21.2480561577112 21.6954494183432 22.8 22.8 22.8 22.8 21.6279531173937 20.6 20.6 20.6 20.6 20.6 20.6 19.9875744341197 19.7221036616862 19.6338263360407 19.7283484529603 20.1 20.1 20.1 20.1 20.1 20.1
21.2667795004493 21.2988726430379 21.3534217397291 21.4523347523455 21.7008660759283 22.1963858813999 22.924255707619 24.0200222822258 26.9 26.9 26.9 26.9 26.9 26.9 26.9 23.6894904008117 22.521647277374 21.7114631772355 21.18920689848 21.1 21.1 21.1 21.1 21.1 21.1 21.1 20.6233597643055 20.4278318163685 20.2413704658299 20.0679322636783 19.9340503358213 19.8920526201641 19.9509968929936 20.1097351191548 20.4046104760157 20.7721796506536 21.1765844562591 21.6532344634508 22.8 22.8 22.8 22.8 22.8 21.8328628280384 21.5671371719617 20.6 20.6 20.6 20.6 20.6 20.124583561173 19.9064300967882 19.8028454599834 19.8112337299397 19.9106810690579 20.1 20.1 20.1 20.1 20.1
21.9 21.9 21.9 21.9 21.8204642392734 22.1560733477998 22.6105116351691 23.2123496485353 24.0455365331199 26.9 26.9 26.9 26.9 26.9 23.9629647403572 23.0959449756862 22.4291200874077 21.8811084329431 21.4418064842261 21.1934502833994 21.1828427124746 21.1640754482034 21.1480506146704 21.156345809338 21.1 21.1 20.9470359257864 20.8171653311202 20.5995252882484 20.3738263861879 20.1894843195397 20.11356193388 20.1672216483111 20.3559048990504 20.6987181180188 21.1219724158581 21.5515230616196 21.9378704935799 22.8 22.8 22.8 22.8 22.8 22.8 21.7720468826063 20.6 20.6 20.6 20.6 20.3911695381774 20.2054781212483 20.0411050602487 19.9387733044634 19.9029129638654 19.92200066511 19.9816889634894 20.0294980898307 20.052931290239 20.0533584640297 20.0187108470445
21.361522368915 21.38 21.361522368915 21.3285098529317 21.9 21.9 21.9 21.9 21.9 21.9 23.7904574466852 23.8151429739826 21.8 21.8 21.8 21.8 21.8 21.8152591022793 21.3 21.2029437251523 21.1944271909999 21.1666666666667 21.1 21.2283863383854 21.2953074487302 21.35 21.6 21.6 20.9618224811809 20.6912359731452 20.4616425196969 20.3676341576673 20.4292834459933 20.6533804463323 21.053869333434 21.532933399762 22.3 22.3 22.55 22.6062870566386 22.6914353635223 22.8 22.8 22.8 22.8 21.6609107733978 21.2254250579806 20.9259443438664 20.6896945539027 20.4669237796628 20.2948212603627 20.1444923017224 20.0368694235091 19.9794983540898 19.964021606366 19.9913218139424 20.0325280381068 20.0669935717176 20.08995965443 20.0967382721145
21.3963463472604 21.4666666666667 21.3963463472604 21.3260260278541 21.4860103898625 21.9 21.9 21.9 21.9 21.9 21.9 21.8 21.8 21.8 21.8 21.8 21.8 21.8 21.3 21.2171572875254 21.2225148226554 21.2171572875254 21.2411451204687 21.2765528522171 21.3369398062518 21.4062870566386 21.6 21.6 21.6 20.9626347979871 20.7125503399547 20.623732117008 20.6950743633356 20.9396591321061 21.3895894162396 22.3 22.3 22.3 22.4937129433614 22.55 22.6333333333333 22.6914353635223 22.8 22.8 22.8 21.8358097561968 21.4310811849222 21.1208641668795 20.8614848814492 20.6370805689147 20.4653696163656 20.3183925429047 20.2096616927932 20.1438101783908 20.1062075362478 20.1088347755777 20.1370329993209 20.1745106044853 20.2176707857583 20.2729122652733
21.361522368915 21.9 21.361522368915 21.2862232585005 21.4743416490253 21.9 21.9 21.9 21.9 21.9 21.9 21.8 21.8 21.8 21.8 21.8 21.8 21.8 21.3 21.2286421655349 21.2477592250073 21.3 21.297174544795 21.3320714913182 21.4014505130179 21.4914353635223 21.6 21.6 21.6 21.2137040084165 21.0048750130198 20.9195572802229 20.9809858941898 21.2020820444502 21.6055904705488 22.3 22.3 22.3 22.4085646364777 22.4666666666667 22.55 22.6062870566386 22.8 22.8 22.8 21.7398612382917 21.4553586960225 21.2389072162542 21.0311805245425 20.8437655970976 20.694133531872 20.5654520233369 20.4652686943412 20.3936640689132 20.3421079191006 20.3245055458163 20.3374962040665 20.3695358378515 20.4214497068548 20.5041463204976
21.138477631085 20.6 21.138477631085 21.2137767414995 21.4591252540212 21.9 21.9 21.9 21.9 21.9 21.9 21.8 21.8 21.8 21.8 21.8 21.8 21.8 21.3 21.3 21.2436541906619 21.2519493853296 21.3242640687119 21.3686651944753 21.4534471492619 21.6 21.6 21.6 21.6 21.4696408415864 21.3324401568722 21.2570735298796 21.2927228829405 21.4602878617655 21.7761462783077 22.3 22.3 22.3217129272955 22.3 22.4067921722118 22.4675444679663 22.5059303221414 22.0523977328046 21.9476022671954 21.2 21.2 21.2 21.2700253134975 21.1601862048322 21.0487122122715 20.9551159835377 20.8680865463957 20.7892339477995 20.7163811324045 20.6503647398693 20.6135592810026 20.6117938701774 20.6261045597271 20.6552044088467 20.8
21.1036536527396 21.0333333333333 21.1036536527396 21.1739739721459 21.4481495363402 21.9 21.9 21.9 21.9 21.9 21.9 21.8 21.8 21.8 21.8 21.8 21.8 21.8 21.3 21.3 21.3 21.3 21.4242640687119 21.4675444679663 21.5154812859929 21.6 21.6 21.6 21.6 21.7778308202042 21.7164906098343 21.6388388878126 21.6245154494346 21.7132897139187 21.9255422184048 22.3 22.3382782218537 22.3333333333333 22.3309016994375 22.3414213562373 22.35 22.0152139499995 21.7275293665245 21.2 21.2 21.2 21.2 21.2 21.2823485351131 21.2848347279136 21.263510378039 21.2264313918059 21.181121811525 21.1133283441808 21.006771756673 20.9473601630971 20.9542820941712 20.9515470615105 20.9239390598853 20.8
21.138477631085 21.12 21.138477631085 21.1714901470682 21.25 21.9 21.9 21.9 21.9 21.9 21.9 21.8 21.8 22.1827822185373 22.1874258867228 22.2270509831248 22.2721359549996 22.3 21.9718839282181 21.3 21.3 21.3 21.4401754250991 21.4681176583689 21.6 21.6 21.6 21.6 21.6 22.2537891866551 22.2478514407709 22.1013482309242 21.988733221853 21.9705439222313 22.0628523694524 22.3 22.3472135955 22.35 22.3585786437627 22.3690983005625 22.3528476348125 22.0766213054762 21.8803037938333 21.5399186938124 21.4388422002509 21.2 21.2 21.2 21.4253072515415 21.8 21.8 21.8 21.8 21.8 21.32257844344 21.2466242068937 21.5 21.5 21.5 21.1407830863536
20.6 20.6 20.6 20.6 21.8706711198733 21.9 21.9 21.9 21.9 21.9 22.013720625603 22.1211096926335 22.3 22.3278640450004 22.3729490168752 22.4125741132772 22.4172177814627 22.8 22.8 22.1732357381017 22.044975029754 22.0587980701953 22.1714251726896 22.3 22.3 22.3 22.6353299845757 22.6994021982289 23.4 23.4 23.4 22.5871637284534 22.3627246457403 22.2304354942965 22.2023811778757 22.251948864411 22.3545836543402 22.3612574113277 22.375 22.4 22.3613157067187 22.0527098308258 21.9125 21.5399186938124 21.2 21.4388422002509 21.2 21.2 21.8 21.8 21.8 21.8 21.8 21.8 21.8 21.5 21.5 21.5 21.5 21.2100505063388
22.6212716412029 22.633521408525 22.6380744953581 22.6605651249573 22.6906474293484 22.538364649113 22.3666238254747 22.2215448572195 22.1310640956258 22.0927195159892 22.1350924577573 22.2948158577982 22.8 22.8 22.8 22.8 22.8 22.8 22.8 22.5663587476513 22.509438708687 22.544016361363 23 23 23 23.1427156689301 23.1766073760449 23.2233926239551 23.2572843310699 23.4 23.4 23.4 22.6820872113961 22.466979052636 22.3561099892358 22.3265904331544 22.4 22.4 22.4 22.3759746926648 22.3612574113277 22.0938665357047 22.0389693876453 21.75 21.5399186938124 21.5399186938124 21.2 21.2 21.8 21.8 21.8 21.8 21.8 21.8 21.8 21.5 21.5 21.5 21.5 21.3027896673168
24.4 24.4 24.4 24.4 24.4 23.2086233081305 22.8556938221673 22.5835956610466 22.4160184104918 22.3373388989951 22.3552484449452 22.4949262850857 22.8 22.8 22.8 22.8 22.8 22.8 22.8 22.9912689976422 23.0204867058394 23.0165950202522 23 23 23 23.0961012293408 23.1549703546891 23.2450296453109 23.3038987706592 23.4 23.4 23.4 22.8954084359799 22.6629513841356 22.5018301782866 22.4071772859959 22.4 22.4 22.4 22.36 22.3472135955 22.13461328599 22.3 21.9600813061876 21.75 21.6697560814373 21.2 21.2 21.8 21.8 21.8 21.8 21.8 21.8 21.8 21.5 21.5 21.5 21.5 21.5
24.4 24.4 24.4 24.4 24.4 24.4 23.3126825181911 22.9615335664347 22.7556204158639 22.6576392940223 22.6572443467503 22.7429699390513 22.8 22.8 22.8 22.8 22.8 22.8 23.3607017003966 24 24 24 23.454163456598 23 23 23 23.1333333333333 23.2666666666667 23.4 23.4 23.4 23.4 23.0357640135571 22.8164981765119 22.6344292027589 22.5013211715826 22.4207935311446 22.4 22.4 22.3513167019495 22.3414213562373 22.328172904669 22.0611577997491 21.9600813061876 21.8302439185627 21.75 21.2 21.6481912778851 21.8 21.8 21.8 21.8 21.8 21.8 21.8 21.5 21.5 21.5 21.5 21.5
24.4 24.4 24.4 24.4 24.4 24.4 23.6389871138797 23.3105807305609 23.1181631104623 23.0388372283804 23.0506924148281 23.0818904186651 22.8 22.8 22.8 22.8 22.8 23.3275293665245 23.4724706334755 24 24 24 23.5278640450004 23.3827822185373 23 23.0961012293408 23.1549703546891 23.2450296453109 23.3038987706592 23.4 23.4 23.4 23.1266885062545 22.9266774178324 22.7426529169379 22.5939534117803 22.4862999205546 22.4207935244274 22.3688209289692 22.3 22.3 22.3 22.3 22.3 22.3 22.3 21.8353431946588 21.8259849252501 21.8 21.8 21.8 21.8 21.8 21.8 21.8 21.5 21.5 21.5 21.5 21.5
24.4 24.4 24.4 24.4 24.4 24.4 23.8724745845288 23.6133259702278 23.4824528086811 23.486681421351 23.5960935962057 23.6439710137741 23.5775501051734 22.8 22.8 22.8 22.8 23.4392982996035 24 24 24 24 23.6172177814627 23.4721359549996 23.2679475529761 23.3038644858831 23.3304422749481 23.3583229676377 23.3737034183643 23.4 23.4 23.4 23.1691736801023 22.9903903000036 22.8143151135357 22.6683308450676 22.5504279933154 22.4649939430338 22.3992888460109 22.3417743078436 22.3 22.3 22.3 22.3 22.3 22.0882839504448 22.020215464401 22.0372976907077 22.0847831293914 21.8 21.8 21.8 21.8 21.8 22.0179820677722 22.2 21.872924008102 21.8592169136464 21.8407830863536 21.827075991898
24.4 24.4 24.4 24.4 24.4 24.4 24.0367672416493 23.8667771933459 23.8342282185311 23.9611986322118 24.7 24.7 24.7 24.7 24.7 23.8127371062422 23.7024173102464 24 24 24 24 24 24 23.5939847814917 23.3695048315003 23.4010643118126 23.4214972288343 23.4223138258775 23.5544155877284 23.5401754250991 23.4 23.3324559715574 23.2037386437436 23.0522471765346 22.8981480282988 22.774105172018 22.6651758565967 22.5784003654446 22.507182573248 22.4455984610103 22.3874476079009 22.3368790707035 22.2813888981754 22.2371279889762 22.2012024870194 22.1699893107377 22.1874896849558 22.2769497787244 22.7 22.7 22.6091673086804 22.6 22.5908326913196 22.5 22.35 22.2 22.2 22.2 22.2 22.2
24.4 24.4 24.4 24.4 24.4 24.4 24.1522621216602 24.0779399716961 24.1467466006953 24.7 24.7 24.7 24.7 24.7 24.7 24.7 24.0203156801014 24 24 24 24 24 24 23.85 23.7 23.7 23.7 23.7 23.7 23.7 23.4789065612743 23.3712204432117 23.254103030111 23.1274105426501 23.0065089123013 22.9128557653313 22.8291344143417 22.7535933820948 22.6822889010154 22.6075377275659 22.5261673359696 22.4451242159801 22.3628738707666 22.3026718488049 22.2681842564485 22.2710154299802 22.3460291764029 22.7 22.7 22.6234435562925 22.6171572875254 22.6 22.5828427124746 22.5765564437075 22.3583592135001 22.3148346655612 22.2 22.2 22.2 22.2
24.4 24.4 24.4 24.4 24.4 24.3085077398003 24.2578750508313 24.2599618414422 24.3585101019447 24.7 24.7 24.7 24.7 24.7 24.7 24.7 24.207699317375 24 24 24 24 24 24 23.8362490369794 23.7 23.7 23.7 23.7 23.7 23.7 23.5211499350193 23.4152486973005 23.3128235135856 23.2169758872661 23.1400521148907 23.0904498252757 23.0436841172352 22.989332249879 22.9262348709693 22.8409771893329 22.7309058041165 22.6121813649793 22.4978752909488 22.4112782212333 22.3645569477352 22.3705720412924 22.4523692168247 22.7 22.7 22.638196601125 22.638196601125 22.6 22.561803398875 22.561803398875 22.3718847050625 22.3162277660168 22.2 22.2 22.2 22.2
24.4 24.3989333765336 24.3892169070554 24.378814806017 24.3666727614042 24.3578658196974 24.369140921933 24.4176785325764 24.5141592436219 24.7 24.7 24.7 24.7 24.7 24.7 24.7 24.3714123816572 24.1937095603958 24 24 24 24 24 23.7 23.7 23.7 23.7 23.7 23.7 23.7 23.5512307887693 23.4583973909511 23.3792839218989 23.3230715290974 23.3057671081366 23.3274551806172 23.322861505373 23.2950518273765 23.2503894045468 23.1676019791909 23.007836261031 22.833347017231 22.6726265224389 22.545816671524 22.4686474948181 22.4545810421341 22.5206575386544 22.7 22.7 22.65 22.7 22.6 22.5 22.55 22.3837722339832 22.3281152949375 22.2 22.2 22.2 22.2
