All-in-one-application-example/output_with_currents/BIMAC_interpolation.asc
NCOLS 126 
NROWS 122 
XLLCORNER -63 
YLLCORNER 0 
CELLSIZE 0.5 
NODATA_value -9999 
[rows 44 to 65 of 122, columns 0 to 48 of 126]
22.6173997518233 21.2091703824009 19.6198054805801 21.2577005520387 21.0185720431446 20.9323105016605 21.2995274460151 21.8072529066591 21.3499949432771 21.2455112700024 21.843639167447 21.7799073581218 22.5268423934241 22.4691803587414 22.7615349732975 23.659192530645 24.30116514982 22.5894445191482 21.3040777550109 19.7176325636588 20.349501634745 18.7438674681164 19.010434770468 18.2679441472231 18.1960178406522 18.5528244373534 18.8105700272144 20.0157380866611 18.4101762916241 18.7267921447211 17.9075809339771 18.8565430831585 17.9286530217506 18.433309404635 17.7905837723901 18.2798150941311 19.1182438134506 19.8396280441896 20.0050833083173 19.8014187899484 20.701992303414 20.452300117031 20.0747420192863 19.9362994481321 19.4065498236674 19.084805274613 18.6309210197927 18.34884437521 18.0433661187798
17.8988613007045 17.0051760214051 19.7008888716705 21.4146710723208 21.5473254056036 20.12403157139 21.3244368515031 20.5420267412092 21.7195289969268 20.9950681287835 21.6934602630317 21.5124950141417 21.7820787282186 20.9799312975413 21.9946093029166 23.1558361972053 23.6614590594473 21.9202946156609 20.9690337514712 20.2873492768801 19.4749027658452 18.5316648564739 18.5127493353105 18.5512605423006 18.7230383414764 18.8769867428112 19.6145942391123 19.1093444416503 18.276588619435 17.918463546458 18.296442603585 18.0788003123377 18.2897791359215 18.3579489452974 17.9905528545395 18.6239393704557 20.0798926343349 20.5142360327524 20.1245449973399 20.9150924165485 21.0886693772002 19.8164912841107 19.7158587076278 19.0737502960194 18.870565709055 18.2691920751817 18.3245656697169 17.7169215878424 17.9386242184935
13.7377592272322 18.2415333608468 21.2407302254167 23.7183400968405 22.0645964782509 21.7322307852288 21.2318110420913 20.9921775444765 21.0937170346786 20.7225146130207 21.289460601037 21.1605833985587 20.9262897386575 21.232908089841 22.8833610434365 23.7192478149283 23.545787394826 21.8958731007868 21.2968256973011 19.9288572016168 19.7319972285328 18.1079757934453 18.0838762939809 18.7086943652159 18.4432648087325 18.6115532223605 17.9329275992908 18.1072058071227 16.8182521096028 17.9839774777295 17.189037352739 18.6337780813139 18.0177952983624 18.8225839716525 17.5962860161778 18.7543033555093 19.2439434935853 19.9216147252337 20.2313276110002 20.7033150934763 20.003638686009 19.7062804964569 18.8064565358557 18.6710243983811 17.9987290486304 17.938699055597 17.4277020527086 17.4352808058715 17.2086608818316
18.6439659060932 20.7160413191034 23.212034427548 22.5971233243593 21.5172867494892 20.8197034199941 21.0428443004488 20.3504587153272 20.2384217785389 20.1112042148682 20.9749836788649 20.4181260763843 21.2668469635211 22.5702154886109 23.08058800433 23.2049678924175 22.0386908968333 20.9056581601941 19.8491013049239 19.1268009285575 18.8676777162237 17.9331902183638 18.0300700223279 18.4707100780816 18.6949021600525 18.5106130965139 17.7040723594121 18.0622932661164 17.6432580932877 17.7302205340774 18.2999650311922 18.26781094605 18.4360019855129 18.6471202919504 17.8728386650051 18.1246734867913 18.6124561528568 19.9333152636183 20.251040747959 19.8785421788129 19.8161184598897 18.6677284085138 19.0375604904616 17.7956458350411 18.0493282265702 17.6049956839456 17.5261640507688 17.0904324731618 17.5652900120377
23.0971306890285 23.934706053138 23.0269338111319 22.9361536873303 20.8505796149142 21.3299409701043 20.7689356100949 19.6035564422727 19.8290344921087 19.8942848269824 19.9332283426938 20.9675245238173 22.5272046733741 22.8594685484437 22.4236173843361 21.0771253298591 20.7751476290406 20.1088405430033 19.5584165273899 19.010632542109 18.7166893294154 18.107975575111 18.2614746424549 18.9751590423097 18.3913531943495 18.2345280568701 17.5281710405747 18.0652022832543 16.9232149523943 18.5836920315226 17.6000114267526 18.4770723696473 18.1941491390182 18.9699887453014 17.5039377566961 18.0305447021378 17.5995362765887 19.2256022404716 18.9951925267653 19.4705844514985 18.7478259766893 19.1686690647888 18.3503576086233 17.9839637825268 17.5741812890936 17.372321068806 17.0412189710173 17.1797783652473 16.9733821910563
24.2631570426175 24.0434497000719 23.4425620781092 21.6309423744216 21.0293416322786 20.9284000016418 19.6294345103534 19.8216504363081 19.5411613154577 19.1770846647787 20.7886769165533 22.3823455711625 23.0784194168187 22.670679430449 20.3128352932299 20.3085526509634 19.5416967536663 19.6285534708227 18.976871101003 18.47783327295 18.1658562999019 17.9455705446904 18.8063201362455 18.5868839884085 17.7770796292248 17.8790224848305 17.7800833103121 17.6350595872825 18.1606300366739 18.1643320275456 17.8020023297926 17.9789149964704 17.9685876977139 18.5241369171135 17.8736146178447 17.9882683928235 18.0126623547359 19.1642449925294 19.1012175522184 18.7071350895788 18.7152701992891 18.1029883711505 18.2609978174188 17.4286691455879 17.4356531729077 16.7930981861009 17.2419036175035 16.9416057528181 16.8422144964691
22.0783503563553 22.5448287941276 21.0859388371081 20.4655780704773 20.3227317759549 19.6135941626191 19.8437792568833 19.3326698279872 19.2724268533051 20.1183551826135 22.0299889356509 22.8828094128351 22.8562096875551 20.7950383037235 20.0263499982196 19.4971287714579 19.498000695941 19.2064599386753 18.6521382023012 18.3616596690025 17.9458332886525 18.3988705500162 18.7126756186892 18.1340901046159 17.6324332916162 17.9875021772724 17.433864822726 17.8374506254535 17.0248187352933 17.6314832733444 16.7460567494451 17.4936036309809 17.6583224229995 18.5989953927758 17.9270732869503 18.4850518365836 17.9446536542373 19.0270309864925 18.4067341616678 18.4988124177907 17.7802601027481 18.3506540857016 17.9099801492374 17.8198118830941 17.0619313989988 17.0639618558866 16.9202331186425 16.9245795282463 16.6985880913989
20.8986944641888 20.1728872586965 19.8374584113697 19.4449683584312 19.8394290344221 20.1833159562655 20.0250052853165 19.6636719768643 20.1099757552606 20.9665072879185 22.2586035818404 22.2796749604133 20.888996050789 20.0523550530216 19.3068112069266 19.6147002189413 19.2037308144036 18.9899005670899 18.4217941210063 18.372586636388 18.4393485370612 18.6966522275504 18.63553447404 17.9706302237497 17.8173720655588 17.6764316183143 17.6683892310219 16.9448216446004 17.0875744185266 17.1694728446618 17.2098064595614 18.0267600575386 17.9917887312655 18.7147408182437 18.1970992100276 18.8934038238754 18.4759252768364 19.222696586216 18.4596150024171 18.0331088369301 18.0192049331172 17.78929876573 18.0314106809033 17.0485217182874 17.1340759123063 16.7975071353549 16.8299642093475 16.8698352967947 16.8452842051044
20.3798334538738 19.5965201288548 19.9294302361148 20.0190864553807 20.776525023525 20.7616591326882 20.3719645856225 20.0462051139618 20.483139510726 21.1961765548797 21.6451481420424 20.3904619133114 20.11591222405 19.2037695325013 19.5342078408403 19.0375382450595 18.6776089241041 18.4799178187396 18.6315814516328 19.1128696390822 18.9713465453921 19.1467539649226 18.4210695374901 17.770111402464 17.6821389911901 17.8105244280974 17.0791945280994 16.7780602959461 16.6412410965435 17.03038072612 17.5150581549656 18.4280241042622 18.3859809716658 18.6828395129801 18.3210898643895 18.8749814155165 18.7133485245979 18.9068159702375 18.3259420428619 17.8149021283977 17.3398059014582 17.5595240499123 17.0801596531751 16.8510648646097 17.0487761727273 16.7779527983934 16.7485991810062 16.4387808594358 16.7072074931006
19.9888888491546 19.722625322315 19.997362918807 20.396304911399 20.9350679658084 20.753097371625 20.7404819747737 20.5665172696904 20.9511764327409 21.3432945384178 20.5068472644268 19.9035573049477 19.405694034664 19.3166886881635 19.5291158309398 18.8952756943414 18.3842021833393 18.7283863756337 19.3158877093912 19.3700572603009 18.9774515251323 18.5812826982928 17.9036159228228 17.5976852021422 17.4752453987647 17.3352006688835 17.1822305926308 16.6796876410859 16.9413239456961 17.7991861306253 18.6997232665604 19.2480393253445 18.6872956627131 18.8116397436184 18.1228955464174 19.1159325000379 18.646930253038 19.1411927955048 18.4374337372181 18.1147436717099 17.4927255201416 16.9722292521218 17.1942225138092 17.2602479623952 17.3808143581198 17.6328892197618 17.0721037249908 17.2341965773247 17.0997381078558
20.1307333293222 20.3317081685427 20.5770871515959 20.7391527412863 20.7161394933218 20.7352783951697 19.7905509490573 20.4730434406104 20.798301303773 20.9087200800344 20.0287110971985 19.2579586153264 19.2179892477597 19.0440932636407 19.3200083055701 18.4666949372265 18.5613565201581 18.9848877663806 19.3744120028239 19.0023858211901 17.9320660176457 17.9120360606548 17.66102839963 17.3484553174369 17.1631656688353 17.1795971015223 17.1047642562316 16.8017741213644 17.1393928557462 18.1189373802752 18.8669181426653 19.0865499794177 18.6851675604682 18.5628631042108 18.58089105395 18.9534109401807 19.002898868017 18.7420097784672 18.617826326577 18.2723840997204 17.7510401917525 17.1161974087684 17.6583308565431 17.4923424882268 17.9193553317835 17.6700097262952 17.7656416218433 17.1195894756362 17.8993298152403
20.361514864235 20.424215515712 20.6264476180654 20.4809367083024 20.6541788231774 20.4136828344807 19.9928659178408 20.5311587770188 20.8962305784946 21.0887634844007 19.4731531228779 19.1841841170438 18.91013930542 19.0359256393652 18.9627552438732 18.479472685231 18.7263665561841 19.2486951573242 19.4328533181279 18.3581390462011 17.7997410043049 18.2505803654389 17.7067748705507 17.8817730224723 17.5350609794687 17.8808797830794 17.4051404230454 17.0226496502425 17.3126320177474 18.2257462826719 18.7297055354073 19.00819102132 18.5394140204556 19.1821749701371 18.7295640123966 19.8664298578348 19.1940392028042 19.4542723605482 18.9622978047884 19.0371767633734 18.6183055325446 18.4521352146206 18.2350699845568 18.2471598149609 17.9633939035932 18.4745315074545 17.7836959656944 18.2821765892182 18.2365931847087
20.5542328198794 20.7184209316533 20.4173911015945 20.4511025611654 20.4421182730864 20.6813373871653 19.9981319258249 20.8654172782418 20.738231546942 20.5446163985279 18.9409441799522 18.8710354980096 18.83036705179 19.4032934388428 19.7120539685032 19.3980593782609 19.4546606418463 19.7484032479918 18.9855721694124 18.2773098456449 17.6198882183206 17.9547417925862 17.9716418088834 18.2027333585145 18.186970249903 18.203685981199 17.9528371500515 17.5239593520115 17.5300342606658 17.9997732574566 18.516258802757 18.4636705554475 19.0028225259525 19.1854885629955 19.7882128224468 19.7644924750006 19.7485854319067 18.9473155868063 18.6483645779358 18.3804535040279 18.4825594544781 18.0139355715728 17.8059691575993 17.3847425580576 17.9722297928542 17.7212225472712 17.7459960939004 17.6660465928204 18.0829337369514
19.9615004631304 19.6637018311559 19.6438271047103 19.73258365592 20.4851363075466 20.5866067586435 20.6395654895386 20.9463872135399 20.4131612347313 19.9069791900657 19.6558508993452 20.3277972718166 20.8369981441534 21.1465018968404 21.1060844545491 20.5795151508394 20.3988258982375 20.0032200340004 19.3867169919904 18.4675287586853 18.0935130651331 18.634209740313 18.8561861496416 19.7725203252564 19.0983205753534 19.0828624548677 18.4236213617711 18.2372473690144 18.0553106297287 18.3613157982756 18.657654818778 19.2475779545179 19.0270959012515 19.6607503238075 19.3829418009415 20.1971624269295 19.3856036304131 19.2865888153789 18.525850568982 18.7955694154927 18.7176735410692 18.3455138655379 17.8756059458554 18.2197994130142 18.1867695164267 18.5381025578142 18.0404914521013 18.5684001412553 17.8488341503355
19.0513917105057 19.0953941151438 19.552016518611 19.9332426463073 20.5244127511796 20.7611729233717 20.457011004165 20.4531781953884 20.1557723857837 19.9988392557412 20.6631695508563 21.9171310797332 21.7393331388248 21.4373555473923 21.2153244097541 21.0869814609043 20.5549131680789 20.1077816886677 18.7913680640421 18.4484096969284 17.990979176434 18.9834751834105 20.0301772602949 20.5210780506782 20.1539352938163 19.4153496923628 19.0994211371868 18.872132825792 19.1618203859067 18.8477302990194 19.1858362674293 18.8836692580206 19.3599331791547 19.1241277352504 19.5795180111616 19.41240719063 19.3236374471566 18.4394077753746 18.1965830508476 18.1024576295106 17.9829108937365 17.7909430082828 18.1367147675295 17.893908989154 18.2706988534973 18.0156691447392 18.0442144278279 17.4560508226174 17.0749469624978
18.1479960241351 18.9749629235485 19.4280689832146 19.9056337542471 20.1047516995949 20.1145287172449 20.0708627106418 20.3327164398928 20.2726790967071 20.5626496874691 21.979633691712 22.3380812347176 22.1849730254621 21.7490155089983 21.3484586921106 20.6929358540687 19.9290282284404 19.2984424572784 18.6083163496465 18.5079726119342 18.6253161927783 19.5949260034523 19.9795408438584 20.7127864734214 20.0478486749187 19.9870529236652 19.1891659873837 19.6913799305839 19.4964706367985 19.3194164219853 19.0874577987941 19.0171101721168 19.006694988482 19.0360956652131 18.8575834999943 19.1270672528894 18.557465890395 18.7089652286641 18.3243610645573 18.5498547164492 18.3836942375832 19.4414986876056 19.5898275151666 19.7626977460153 19.2092595393588 18.8082900446463 17.6910205003291 17.1714106187219 17.0525242255856
18.8156940676363 19.1642742119481 20.0471894046675 19.9697516662619 20.0842806214694 19.9556100374821 20.2115757824946 20.5267532135126 20.6784373659524 21.3979339342161 22.1161113748845 22.377499531547 22.0840899735136 22.1878828525769 21.4100696516264 20.4277945588553 19.1561983313631 18.789033193159 18.0822523461745 18.4034743742312 18.4987008423543 19.0003794028083 19.5445756435117 19.8311085605373 20.1037052034683 19.7783600705027 20.0661616155536 20.0042756499648 20.0370646384088 19.4364757056464 19.2194534928769 18.8407977937769 19.4198022706693 18.9004558304895 19.3284315517583 18.3542822614333 18.6641024362336 18.2736301562086 19.1520430018352 19.1983030243227 20.0313290491664 20.4205244639826 20.9963226737646 20.5375113067787 20.178353212271 18.5656913158065 17.713569429134 16.9915978113905 17.1708307811186
19.3844679292675 19.7976168186054 20.1730517543138 20.4566252476672 20.5107814832905 20.4683819378292 20.6043711138942 20.7454134250716 20.7642797763482 21.474308972414 22.3470199814208 22.4850640933812 22.7013506043265 22.2137199831945 20.7011059464925 19.5041083854829 18.2668056812909 18.4136955777379 18.0454109443551 18.7265898277762 18.7132537554565 19.6708716932391 19.4087557890128 20.1225353726569 19.6332494817572 20.115617285546 19.8776150521611 20.4401218468853 20.2105232975828 19.6685259678947 19.1529226014839 19.0173381930781 19.1661471802953 19.197102965278 18.9667406098732 18.5545313735745 18.3982600826338 19.4057206425232 20.4062078296416 21.3894056020334 21.5865884196583 21.9349733254561 22.0784831768083 21.8778840101518 20.8020984845301 19.8325622527408 18.7908156554623 18.1302504994616 18.237088267531
20.2949674770472 20.2959148063057 20.8573515179869 21.0155953186281 20.9574471924523 21.0323088885008 20.8218867741314 20.7719305642273 20.9022863753923 22.0645325455393 22.0964800510842 22.8351076420039 22.0428643088792 21.412643961016 19.7283646933626 19.070977500549 18.5299524621384 19.1013531686899 18.8467541493116 19.4898146179949 19.8286847266516 20.0838113683821 19.7684026469993 20.1600759790523 20.0465980677383 19.8282929345428 19.877625229855 20.5379980333652 20.3657909818704 19.8086188368841 19.5552242520183 19.3377233148642 19.7462584060316 19.3575291786412 19.9303677263029 18.4265537002013 19.5683270236201 19.980961994749 21.8864877095002 21.6141260832041 21.8604937018921 21.6835904769793 21.6745025361433 20.7287097625922 21.0469154198278 19.9888009019516 20.0503623526496 19.3218406415057 19.3135132119542
20.6329762788681 20.4673383508697 20.6771257336217 20.299244965232 20.2007295380549 20.438302090171 20.1716888582449 20.7653693359039 21.3012067658696 21.7547020458513 22.0270154719201 21.865873888643 21.0181814208961 20.2397657993824 19.3046113419382 19.4599055487978 19.3427403482207 19.9921890655336 19.8298303813669 20.5908972726731 20.3291292413252 20.565771895597 20.1451549199818 20.3639053749182 19.9619840729013 19.8480621359041 19.9629944990295 20.614119225505 20.2680638773319 20.0576324358233 19.9256702839415 19.601767316992 19.8642306655018 20.0365307525435 19.2153983865374 18.9798674436549 19.6016205795319 21.3492176389373 22.0866666838235 21.4762053768152 22.0448220672543 21.6151772275926 21.216136952652 21.1952143807365 20.9728369516652 20.83719287341 20.4968173788813 20.18204103792 19.7368419519308
20.9719492958758 20.8906777906609 20.11972550538 19.5534565102913 19.8391437065604 19.8467020621162 20.587735583057 21.3028332858789 21.3700462590298 21.9406379667072 21.585187785135 21.7108574425593 20.7571688014161 20.513201522243 20.137502217618 20.5977673605428 20.4514576845187 21.1326820694882 20.8774573177849 20.5237116569721 20.0342515044877 20.1919875863237 19.9434699105873 20.5592232273365 20.0919246511913 20.2847281297252 20.5452822242857 20.3278802039999 20.1936934497992 20.2846427431343 20.0401917819018 20.0061340695226 20.6295585535024 20.000961699735 19.6839247949094 18.9827826104031 20.9487131283692 21.7001333625253 21.8727899853057 21.9955902022657 21.8577948680561 21.159279995226 21.0761025903488 20.5654514161524 20.7985222387951 20.2343798380988 20.6147720043114 20.1797963322377 19.9792633270236
20.7637838223107 19.9149243035747 19.3167771002936 19.3790765263727 19.1540320121567 20.2395739626243 20.6216957997784 21.0826687906985 20.9553665768092 21.0084381511475 21.0531142488521 20.8327960330834 20.257169940383 20.1183855630214 19.9913200225878 20.6182873172001 21.0670433963041 21.4075162542113 20.3586131917882 20.3010735579257 19.7669849912053 19.820820670599 20.1367593648862 20.4439619101674 20.359893041115 20.9321788037282 20.6738232569285 20.4609548818613 19.940633696451 20.132389636945 20.0416792524359 20.0227603189963 20.281776619646 19.9976470548947 18.9537405064104 20.041473825603 21.2841155544124 21.6841011672018 22.3081821380368 22.067998165203 21.8577978361733 21.0789515563031 21.1618259744604 21.1102920877309 20.9781425621714 20.9082922892343 20.4770662544012 20.295863302437 19.7923818669297
