All-in-one-application-example/output_with_currents/BIMAC_IDW_prior.asc
NCOLS 126 
NROWS 122 
XLLCORNER -63 
YLLCORNER 0 
CELLSIZE 0.5 
NODATA_value -9999 
[rows 78 to 103 of 122, columns 0 to 59 of 126]
24.3978760379878 24.3954010672123 24.3869272488287 24.3867502097994 24.3964720788074 24.4258542149186 24.4809449986907 24.5648263242565 24.6601421277874 24.7 24.7 24.7 24.7 24.7 24.7 24.7 24.4976064191457 24.3617027403512 24.2514191266831 24.1718905827985 24.1059134085534 24.0410203482874 23.9365102918199 23.7 23.7 23.7 23.7 23.7 23.7 23.7 23.5978609992429 23.5339316253901 23.4870576775075 23.4735126656661 23.5103650052352 23.8 23.8 23.8 23.8 23.8 23.2893276237187 23.067686950847 22.8622840103104 22.6986722289096 22.5879525115343 22.539210484604 22.5773171245939 22.7 22.7 22.638196601125 22.638196601125 22.6 22.561803398875 22.561803398875 22.3851653344388 22.3416407864999 22.2 22.2 22.2 22.2
24.3957866125832 24.393797918932 24.3899712479991 24.4055072416664 24.4401673727985 24.5016247034402 24.5938686588824 24.7133169230193 25 24.8598245749009 24.8455844122716 24.8242640687119 24.8070367516976 24.7 24.7 24.7 24.5646404568994 24.4732670205174 24.3960766040099 24.3302871230845 24.2615941311048 24.1810416920051 24.069445559206 23.9254889895322 23.7 23.7 23.7 23.7 23.7 23.7060672202792 23.6773871466318 23.6445851006927 23.6217316098551 23.6294159194644 23.8 23.8 23.8 23.8 23.8 23.8 23.8 23.2760906137934 23.0510915308432 22.8750131468204 22.7428703283082 22.6608369105177 22.6529521352414 22.7 22.7 22.6234435562925 22.6171572875254 22.6 22.5828427124746 22.5765564437075 22.5 22.35 22.2 22.2 22.2 22.2
24.3955651946458 24.3958958828296 24.3989555309979 24.4321056360697 24.4873262430113 24.5723670875532 24.6986944821992 25 25 25 24.8929632483024 24.8757359312881 24.8544155877284 24.8401754250991 24.7 24.690341309865 24.6328432175015 24.5925763138963 24.5528970932698 24.5128712618592 24.4647232047752 24.395489270136 24.2732637636661 24.132401611636 23.9996902315177 23.9075468927934 23.8473438438635 23.8161959602903 23.8131760725565 23.8163897504655 23.8083960116267 23.791142295164 23.7756381889761 23.7659436028502 23.8 23.8 23.8 23.8 23.8 23.8 23.8 23.4167070283743 23.2128307861233 23.0492851004994 22.9161389000094 22.8197790160827 22.7707379416803 22.7360097413526 22.7 22.7 22.6091673086804 22.6 22.5908326913196 22.5 22.5 22.4045269806414 22.3479152583011 22.3068439633252 22.2496343748816 22.1634587439628
24.3985775582904 24.4029461672663 24.4140916481768 24.4579236108411 24.527387381361 24.6263560587498 24.7601366569553 25 25 25 25 25 25 25 24.8101168395319 24.7431165379053 24.708920946741 24.8 24.8 24.8 24.8 24.8 24.4669969057029 24.3216878376242 24.188821359819 24.0859836039262 24.0116191728972 23.9686859764771 23.9681427247974 23.9918423369204 23.9949704661621 23.9823525849755 23.9616603094498 23.9188939150272 23.8 23.8 23.8 23.8 23.8 23.8 23.8 23.5022355797242 23.3365907290971 23.2043058212667 23.0939995226505 23.0051347868206 22.9370381186616 22.8697281042694 22.8050128077793 22.7457403268641 22.686429334285 22.6309364330565 22.5786845081485 22.5301866590564 22.4861789757268 22.443881964577 22.4139829517488 22.3837698168656 22.3364237456842 22.2638439209357
24.4060517241095 24.414592107485 24.4330457508777 24.4835210558254 24.5596672413673 24.6638473402715 24.7958014117521 25 25 25 25 25 25 25 24.852913662817 24.7905796564752 24.8 24.8 24.8 24.8 24.8 24.8 24.8 24.4869722797492 24.3657882339407 24.2713302902751 24.1940988026993 24.1419397964015 24.1376210669008 24.3 24.3 24.3 24.3 24.3 23.8 23.8 23.8 23.8 23.8 23.8 23.8 23.5488901322976 23.4283440322458 23.3427230567375 23.2706670876168 23.2075989251414 23.1417316130122 23.0405367658626 22.9360657054485 22.8407360334855 22.7564442320462 22.6770738417489 22.6094158401295 22.5616517007105 22.520796740959 22.4898971047857 22.5 22.5 22.5 22.5
24.4173084394735 24.4293936673954 24.4534709932754 24.5064148931044 24.583606697601 24.6872906049163 24.8154174170065 25 25 25 25 25 25 25 24.8803467750542 24.8223231236117 24.8 24.8 24.8 24.8 24.8 24.8 24.8 24.6200693190507 24.5426732605157 24.4750777782767 24.4022973113723 24.3129514786529 24.3 24.3 24.3 24.3 24.3 24.3 24.05 23.8 23.8 23.8 23.8 23.8 23.8 23.5546309549284 23.5 23.5 23.5 23.5 23.5 23.2053829478611 23.0718240667402 22.9451416822872 22.8371044281215 22.7392094780803 22.6607017506321 22.6144744338582 22.5730766977779 22.5 22.5 22.5 22.5 22.5
24.3585541678373 24.3534012444387 24.3525086732976 24.3725657990806 24.4317882789513 24.5249937477529 24.6681473636422 25 25 25 25 25 25 25 24.893907832001 24.8400554553989 24.8 24.8 24.8 24.8 24.8 24.8 24.8 24.8 24.8 24.8 24.8 24.4583316004236 24.3 24.3 24.3 24.3 24.3 24.3 24.3 23.8 23.8 23.8 23.8 23.8 23.6357792929274 23.5 23.5 23.5 23.5 23.5 23.5 23.5 23.1920772183386 23.0433349488004 22.9182870817928 22.809776425384 22.7305005868192 22.6956547154243 22.6678196662704 22.5 22.5 22.5 22.5 22.5
24.1844906858294 24.1491268021383 24.1020001492664 24.0659342614306 24.0777393148736 24.13984810014 24.2620167356121 24.4774214339162 25 25 25 25 25 24.9472122553874 24.8989610149035 24.8511853091359 24.8 24.8 24.8 24.8 24.8 24.8 24.8 24.8 24.8 24.8 24.8 24.8 24.3 24.3 24.3 24.3 24.3 24.3 24.3 24.0753122098029 23.9641663152088 23.8244444831558 23.7073453968379 23.5956026363302 23.4972191058587 23.5 23.5 23.5 23.5 23.5 23.5 23.5 23.2725622778922 23.1447503749291 23.0303512986277 22.9215616646906 22.8449086464998 22.8228642656059 23 22.7434164902526 22.7 22.620126536676 22.5 22.5
23.8916935196821 23.8057650791752 23.6807498907173 23.5615014691099 23.5076499047773 23.5229125301509 23.61297935686 23.8079320375317 24.095267850377 24.361518072793 24.5766730880665 24.7411452376001 24.8554885041311 24.9012751314542 24.8849408562873 24.8521788742971 24.8 24.8 24.8 24.8 24.8 24.8 24.8 24.8 24.8 24.8 24.8 24.8 24.3 24.3 24.3 24.3 24.3 24.3 24.3 24.1365416727439 24.0061651214201 23.7988409332104 23.6061336616151 23.425137953448 23.306447496203 23.5 23.5 23.5 23.5 23.5 23.5 23.5 23.3176744991399 23.2298751660821 23.1430800748862 23.0504437466054 22.970204170199 23 23 22.7928932188135 22.7639320225002 22.6937129433614 22.6306019374819 22.6408645233451
23.4771441037798 23.3166276777981 23.0620360027107 22.7776486193474 22.6659351218973 22.6479242191268 22.7087918570028 22.8984270853738 23.3084458313768 23.7421605066545 24.1216237520865 24.4307970907343 24.6657821410224 24.8079152849036 24.8413555076793 24.8408125453251 24.8248753011917 24.8 24.8 24.8 24.8 24.8 24.8 24.8 24.8 24.8 24.8 24.8 24.3 24.3 24.3 24.3 24.3 24.3 24.3 24.1663961017728 24.0241768513443 23.7685703472231 23.5008237291191 23.2170044875004 23.0057126368586 23.5 23.5 23.5 23.5 23.5 23.5 23.5 23.3695695391187 23.3339213891376 23.2771849150077 23.2026335562449 23.1033538636026 23 23 22.8591354766549 22.8693980625181 22.8062870566386 22.7360679774998 22.7071067811865
22.9673559329766 -9999 22.2665277428315 21.1 21.1 21.1 21.1 21.1 22.5194037287959 23.1015718045421 23.6310389514322 24.0664107226657 24.4116783089093 24.6610988931242 24.7575159563867 24.7994476989152 24.812143633901 24.810663025016 24.8062269731731 24.8028838869401 24.8008809479764 24.8 24.8 24.8 24.8 24.8 24.8 24.8 24.5389635935511 24.3 24.3 24.3 24.3 24.3 24.2516963872981 24.1948974921439 24.0504810246249 23.7670103528235 23.4242721377149 22.9523878595031 22.4037321028376 23.5 23.5 23.6531128874149 23.6549703546891 23.6708203932499 23.6888543819998 23.7 23.4412940871625 23.4610440545714 23.4448310650206 23.3971956738747 23.2806841471074 23 23 23 23 22.879873463324 22.8 22.7565835097474
22.4293031088854 22.0463626628878 21.1 21.1 21.1 21.1 21.1 21.1 21.1 22.5475148492604 23.1817167531267 23.7038148104499 24.1375736810578 24.4727977130067 24.6367018303187 24.7277231172022 24.7742446863975 24.7942700392427 24.8003630474464 24.8012858480329 24.80070166099 24.8 24.8 24.8 24.8 24.8 24.8 24.8 24.5988173012947 24.4778382787037 24.399490568076 24.3504162869943 24.3199681913442 24.3016452373067 24.2787540989094 24.2508920308631 24.1396651624933 23.8839743953031 23.5137468160955 22.8571898680519 21.5391882906931 13.2 19.8875244714511 20.2183088170906 20.6933519562155 21.070629309807 23.7468871125851 23.9 23.85 23.8 23.8 23.8 23.8 23 23 23 23 23 23 23
22.0013080286708 21.7130257689852 21.1 21.1 21.1 21.1 21.1 21.1 21.1 22.1721900325732 22.8047062284464 23.3688052917284 23.8637638631386 24.2575209805127 24.4855267276129 24.6285972132436 24.7139003153025 24.760458658257 24.7830392730458 24.793241124016 24.7974333276309 24.7991335380111 24.8 24.8 24.8 24.8 24.8 24.7002222117435 24.6086483312577 24.5172494514878 24.4412264178816 24.3867843479789 24.3513692709221 24.3343330335363 24.3304333134263 24.3442548654727 24.6 24.6 24.6 24.6 18.9 18.1675682014394 19.643650813896 19.8782809329041 20.7750096111838 21.6824492708945 20.8854992004143 23.8617217781463 23.8472135955 23.8 23.8 23.8 23.8 23.4 23 23 23 23 23 23
21.6975447902689 21.4896904838987 21.1 21.1 21.1 21.1 21.1 21.1 21.1 21.9424214742212 22.5313884232601 23.0947485926964 23.6112436413127 24.0376848409542 24.3175973663855 24.5087631848303 24.633578046062 24.7098878562604 24.7529380652736 24.7763748151501 24.7885273478598 24.7945654596849 24.7975199477213 24.797959738444 24.7903499295529 24.7736013660131 24.7427079903947 24.6880650198629 24.617725747491 24.5429394010567 24.47349294096 24.4210137931512 24.3893389557594 24.38176971373 24.4073868438803 24.6 24.6 24.6 24.6 24.6 20.7644898483825 19.838374010611 18.9944804209181 18.7 20.5125212942466 23.9 21.8811296894048 23.8612574113277 23.8427050983125 23.8 23.8 23.8 23.8 23.8 23 23 23 23 23 22.9922482396373
21.4858121405185 21.3426759450494 21.1 21.1 21.1 21.1 21.1 21.1 21.1 21.803657703359 22.3440417833276 22.8820070799638 23.3919949079477 23.8270310735524 24.1438219101639 24.3752050733586 24.5368542827737 24.6436320476101 24.7099419479273 24.7498205974894 24.7727944087949 24.785296598218 24.7912674165946 24.7916365937346 24.7833027512017 24.764109344639 24.7320219446306 24.6852024456461 24.6266449933541 24.5629585960314 24.5013228370945 24.4542765648466 24.428719208242 24.4289589836842 24.4640085278476 24.6 24.6 24.6 24.6 24.6 21.1064631828278 20.0531159620631 18.8213856178698 13.2 19.643650813896 21.290285352134 21.4108646298012 23.8572949016875 23.8387425886723 23.8 23.8 23.8 23.8 23.8 23.4 23.4 23.4 23.4 23.35 23.0663742915014
21.374496574032 21.2790519658712 21.1 21.1 21.1 21.1 21.1 21.1 21.1 21.7642210480954 22.2480756436629 22.7382470178011 23.2155158419423 23.6377486900173 23.9750693406555 24.2360876414146 24.4289765815475 24.5644199526123 24.6547495746778 24.7130184550919 24.7490646226789 24.7700477152362 24.7806333025014 24.782466413121 24.7746303420942 24.7562284899781 24.7262911439353 24.6848937755121 24.6343753821756 24.5793803959889 24.5259752436274 24.4856656660306 24.4656756044675 24.4701204726281 24.5042530819496 24.6 24.6 24.6 24.6 24.6 21.435026978573 20.5796592590401 20.3896981983523 24.5 20.6664778952654 20.8008130618756 20.9972733859298 23.8527864045 23.8382782218537 23.8 23.8 23.8 23.8 23.6130994332011 23.4 23.4 23.4 23.3617217781463 23.1950490243204 23.1617574216485
21.3103143495415 21.2570264343842 21.186017121911 21.1 21.1 21.1 21.1 21.1 21.4340147238307 21.7837411511191 22.1935924449917 22.6292427336384 23.0647551661722 23.4724769561786 23.8174904229006 24.0978098310746 24.3151790632495 24.4758606259215 24.5892917152229 24.6666091349379 24.7171590954319 24.7482872067064 24.7651500743841 24.7701911648134 24.7644168757613 24.7479466861708 24.7208526281673 24.6840342903994 24.6398114360667 24.5921378843569 24.54647335514 24.5126832246192 24.4971226130514 24.5029900219914 24.5334600458663 24.6 24.6 24.6 24.6 24.6 21.5317447164463 20.951612212488 20.1220874800324 21.2274820728656 20.9344925973516 20.8008975115842 20.8467001542426 23.85 23.8 23.8 23.8 23.8 23.8 23.5869005667988 23.4 23.4 23.4 23.3690983005625 23.2063378687699 23.1694473063661
21.2687749818206 21.2384694668428 21.1981486190531 21.1609905965507 21.1418996069309 21.1449789305961 21.1860880845076 21.2911503317281 21.4965707537009 21.7889357720137 22.14472394336 22.5372932087737 22.9410101883608 23.3298048714042 23.673712814077 23.9647193326449 24.1998711439024 24.3814839426298 24.5158670297736 24.611761835994 24.6774160699306 24.7198694724962 24.7444770291523 24.754737403909 24.7526622656025 24.7393975478857 24.7158786316506 24.6835798994751 24.6449621576482 24.6037246739349 24.5648938486678 24.5365151622883 24.5221924985468 24.5248296587637 24.5467250427053 24.6 24.6 24.6 24.6 24.6 24.5560392194563 21.0798966897094 19.819386745184 19.98 19.819386745184 19.5324317985606 24.5 23.1180730955828 23.8 23.8 23.8 23.8 23.8 23.4 23.4 23.4 23.4 23.375 23.2125 23.1818181818182
21.2404910534716 21.2219219233144 21.1971535087276 21.1745815774783 21.1646214163611 21.1779560684221 21.2326852992628 21.3469427370635 21.5336911322243 21.7920544283674 22.1089916936247 22.4652451738432 22.8391778890639 23.2071512680694 23.5442491964009 23.8393226681627 24.0863124634987 24.2843611654751 24.4368468535664 24.5500150213224 24.6306772887707 24.6852301941182 24.7190167149906 24.7360517128718 24.7391194544113 24.7301842752709 24.7109015771712 24.6832404108686 24.6498471487511 24.6142623135864 24.5809997230868 24.5558906707897 24.5415726088054 24.5399364808686 24.5509824879475 24.5713058717787 24.6 24.6 24.6 24.6 24.6 24.5 24.5 24.5 24.5 24.5 22.9031566977848 23.1285652239422 23.460974142519 23.7145651447926 23.8544747737776 23.881440891163 23.7775077475902 23.4 23.4 23.4 23.4 23.3690983005625 23.2063378687699 23.1694473063661
21.2237753939982 21.2121739298045 21.1973212988342 21.1854726547539 21.186086102992 21.2095515608236 21.2717772759172 21.3860251539637 21.560387041079 21.7951422551945 22.0824208155159 22.4081966419199 22.7548182131304 23.101642485191 23.4284675875215 23.7227989500367 23.9767028271475 24.186958366004 24.3544355821208 24.4830559384671 24.5780499218912 24.6449215595751 24.6887210668748 24.7136515195097 24.7229943912447 24.719330736906 24.7049060471771 24.6821072252679 24.6537386372651 24.6231832173162 24.5943967956493 24.5718374233841 24.5574985242394 24.5525745879982 24.556684520546 24.5672230225789 24.5444454951691 24.4646150163608 24.3224055801426 24.1395774865047 23.8630551662392 23.523409429315 23.237549620157 23.0615772036897 23.0065672437329 23.0565791649187 23.1275287207012 23.3625343959736 23.6517025304232 23.9190971218544 24.084192958638 24.118455816345 24.0022915267506 23.4 23.4 23.4 23.4 23.3617217781463 23.1950490243204 23.1617574216485
21.2146733221971 21.2077911665595 21.2001492082989 21.1970614762841 21.2071981665344 21.2391461830901 21.3060526554881 21.4182015990095 21.5821395000738 21.7984408143242 22.0618136840332 22.3616708320173 22.6836158473614 23.0099411008735 23.3247896976683 23.6152053462963 23.8722445355234 24.0910445374139 24.270485096303 24.4124903057209 24.5207329275395 24.5996855253645 24.6538846535264 24.6874627171691 24.7039518569159 24.7063513072993 24.6973528441512 24.6796702839149 24.6562235517706 24.6302427497704 24.6052111669962 24.5846447291559 24.5701065836957 24.5617527291547 24.557745579387 24.5528718321619 24.5210646440147 24.435333327353 24.2907794521343 24.0970022256348 23.8471058936354 23.563174293904 23.3118698099725 23.1293727000739 23.0770823284696 23.1570182459566 23.3531334888674 23.6565895200038 24.0185858755233 24.3590561694219 24.5286770142039 24.5680596856036 24.5052884809052 24.2768094576286 23.4 23.4 23.4 23.4 23.35 23.0663742915014
21.2099458894601 21.2067744738052 21.204930786627 21.2092500844129 -9999 21.2716758846405 21.3398332848388 21.4488092080851 21.60331665226 21.8005987304594 22.0435013920538 22.3209883905282 22.6209051590977 22.9291020196025 23.2315735089374 23.5161200859391 23.773489894051 23.9977901722144 24.1864410445815 24.3397261266386 24.4598906673047 24.5503410384533 24.614959767541 24.6576124682706 24.6818731958291 24.6909727600666 24.6879000024195 24.6755954480924 24.6570482850885 24.6353450795145 24.6135724254564 24.594543408255 24.5794128827113 24.5674201672238 24.5555604268289 24.5376351495427 24.5025479056525 24.4215413879597 24.2926460250339 24.1204181502107 23.9095968487788 23.6782693997509 23.4729765965601 23.3116523436461 23.2894021893147 23.4062653223866 23.6640396557221 24.0505829053333 24.5149886792025 25.5 25.5 25.5 25.5 25.5 24.5274794401079 24.153406717284 23.853614464947 23.6283265473325 23.4653001139529 23.3891654459001
-9999 21.2074760577631 21.2100980606041 -9999 21.2525977790453 21.2967621168061 21.3673590481696 21.4735427657818 21.617390741824 21.8009113797162 22.0264852363357 22.2847613131916 22.5656330306865 22.8572582672453 23.1474338549305 23.4249082001549 23.6805512394146 23.9079106815942 24.1033740635839 24.2659303518331 24.3965816392449 24.4977088440838 24.5724731135545 24.6243375878653 24.6567515216683 24.6730125035851 24.6762641314633 24.669573579537 24.6559577010271 24.6383684882885 24.6195577589543 24.6017499661201 24.585790939863 24.5702985415624 24.551728487449 24.5241096813864 24.4783081437185 24.4035338428251 24.2951008022257 24.1540234937444 23.988197690555 23.8139565006848 23.6477701729901 23.5230014047884 23.5444057939159 23.6987701945402 23.9895707174223 24.4472354436404 25.5 25.5 25.5 25.5 25.5 25.5 25.5 24.5461106571554 24.1525833298323 23.849656753239 23.6272859570439 23.5089485624478
-9999 21.2116222169132 21.2182119622633 -9999 21.2739181648472 21.3188284039637 21.3908208183903 21.4944238975909 21.6284279468016 21.800361721671 22.0109781421172 22.2524733834917 22.5164413033708 22.7928739085357 23.0710941014377 23.3408227040593 23.5932816524572 23.8217869975576 24.0220332599714 24.192022982186 24.3317162616481 24.4425563633004 24.5269727365362 24.5879439486988 24.6286702031364 24.6523792841116 24.6622439450328 24.661367862519 24.6527492614798 24.6392063638165 24.623210979866 24.6065765974477 24.5897091512555 24.5709920088909 24.5468013572439 24.5117055450255 24.4584438256019 24.3799272857248 24.2726394039484 24.1380453558001 23.9848717417284 23.8285259473611 23.6904600802497 23.6001732760153 23.656051789024 23.8518557673095 24.1807465600904 24.6561831540139 25.5 25.5 25.5 25.5 25.5 25.5 25.5 24.7949788425257 24.40165901569 24.067463971908 23.801987834717 23.6304555580704
-9999 -9999 -9999 21.2618980074319 21.293295395749 21.3399213097455 21.4109742209676 21.5098233564673 21.6369770594207 21.7990687696405 21.9966465475809 22.2233601089492 22.4722132684992 22.7347007876677 23.0014499471857 23.2631153207974 23.5113862306472 23.7395646903886 23.9429119277454 24.1187040378581 24.2660543128486 24.3855800251257 24.4790081434039 24.5487939218353 24.5978034203071 24.6290883044729 24.6457459989037 24.6508358367377 24.6472883319362 24.6377794840416 24.6245372819995 24.6090409982643 24.5915192851907 24.5704594999795 24.5426892839131 24.5036584911879 24.4479573266519 24.3707653350968 24.2699320901182 24.1474192874865 24.0122179000659 23.879333471518 23.7700324782422 23.7128060940468 23.7920806527223 24.0041520412715 24.3380244929276 24.7928629110155 25.5 25.5 25.5 25.5 25.5 25.5 25.5 24.9518652584852 24.5873529156211 24.2565890324964 23.9856780544619 23.8004920985414
-9999 -9999 -9999 -9999 21.3215398779081 21.3652763004898 21.4330296333251 21.52602563315 21.6445895236171 21.7975324489237 21.9834041846827 22.1968903748393 22.4321005625222 22.6817568052999 22.9375836934723 23.1911000864767 23.4345100930833 23.6612409904852 23.8663135014068 24.0464888613595 24.2002102364291 24.3273876508648 24.4290990961906 24.5072703578158 24.5643817558255 24.6032314135405 24.6267583450306 24.637907719943 24.6394966421846 24.6340512410281 24.6235989768951 24.6093981938042 24.5916086861136 24.5689603640108 24.5388518569367 24.497664465795 24.4414136449642 24.3668829009609 24.2730960381637 24.1626839566785 24.05782895302 23.9669237238449 23.9101267802976 23.9123623678654 24.0314797764768 24.2475172474268 24.5531329171229 24.9452799129398 25.5 25.5 25.5 25.5 25.5 25.5 25.5 25.0545314449699 24.725866234299 24.4232323243276 24.1773506178925 24.0155867152439
