All-in-one-application-example/output_without_currents/BIMAC_interpolation_sd.asc
NCOLS 128 
NROWS 124 
XLLCORNER -63.5 
YLLCORNER -0.5 
CELLSIZE 0.5 
NODATA_value -9999 
[rows 0 to 21 of 124, columns 49 to 97 of 128]
4.94156889960072 4.67967558210288 4.18234106472562 4.1877702656326 4.43984807663919 4.33512590800514 4.62441262245074 4.27081305857387 4.95087853611788 4.05341955518841 3.59887357794158 3.79335934098874 4.44594379786808 5.16878604018407 5.29375114573162 4.65118754409112 5.07350947078806 5.67928489757061 6.64349311313566 6.61347485362113 5.83616996280604 5.1237224273853 5.28107192433641 5.70235298198313 6.08015569794356 5.75097381454973 5.29610125844163 5.35605249149898 5.3031181065498 5.60841120516255 6.33157000137571 6.64269343358047 5.10609242885995 4.98042817107334 5.34685589923632 6.09467575110181 6.11986536839643 6.38162981248735 6.07491645335346 5.40376887278143 4.96007225576927 5.01707082960629 5.14678610123226 5.55506210725822 5.49821324122771 5.54611372075504 5.42309848313032 5.2155624577731 5.14908409540116
4.93384552411399 5.0284884152587 4.47832921940872 3.75409882433414 4.24301832380385 4.71714940265223 4.39960287607046 4.93155721543301 4.28522706641134 3.29298142418209 1.9960887352122 2.60542809384611 4.21515779807582 5.38140472038212 4.92709736336122 5.02456806568255 5.41006975193196 6.24909242704179 6.52864676559654 5.555693000779 5.48397635975983 4.8640008335842 5.41440606246572 5.55658218457508 6.05494905774733 5.82830234770517 5.35213724753233 5.15186161170744 5.07967423777018 5.12411694893703 6.12112493789801 6.01278341005169 5.07797080525976 4.44665441490952 5.28259908028875 6.2030747409437 6.2096645832316 6.44387581788302 5.9908362083568 5.87529206144892 5.7509355447153 5.7613699184957 5.67175152564091 5.51199754116156 4.97050805012176 4.74189004481014 4.80860837133999 5.22156517184585 5.05735098550843
4.83902595315974 4.97152791801329 4.56539440729058 4.03248190446785 4.08052860515243 4.579264640613 5.26957357218853 4.89892388336173 4.34691642843194 2.88020521063322 2.15031475634313 3.01357210134499 4.50198825681957 5.58637405917331 5.33244325554539 4.96357414528609 5.67362587480925 5.99921494267179 6.00946905056376 4.90072486727216 4.64621347481986 5.07776214550809 5.42625218805555 5.4085927249283 5.86312226019394 5.5694717730183 5.16928076159791 4.91119648275122 4.47254190913513 4.92552506196405 5.39425511229485 5.91261302220787 4.36042309056939 3.81683755914471 4.01764334184219 5.52143354188924 6.12291655921401 5.84736051274801 5.64872737430648 6.1105601421167 6.18315096154798 6.16589356256192 5.7910287141336 5.50829612662397 4.69931298567913 4.36690371289296 4.85493156389959 5.2805914113905 5.25925757397975
4.39649483857241 4.54365338524802 4.38077197054915 4.34540433561517 4.44046587085845 5.02787253390877 5.08064819702952 5.09236837788032 4.02920502737449 4.18678052136579 4.136136609 4.59195250627372 5.08298499423467 5.31396807176489 5.61719443424991 5.43588104669717 5.50160921324988 5.61295315384743 5.50334667800959 4.42909933896205 4.50782444956925 4.66207584822377 5.76365313936584 5.48101178890017 5.28582769383181 5.18482216013559 4.81224496418787 4.65338135872402 4.35236754384661 4.36481075445442 5.12963550507258 5.07939413734463 4.73588752189801 3.3205618450474 3.84312482081357 5.34928578173448 5.22055891983439 4.50388327797352 4.46802281222835 5.38753530128598 6.29427883278253 5.94728274070549 5.75964063983015 5.37152564265017 5.09835122157602 5.25476248668704 4.83910100529958 5.09478110448575 4.97361570583713
4.35288138738402 4.13483677017938 4.17539759386491 4.21768651050693 4.68318439145242 5.22335383146294 4.96255900900477 4.34213548136114 4.74446990218347 5.66968377950296 5.72898260456653 5.60374909850827 5.34889538557642 5.44006416822837 5.47944395360663 5.58376404228081 5.52389844146245 5.21537226548579 5.21833051688361 4.81750138536752 4.95466875987537 5.58805214872322 6.06824084028198 5.78674235013287 5.48916053445426 5.19010162372957 5.21826562247741 5.17568105228862 4.79641139043879 4.73301125956734 4.75597107818996 4.97139288961982 3.88499261984291 3.96610466586879 4.0912959898966 5.03781997440034 4.58260173111324 3.49710294996224 3.35369697777127 5.14848485190085 5.76932915974741 5.65856660467247 5.2558388830827 5.2906647819215 5.52599377101154 5.60521449409584 5.20922238020773 5.07692199496414 5.15653335115726
4.46762927351533 3.68066625846695 3.74734640085006 3.82588588049931 4.62095632375316 5.29393167736956 4.40926472723688 4.35858134078081 4.68647293898222 5.55223046253408 5.09139914686177 5.02013721890377 5.41199472713465 5.5597867160867 5.71264684829337 5.44390345728471 5.37723061001307 5.29209693846298 4.99197977315839 5.00704353087417 5.32147128252728 5.81962568350413 5.52029921779263 5.13902517763454 5.18255452062824 5.62901998750543 5.5057734943345 5.4451648520343 5.01146974472365 4.4840543682758 4.42895096346232 4.00990029130138 4.46586917697211 4.54808880969914 5.32529677350914 5.58992977477938 5.0446044354944 3.84437861407838 4.1634949649919 5.12448652795374 5.57059184982925 5.407139067485 5.48910357285774 5.3316196162535 5.53575788042809 5.22364344489935 4.95498411333784 5.49903006862116 5.97807131037761
4.00763868702432 3.56957009276506 3.26849559716839 4.14573767248739 4.85442766909753 4.77705823043534 4.67740559338714 4.54461031192898 4.75312705350725 4.98305449810164 5.04100504060789 4.85356060349854 5.54150317867821 6.03079370776559 6.07550335607245 5.59526873742543 5.14052527238149 5.05804230823771 5.22084478085786 5.35265961628874 5.51108320072198 5.84593228822054 5.10482729713292 3.97861469711765 4.30741793928978 4.91896988059396 5.46154305326595 5.31364970548386 4.88865689443432 4.48782207715929 4.27935150301971 4.56494409848339 4.52215476120066 5.05589860461347 5.24084097646348 5.86211113704034 5.28224024249294 5.28626104186306 5.1828151466342 5.44552653933437 5.53398328767359 5.38812631952824 5.40265453271926 5.3917904943523 5.09213178901561 5.08201676231793 4.99121558892383 5.84004424121645 6.66229054548214
3.58240548417503 3.06493604323041 3.70580319696438 4.30835713131118 4.55358596265088 5.0829871882071 4.8500460073342 4.71324789547846 4.58899774653945 4.58447137857579 4.60931268060497 5.03559204707864 5.39291330285721 6.00370409449621 6.25541127483542 5.96156410305568 5.34373460781586 5.3996106020481 5.57663060264861 5.70400888397433 5.68048921094986 6.10996561784703 5.63627254696171 4.00023885740664 2.54730806249642 3.63045644566884 4.76365944828225 5.22110480268439 4.98469802976834 4.7001087022021 4.9147178998068 4.88299254931637 5.0532527400618 4.96650547548207 5.73222278016975 5.94344644200998 5.87221994274665 5.42242853225573 5.54977824961666 5.83677951578569 5.55866653221906 5.94622366643772 5.58616421992663 5.37970370716792 4.96961123372293 5.39155645110283 5.75931244375795 5.98440267032569 6.09876474006316
3.6733144776479 3.75991160747847 4.34551379907117 4.81635437339386 4.83321349016666 4.8446731276869 5.1670669516667 5.01513479029766 4.97106042293035 5.11115517433361 5.24406624182205 5.30974175340771 5.60557597731522 5.79939979113865 5.97997835471396 6.0059270052798 6.17088966767196 6.023020137262 5.8511983159427 6.11588767759644 5.6521017595721 5.46975732698459 4.52516358968084 3.56650128619219 2.62828561044964 3.21150340989602 5.07838796865336 5.55621558280996 5.58353796219227 5.4321689234183 5.41172207161277 5.27772787986604 5.00953993697139 5.25483102010705 5.54578185790589 5.88444223155618 5.52283729722785 5.37035801602727 5.34408145056953 5.77419720433034 5.38961368691569 5.47997386751458 5.64218333474909 4.93996144254926 4.47410678057585 5.04564224831343 5.93325051067454 5.51821100244465 5.14023021946705
4.26609984799491 4.24518253278468 4.9306944899063 5.25374006543507 4.73653253707171 4.58101162607012 5.06999641834075 5.14175382511754 4.93616159433541 5.26078275726303 5.30380210669488 5.51259799606168 5.88816829488061 6.05577017372812 5.63926673173206 5.91128834031635 6.15088300016845 5.87899940442242 5.78038085436336 5.36764630553346 5.26920011800538 4.15677384921292 4.05769647248692 3.88300549221911 4.29615337797081 4.81477233043976 5.39873634592738 5.98829191885362 5.820699649491 5.63368069922618 5.50190489933934 5.40529086782579 5.33937273344742 5.54941465320836 5.80536941079943 5.670363537235 5.53518656428035 5.19598241012667 5.39720690787996 5.62909331448694 4.90219626231629 4.24640641824042 4.72870894518167 4.88298590525498 4.46276168080636 5.05633229091489 5.67248728352014 5.20716038238149 5.23951587880513
4.48370297333499 4.54485652446919 5.1891119739393 5.20828195037258 4.91318114225275 4.64048453777838 5.12753724298485 5.27992482008111 5.20513839546533 5.20876172481084 5.61874765689756 5.70711882494747 5.86951095138903 5.62706250286387 5.4899963956252 5.52865059216982 5.77852362147068 5.80250580180596 5.60188441341081 5.48161640435951 3.82981151928736 3.97501032873866 3.74742305867881 5.05196584838742 5.47878679188313 5.88039622512831 5.93023856149918 5.89048722549361 5.65099009552733 5.32237779307904 5.29875324210146 5.50887725095025 5.09564362988981 5.03249549750357 5.12195197734155 4.99232881796928 4.57788095722976 4.62655241549884 5.32045018331013 5.47047431421494 4.45538416048087 3.91303716572427 3.35879870990122 4.36535907468452 5.12970211971085 5.25164311773601 5.49105868917023 5.32592841008157 5.66312388892937
5.05558414752751 4.99023933186604 5.16258356311669 5.09829844560191 5.17678499724942 5.28912139276891 5.58299492416582 5.30222671626806 5.07525903899161 4.61688513495489 4.02519265855673 4.04217994060531 4.46749119727933 4.82473552814548 5.081536842762 5.55584875063826 5.74374306024949 5.66381100546103 5.76250911077117 5.235424734283 4.3350576639203 3.13991049646632 3.74405185209583 4.67813249355543 5.1928259955451 5.69033194185197 5.80046685823771 5.98911244956726 5.80459270432237 4.69244376780681 4.70584325674607 4.49917375750986 4.41919797558095 3.52221651453274 4.62553503699454 4.76631477505398 4.70280925713828 4.91227651302945 5.27534709255093 5.29400410039903 5.15891026285054 4.24009903338512 4.00587578431408 3.7888702954934 5.59887289850664 6.03702925439141 5.7941772519162 5.42030773346113 5.82126742853394
5.59960116034974 5.56926285518722 5.47217491070988 5.36089389654459 5.70395805056605 5.92205441011829 5.77886281668609 5.64421741723122 5.50988185939271 4.63951655279975 3.25428604495516 2.58161966137952 3.19739364427996 4.31516439393649 5.09218417942459 5.25749115972716 5.61004126149246 5.34113254603635 4.82145592448073 5.24199536846703 4.03527297401907 3.57283385642978 2.27019909872362 2.75822533739461 3.54351561905807 4.84453284840032 5.88137832013301 6.42344753980533 5.42096286416847 4.19885436829904 2.62633410403512 2.555309100312 2.73270957218363 3.09781459605397 3.65963093704787 4.43349229846015 5.46748117769258 4.95596897852164 5.11585594440896 5.10009870780979 5.43301234306525 5.36485556859434 4.85735618246814 5.11611794881326 5.86159299424644 6.29399834383428 5.88165312892448 5.48075806240856 5.38525382570655
5.61482909774131 5.31957074453698 5.37277439023217 5.90535860291157 6.14030007452703 6.16624185888341 6.06055414769454 5.60455961083521 5.32343529100107 4.92597193308496 3.61791214821633 2.74616717242788 3.32746582334841 4.0967735442157 4.60304554869154 5.51329207547097 5.20801099404458 5.02289066712667 4.53794847809569 3.98182105329939 4.08314302399441 4.33562189890125 3.39828491281227 2.32304645555619 2.51961624537605 4.19261864156756 5.75580600282862 6.21467853597396 5.26120388042415 3.2262353834353 2.05015869452519 1.81520517553444 2.47804735636788 2.5305325235778 3.62538031916964 4.57358792616436 6.00317360913663 5.59292230944136 5.29597673932602 5.18442366245521 5.62195699166438 5.82367280795019 5.91992097872774 5.95328559482535 6.42446306083159 6.24346726488943 5.89032918372373 5.21032489649893 5.39731042819153
5.10796759720856 4.93425243911041 5.0947234300017 5.66103763246152 6.23311079418994 6.54514734692689 6.25779792300439 5.90140492185218 5.61504616595305 5.3809422572549 5.03157058733519 5.21457502694058 3.99903894446819 3.58369673617013 4.14753625757223 5.04823884677688 5.08419737585945 4.91759283671459 4.31641742785293 4.27771447131174 4.2964424977554 5.37165736731074 4.73512689735407 3.70018758117332 2.33514086442917 3.96924658568511 4.8371084085751 5.23852541364086 4.535284158414 3.09320558878771 3.00377688279903 2.69623680337571 2.37232349688963 2.01193681298317 3.45659088031001 5.31695101141682 6.21179166358237 5.66314234185737 5.16655361391134 4.90621332112044 5.41787639802806 5.71246561953874 6.12441088483912 6.0478803326372 6.39112768101898 6.48209492396308 6.16446478435857 5.54057011918358 5.56519853486453
5.27948663770911 4.39278451138717 4.49181532840874 4.93118550005268 6.05420840214132 6.44615729536025 6.35634517874719 6.34676148010037 5.6777396295154 5.49391117730265 5.50397554279286 5.06177581367134 3.35633168087211 2.71572528436215 3.71797307750982 5.24243444255107 5.58913251551896 5.41564128155705 5.31546832641864 4.96704534713052 4.5831146936967 4.84695946057833 4.8257877191622 3.98933270842762 3.82745952325774 3.30609982610397 4.70689295123725 5.12519965971058 4.03573698492219 4.02545340124979 3.9504338389409 3.97963269535432 3.1266621514179 2.94324360522006 4.56273018792594 5.90354665994858 6.36140295223326 5.79366595800773 5.35617527401453 4.8324948831174 5.06991846294238 5.3531331569386 5.63829091370282 5.7608840485238 6.24971141864888 6.12832963960722 5.74432236766293 5.07647393181842 5.09241373222322
3.95372508171415 3.81400409968196 3.77236654350613 4.34764726025488 5.33369198215303 5.69378957743873 6.33942067089322 6.33499001367715 5.93365245828094 5.7137419325605 4.86422477246525 3.65118543458368 2.20744281552318 2.28818551227978 3.75844600896853 4.65639745250474 5.37872862084592 5.54500420157193 5.24944534599147 5.36569425573464 4.83061980774357 4.28295480830755 4.37762147026808 5.05509539557124 3.7632244456767 4.44209177485296 4.88593158889544 5.05478709511129 5.23415539977667 4.33065203941482 4.12624484209524 4.4206002103594 4.78354120733088 5.04130367415612 5.66134007088946 6.13098897046617 5.83757764613005 5.42548744490555 5.21407641357242 4.94991447203703 5.02330645312351 5.04178113502452 5.44088187899571 6.38505701884997 6.52952025607382 5.62868439262619 5.17016005639711 4.75833499559813 4.52645794637585
2.04404322739377 1.73117401920333 3.34987059700115 3.47523065352992 3.45461825652283 3.74773741504607 4.44725806948111 5.02781687652649 4.76447184053145 5.54956769530526 4.61236704084097 3.36344113452711 2.80031063841578 3.67840402749672 4.09916365586523 4.96450539226744 5.03014839926097 4.53080040721861 3.94742104150058 3.63064259588561 3.37049281285613 3.69483837900931 3.73190732769029 3.86433829363469 4.24466981490988 4.34465442714419 5.18626338490108 5.78065669372036 6.02683724891532 5.07943274115243 4.57392093898225 4.86620652089574 5.81986590745427 6.15431140412379 5.28240309817506 5.21345508938665 5.43682002674672 5.81307762365833 5.71795639727749 5.57651916077728 5.3003610712672 4.36131486592835 5.01142809920843 6.0186418812502 6.56612680168703 5.414434402496 4.74036934909664 4.62650082654241 5.16732430537763
0.0982262526002396 0.574013312960123 1.68625240546932 2.20569732109527 1.68561745799972 1.30902598005729 2.32374182913892 3.83007561551186 4.9337593578068 4.47475292069777 3.79859589303247 3.12772498462009 3.41498372815352 4.30812830332906 4.82481091775715 4.55775104278001 3.8523293513402 3.30916346418061 2.13382883557625 2.10737597685955 2.10658491894814 2.63310205925889 3.02616070433705 2.11002047485925 2.2955913757789 3.97418421230436 5.0098627603286 5.94262452870328 6.07416292943838 5.79029178301061 5.44810185376715 5.66413754215232 5.92689634969792 5.83463536367988 5.21216342221577 4.57859980281146 4.81739543545394 5.66508127372285 5.46224889018327 5.69644680747802 5.23041704657876 4.48624177327549 4.39536193243971 5.7036331265555 6.48369767849165 5.60075529409013 5.24280789352559 5.26575238952808 5.66764382958705
0.103551710253653 0.493783834496078 1.48311252126939 1.48359162008562 1.09047136507676 0.637780348976506 1.63983083255164 4.29920657533383 5.13461716412037 5.17130556501497 3.8255232520197 3.25303410288824 2.97555813146315 4.14071109158444 4.46325177768305 4.36521385646192 3.517762517356 3.77995884464791 3.21860589856501 1.87517989618834 1.23898959854606 2.25265460292342 1.68677098878679 1.12275183121526 0.607568423432554 2.55407213498418 5.08310498803964 6.04740039088436 5.84183762525053 6.05632565384643 6.34613062064489 6.35841268355895 6.19761189031471 5.88751055363876 4.98887739956329 5.02168032902622 4.15226860441975 4.66130699355549 5.14378107111952 5.75220585264295 5.39707279250146 4.46530336450341 4.73061912767429 5.32429896471183 6.07625405523011 5.7088274545684 5.31024572347718 4.95290067845421 5.46217620341986
0.64839252371911 1.04757601912224 1.87653583834061 2.40821960636165 2.16730201006474 1.72037094934921 3.35501409030775 4.78866756374976 6.18650586044576 5.66133689017597 4.89079862177605 3.72064977198984 2.87685388945598 2.98629295659977 3.55977423487731 2.97356607966908 2.93985910278956 3.86160456804217 3.84394040816224 3.0106411080999 2.24149358235599 1.6677506590265 2.74062293356561 1.17525759334021 1.21102127154105 2.6618304296414 4.46447419891516 5.11436896966674 5.1142620660182 5.5348069019569 6.14275500234506 6.21212910983627 6.59529416082315 6.16480066590915 5.62723007454299 5.36753152923111 4.56631152747048 4.23097269932536 4.80195033930316 5.80846314337894 5.44068962690028 5.82228808763744 5.69721868780074 5.64758408457836 6.28211218514257 5.98212737234491 5.77076705735083 5.1331144732933 5.48813285558558
2.53536416950226 2.2216531453711 2.65579342348336 3.70723725143769 3.34806943819633 3.59630200954859 2.82201548661107 4.61148778136569 4.89648329071509 4.9993676224526 4.22449356106137 4.01991375909139 3.83046800679076 3.19499654532283 2.17515547751894 2.70418384897839 2.93296762685926 3.69030112199126 3.79373526203973 3.02556102758044 2.21180770660548 2.08390317107724 2.15992693012352 1.6950244254367 1.20234378782686 2.95461969873743 3.41453243224853 3.85695272254185 3.99690096373184 4.39434664825975 4.21530440861119 5.27291741830541 5.95749397080423 4.79862104342526 4.54855714077178 4.48083291827622 4.61814128351683 5.13777189748962 5.52705824609937 5.77084482070971 5.89585271669333 6.11386835165659 5.82907171465113 5.38324200668596 5.74595700779919 6.33641390575065 5.93434712887574 5.43600328583107 5.6796346823495
