All-in-one-application-example/output_without_currents/BIMAC_interpolation.asc
NCOLS 128 
NROWS 124 
XLLCORNER -63.5 
YLLCORNER -0.5 
CELLSIZE 0.5 
NODATA_value -9999 
[rows 22 to 43 of 124, columns 49 to 97 of 128]
11.3336991916682 10.9922955898701 10.5035207773705 10.5769438157773 11.1843632964071 11.6207199008051 11.7917536907567 11.3181365120781 11.8109689206812 11.8560225617536 13.3181313190731 13.6724717323415 13.4179828478242 14.0736089133894 14.4588408841468 13.301203269081 13.523923028231 14.4933560346512 13.9811134144345 13.2847501165148 13.0433783719036 14.1091045425531 14.4881281113293 14.0512057193629 13.1076479284668 13.0939163386624 13.5695005894077 13.8526815489664 13.4256636608524 13.0058986632814 12.2638293283621 12.6599220579866 12.6857087239933 12.9443363782808 12.3348728463265 13.3963145686249 15.3817649687467 15.6264222007595 14.3368155982177 13.7483893282752 13.6957018982024 14.4541597252902 13.6092206995229 12.5182305905621 11.4879135535191 12.0608221211486 12.7512937911535 13.3719012604987 13.1033572832501
12.8207535691441 12.6465596514545 12.1768958672036 12.1229232698133 13.1131958537097 13.1538557623215 12.3397431909069 12.3595583829852 12.5687940439929 13.2465807638475 13.5792947659052 13.7388348474612 13.6272238201395 14.5846372159045 14.3876820458701 14.207319275145 13.4557777917705 14.1741353649805 14.5418611273771 13.709871827343 13.2282820478323 13.1061133247888 13.9996036344439 13.889973964857 13.7639667742971 13.3516873400863 13.0659747535033 13.3869419413611 13.3093029954862 12.9182484975782 12.544150846006 12.3915325289558 13.0794818371335 12.6397807867272 12.9597322975806 14.0289855173924 15.2206822384088 15.7817607797426 14.7501002135517 13.9097093473706 13.9843312089829 14.4753528289308 13.5003625668014 12.2218354876818 10.9274006939465 11.5760076023783 11.6820077157707 11.7830071017698 12.3949166335099
12.9503479696401 13.253905407438 13.4322660892386 13.5609880709842 14.0724023023826 14.148050061222 13.7100400426111 13.2840334184283 13.8784479566467 13.4747239074453 14.2759721173726 13.6667290754452 14.663966483866 14.9980023097819 15.2744961966977 15.253153478133 15.0313352603438 14.7583381909682 14.8414700033153 14.9857556621326 13.6674070424457 13.2250388873779 13.6004431217985 14.8416645440025 14.7981998105088 13.7017904349103 12.5877213917735 12.2169576751767 12.9986173927382 13.4821073058743 12.632036206644 12.7727180281045 12.4908157053586 12.9867013045283 13.4969953173674 14.097127570169 14.858850920057 15.1306585208375 14.8596906747373 14.2213311200835 14.1372373430974 14.7830333646213 13.3125150323393 11.4057551093911 10.977333310398 11.5921416632634 11.5081506809068 11.4448867493138 11.4311294128079
12.9002519977592 14.3885471658155 15.0409635514557 14.8028194875757 14.448898165036 14.3795801428123 13.8906213949332 13.3078339283781 13.53730704931 13.4594035971478 13.0056716886823 13.6618834027106 14.5471783662588 15.5840871839838 15.2742184083429 15.5577783245445 15.3608273365504 14.9043187325304 15.5079548738476 15.7747446080787 14.3236199839983 12.8081685502196 13.7336596300046 14.4552284368289 13.9713287616557 13.5730716133258 12.3705539067326 12.4882706564131 13.1881597666302 13.8908591849724 13.7854089209065 12.5864825987774 12.7214110375711 13.1417093883881 13.5222338456732 13.4987471087179 13.4062422125829 14.2650821062582 14.270999337347 14.2631539979576 13.8350125427864 14.3878712960796 12.9034402518535 11.3743732184244 11.5568155101787 12.1707151851393 12.51291230808 11.8460893935211 11.9895431834036
13.5980594647151 14.669141874923 14.8950007066232 15.0913048793238 14.5036357921586 14.604228473655 13.8326384263695 12.6939745251833 12.8271227033475 12.4766990729684 12.3866383546508 13.0252976222491 15.3109496223543 15.2766462220331 14.9110713328205 14.8836211296833 15.3539314861937 15.4539592036495 15.5222759815179 15.5431300351069 14.1771755523107 12.8656080736537 14.057273588081 14.0250689981451 14.8327402456758 13.4270644667568 13.4162885831627 12.9691570083853 13.1658005778379 14.5154109729059 14.0528342064231 13.7829772901457 12.440991096847 12.8757382409307 13.0352527084902 12.7734088077952 13.1449345120116 13.9339966444077 13.8636185292522 13.176628640248 13.6750892405077 14.1563359741882 13.6390978548704 13.5843609097709 13.1016349646749 12.8874344550984 12.8782064437841 12.8106887367001 13.002499233802
15.3102492291088 15.1558301022643 14.5277866018426 14.6049888064533 14.6473122900584 13.9451918195429 13.2500246910475 12.8296164310186 12.3621944052627 11.7858227265493 11.5034520882817 13.339156247102 14.8193290210834 15.2380786810557 14.3767068389547 14.9551720066834 15.3645144580164 14.8257465809452 15.2500437801068 14.0375213300291 14.2249318309005 13.3382550043264 13.9017915162833 14.8182329777408 14.0942788141853 13.9857157090444 13.6472980188273 13.7067870934046 13.8701755802214 13.9406081675617 14.5248364257584 14.1516161663259 13.091817082994 12.8221834821056 13.4046678269241 13.3766085087892 13.1878214280407 13.3861199626928 12.0514112659113 12.8147894012249 12.8496376467815 13.9024971121823 14.7781283511711 14.8376104330323 14.5407447014997 13.2292265527268 12.3242326891681 12.1013252189502 13.1931115910987
15.0882532336719 14.9541717815567 14.1347358481933 14.4511251955089 13.9006589387651 13.3585629692335 13.6580706984855 13.3879720416396 12.5868862389345 11.5711480969654 11.7119772538033 12.549379977514 14.6472740769527 15.0633409893398 15.5846094968003 15.6358648750747 15.922397385535 15.1066590858881 14.0754975174278 13.6310935911965 13.0606217736014 13.4950378335674 15.1470970151952 14.7899243071185 14.6377001499283 13.4729367754173 14.1689611192643 14.8158336798031 13.9657861303854 14.2079494362928 14.746435385369 14.4732877756077 13.4978247032968 12.6278280729661 13.0146363806186 13.9488622903931 14.4269227528965 12.5221627004146 12.4694393341918 12.6007853861283 12.4188023299679 13.4139195679933 14.4355225442903 14.9409565752406 13.8022800138989 12.9931212559746 11.8927213850917 11.4622215840027 12.7214330947142
14.0838267667215 14.163882922531 14.4257652282572 14.1263572686412 12.8427799165173 12.8015683888695 13.3599482200131 13.795590032161 13.1274358057598 12.8260361289231 12.2858536159297 13.4443797357117 14.0911919021871 15.7378850015829 16.3798554797067 16.9095658195392 16.6201630559525 15.2539206911828 14.5316143366944 13.0421070920154 13.6988880697959 13.8983706048962 15.4041604662523 15.2183571902445 13.788693037699 13.9996769897426 14.8575271807235 15.0631702970891 15.4179482902058 15.0209225617837 14.6768946809591 14.0437504342116 13.3744264238552 12.1605267488094 12.8536124832466 14.8198576195536 14.623751241292 13.5478100546343 12.0002441110597 12.2773306720498 12.0437474002571 12.7054809787456 13.5703072385116 14.2950764285125 13.6693583027182 13.3370441591459 12.7743808855551 12.5395960475289 12.1840642373483
13.6380461514811 13.6623009479517 13.8344786522309 13.8336898248641 13.3786334176759 13.1605063300532 13.0898304756709 13.2438657073682 13.2091607383891 12.9769803863425 13.4124454307808 14.1769020002972 14.9407392858033 15.6726400943835 16.6068542964714 17.3052827435071 16.7565998197142 15.2960098210518 14.1907190993174 13.9326105819892 13.5322900470963 13.6858510746297 13.4840364823591 13.8733950419807 13.6306529511124 13.1427687890518 14.4218532109468 14.8115522378265 14.9487307024391 15.5262946224227 15.3183181705837 13.6415225224045 13.112388570843 12.3390459290095 13.4555344143802 14.2404750396721 15.0788690973915 13.2874393165538 12.3308605851914 11.6251519629955 11.6020381069315 12.1837581550768 12.5702121705005 13.4056725676743 13.2391538029554 13.2852208214215 12.6899968962143 12.9580480209043 12.2757597194841
13.3687263322472 13.2580771914449 13.4321743637336 14.3161233005993 14.5192784234809 14.182209374786 13.4797037301017 13.3644515281714 13.3839360753309 13.8627452633469 14.5101124633441 15.0860974426496 16.194253233355 16.4830559195914 16.6854690316989 16.9706016425175 16.4840247922293 15.4614860178477 15.372099028961 15.4520229232743 15.2410062529075 13.7003773285859 14.0006658728631 13.7450221842854 13.7744731810321 13.3051919040654 13.8912020680674 13.9304055345644 14.4120109278307 14.4451329320858 15.2344708512457 13.7194796033363 13.3123310725763 13.8343145843441 14.254735575137 14.0125443976797 14.1257573574931 13.4825122005969 12.6016067522578 12.1836468622838 11.9624469253411 12.1642470872791 12.7726989025992 13.4880058558724 13.3947589605255 13.0407609840064 12.6288206667986 12.9560088730046 12.7493405429656
12.8945084157375 12.4290875633581 14.1300965019688 14.8060731385202 15.0527014493487 13.7714630644331 13.8456188068889 13.9865539524081 14.1741043659852 13.828475341441 14.4526190605245 15.6905633529015 17.4058774417788 17.7918266819779 17.2678881564681 16.7341367921558 16.5672235299411 16.3030970286518 15.7571332155292 16.2768793302311 15.0989800950752 14.2262692414067 14.0773856330397 13.8524800029511 13.087243751588 13.1078926001353 13.2744859206156 13.5966408770398 13.5445725227841 14.1867113136767 14.0212611793536 14.0699588850088 14.5582530329054 14.9197993280279 14.5611820938457 13.2383991102295 13.3447302946648 13.8352800128414 13.5979005692802 13.1070228122128 12.5100163714948 12.2643168110693 12.8650128337824 13.8200094313881 13.3926216608294 13.1159445785832 12.1076839791747 13.0138695174692 13.3610302908108
13.3893739992253 12.8634927952559 14.1652490437131 14.9530136876297 13.8453133228856 12.9520841262611 13.3540443217623 14.8676565192682 14.891098432305 14.4385015631113 15.127932638664 16.6180005406699 18.5184254326252 18.4722198079564 17.4091770881656 17.030265869856 17.2269612716434 17.1815753502874 16.5761824969773 16.0081729970099 15.9232421304307 14.6466292247621 14.2648173041294 13.3880175008535 13.1671621103497 12.9302617690395 13.980900861641 13.8300641928303 14.1982751870327 13.9531936383617 13.7580246489687 13.8677684590856 14.8289793371665 14.6415984286478 14.4279079021751 13.5862954722206 13.6033518112303 13.4902080201214 13.9322763019401 13.2675581549416 12.7925711695305 12.4867942890291 12.8861826627929 13.7108757472924 13.7986096414687 13.2770004589261 12.772120667746 13.07708480862 13.0330897089183
13.7460901314122 13.6124645755154 14.4909201876978 13.9426138691857 13.6508918321057 12.9531696250675 13.3114552527221 13.7489391584113 14.1496112452603 13.9622270051667 15.4568893607173 17.5045048321485 18.5261113665907 18.4732470787209 17.6968803356903 17.3902056131009 17.4717958614727 16.7753124662978 16.2756881561449 16.3309615385917 15.8804231982261 15.2564390286288 14.1030011082496 12.9483156308977 12.8389311814942 13.3180069603817 13.9189130905287 14.7930524855429 14.4642170812807 14.46455342026 13.6943367702793 13.6920730411438 13.1797486208405 12.9990515462678 13.5629438586942 14.2809612289715 14.0322157596683 14.0860529173254 14.1108136131407 13.8191733774513 12.7235788438229 12.6460761386845 12.7185003471966 12.8810238403609 12.9204619684284 12.8705497381179 12.0693352297172 12.3586710715071 12.2288917060296
13.9040566573818 14.0627259829565 14.0547325418704 14.225747787565 13.6746195839993 13.7369685907665 13.6361611361971 14.3919376931957 13.8064838159288 15.5644209018795 17.1868597232637 18.9374476293754 18.8375244472859 18.5257702119165 18.0385635082106 17.5803657521724 17.0599749160657 17.2433836279156 16.6359280350467 16.0438327588404 15.8049147507458 14.7229168954472 14.3191772918915 13.6095663105314 12.9921836447379 13.619779580749 13.7115291895453 14.59187428459 14.6617068382322 14.9988467470405 14.6339849534965 13.8243743962843 13.18333505656 12.6422650564453 13.6605194082984 14.552119684431 14.741956991541 14.0628757789918 13.9793435247123 13.1632942973728 12.549860415788 12.3937002971237 12.9927830898017 12.8587431233456 12.6551916353121 12.2810202072152 11.9710523064854 11.9177087569549 11.5899425080512
14.1737073046567 14.2210605773596 13.7548027065595 14.1693747282153 14.424716993434 14.3606759621798 14.5722839083408 14.7526162109591 15.0371660408564 16.1766466637303 18.1957269681761 19.0713848893645 18.771706245962 18.5239830980406 17.4531777510208 17.0547454940927 17.0329193530315 17.3779851409256 17.4102742399087 16.0013171470994 15.0230375774318 14.8398798873395 14.9354813617836 14.0885155375464 14.3074917534907 13.7693375504852 14.0475300150576 13.8724029354018 14.3137630343544 14.5087770610624 14.3705952492796 14.3859528427219 13.5278167598275 13.0601743960698 13.9819592122048 14.8272947314676 14.8982561964887 15.134666886868 14.7051617046754 13.3828846717487 12.7346113240058 12.9894802227198 13.1077001909456 12.8722637005095 12.2730429967896 12.3673051280374 12.6828221129245 12.2197133208317 11.9476174662695
15.8312182637634 16.0668351290624 15.6979811808255 15.460189780734 15.767489206281 16.4888568613614 15.8608081803621 16.8509767848685 16.8623063002783 16.8311481422172 16.6417981114773 17.7618799639502 18.1791029819389 17.901584801712 17.6054366137919 16.1739519414232 16.0434016376416 16.7404456456734 16.7728414265628 15.6969715894268 15.2407085275809 14.9578804879579 15.4851562371322 15.1424311081234 14.8343248251525 14.6605616665823 13.8992345556511 14.1745972834493 13.6271730899105 14.6552971266195 14.7320430458243 14.6174011545051 13.9565486108056 13.3660935044429 13.9160940454688 14.0278626209658 14.9762544782901 15.1084590215231 14.7336190875861 13.2188974029184 13.1775863966605 13.2473466366651 13.3364138985671 12.5805946937078 12.7990549878397 13.1536223695702 13.2874211598054 13.170505907827 12.9256535113862
17.7432899016764 17.6527646804204 18.0959915908763 17.3430354115981 16.760110837811 16.8938061320735 17.2367119233071 17.1591150362269 17.2836416887712 16.2706711523105 15.9401819854808 15.8188383566185 17.6676100708329 17.6621614896638 16.7941922946288 16.3149926511657 15.8433052283419 16.0878949307726 16.1402128215051 15.7764721815857 15.9529908066404 15.8013601795736 17.2045026780202 16.4365867638142 15.9703716572434 15.232949206652 15.4549703632425 14.4801669740044 14.9059360776859 15.0900444352536 15.4055642577751 14.3173080857704 13.8983560368641 13.501144182001 13.1511443322381 13.9589012751678 14.9696588902535 15.6535587129282 15.1087949831633 14.0141496455908 13.7737972663885 13.6063950193656 13.322893144838 13.1945955206486 13.5143929911988 12.7961348864375 12.5849492436083 13.0483470223233 13.7604788665956
19.2242474707781 19.5862845214265 19.0049738351536 18.1504981462312 17.1471416221908 16.8093448838292 17.3260846056577 17.5716044168695 17.4501221352265 16.6950190679804 16.3771261390065 16.1600735829187 16.5488971988631 16.949690041466 16.4709163050949 15.6149109210966 15.8911931331202 15.8642440587007 15.7588862603259 15.3278296019018 15.3915541550033 15.5824539072927 16.9792414498439 16.5029400914278 15.8022901191207 15.378681971331 15.2514621586818 14.8077443573301 14.4134923643996 15.5592782966402 15.1313206029908 14.8746101361967 14.1260275837212 13.441859010177 13.7009064025019 13.7751105914338 14.5512443869457 14.7208007790245 15.3340221184204 14.7722237484684 14.3242663812001 13.6426399423596 13.6490922036739 14.4553383306783 15.0432914158596 13.6168649376798 13.466563349216 13.4781920253083 13.9293678150972
20.6778847753001 19.5958554100566 19.0513067916858 17.8382852118688 16.6378532446988 16.3256742889987 16.5364335945929 16.72808428945 16.5301375568717 16.643215131835 16.5979480923496 16.0194604547958 16.4319088603175 16.4114681808835 16.1458928979909 15.5086263833879 15.4204002233041 15.7950860053559 15.4697949240518 14.7136549938363 15.1420231031676 15.2082177982175 16.088305906285 15.3989216343956 15.135640993363 15.0205397089067 15.3271234041221 15.0724426523624 14.8591124380987 15.0320103818182 15.355520297501 15.0443778517178 14.5008452660279 14.344310599543 14.6089376594182 14.2646397625049 13.31084530853 13.7623346227023 14.7023794391658 14.8583268367607 14.6722642390199 13.2868496287195 13.4157548407998 14.3236986145161 14.6788486576754 14.487731572019 14.0232013691719 13.3748725994461 12.8048238315356
21.3366183484535 20.2578195657305 19.8254171120249 18.206499609168 16.7039499368503 16.6005952257415 16.8949878944428 16.3911183097703 16.4677207461085 16.3156484268177 16.4571984829077 16.0117427796051 16.5671419654634 16.8818105691154 15.9868389102474 15.3389498430408 14.7722807821812 15.527653714576 14.3724144935565 14.1905226478673 15.0437143452547 15.9353328548077 15.4879621027145 15.2941458573763 15.0276132057128 15.0570084070726 14.9785879824367 15.5211024592444 14.7193707153975 14.9307852783685 14.9039381690309 15.1310901015362 14.4920171819 14.8947826885581 15.7564598794117 14.075675066643 13.246855093886 13.2197983834327 13.9181287348264 13.9075127800041 13.6970743097319 13.263027433242 12.8429689972352 13.2916532868286 14.7180640200457 15.3369448723786 15.2692205498679 13.5556578814914 13.5585505756429
21.3182012184536 20.9661437170963 20.4525385778474 18.654759265549 16.1032220056945 15.238801808054 16.4600498071946 15.6758078597173 15.2118307316276 16.1743167235297 16.6916645180168 16.6907435804521 16.9189199782613 16.7526662404284 15.9661368884956 14.9538006929556 14.8269324363092 14.4621431902446 14.2959247815385 14.5005468542055 15.1960628564988 15.1549997927213 14.7049207305123 14.683650161966 14.621224929259 14.8175534433413 15.2227027082132 16.2130280188053 15.6066180835062 15.1501133203294 15.1343727047809 15.1755707234357 14.9826874188669 15.7659983288931 15.3269314854062 14.7917488086622 13.9820664935472 13.6935838217466 13.4301518339878 12.8411441634583 13.3211971779225 13.440571434098 13.4827583920655 13.8351114168884 14.0718790215753 14.393585651883 14.3968185111283 14.0113329726388 13.7334439685675
20.4758032299234 20.1151172097916 19.9534036659042 18.3523088837805 15.2776077622317 15.3144614051135 15.867946471126 15.4396380595549 14.8964276211663 15.8854436326877 17.4183010463385 16.7943770078168 16.7552674584247 15.8553012527986 15.6209471495259 15.9936276472284 14.4657726402704 14.4431697378022 14.6844172641995 15.7667481239661 15.3089198055825 14.7734598955734 14.475404995306 14.6238455240555 14.6021855168685 15.1952254477196 15.5035372179268 16.1059654438778 15.6020306415618 15.4286126021487 14.8141320353155 15.5194820321676 15.3788844797294 14.613603851273 14.5277936289657 14.3954254442482 14.7601634918062 14.2517761987537 13.5591085393508 14.1942132757323 14.570501916596 14.2687736437023 14.2212053764569 14.4326074584489 13.8671038422568 14.0925839283509 14.3505988277756 14.5506681992988 14.5978157944697
