All-in-one-application-example/output_without_currents/BIMAC_interpolation.asc
NCOLS 128 
NROWS 124 
XLLCORNER -63.5 
YLLCORNER -0.5 
CELLSIZE 0.5 
NODATA_value -9999 
[rows 88 to 109 of 124, columns 49 to 97 of 128]
20.5669139674203 19.4996133383066 19.9659110904085 21.0884297090626 21.901144579822 21.6079551344672 20.7627409421446 20.9559723415952 20.4773236306119 20.4185555887955 20.4222954996384 20.0512795102533 19.1548217511617 19.9611655806477 21.2588149676321 21.7784459163337 20.511033028699 19.8854474767593 19.9544314443095 19.7377600971698 20.2507372766185 20.8727116011658 21.078786364599 20.560730248844 19.9528308375662 19.9561667707588 19.4705863321039 19.3121687293073 19.3403288843063 19.5370969649708 18.9778384587091 19.1772261159222 20.4370433559971 20.3714179950511 19.1699476415096 17.9841520707069 17.9052867216487 19.3938679924091 19.7707472832014 19.4223885983226 18.6041925230301 18.7707792612638 18.6139364946335 18.1562171012403 17.0668450676454 16.6814687007502 -9999 -9999 -9999
20.4086725912795 20.4647813576386 20.8944681793433 21.7184697333041 21.5468917902545 21.3700288161997 20.6881608324893 20.8461482763094 21.0294416824502 20.9055745818384 20.8068169674642 20.2257637901049 19.2796887262272 19.8562459355166 21.5336690300482 20.4845685245362 19.7351706990303 20.1362171596462 20.4295702792147 20.7329165920355 20.0901525548159 20.5954577360243 20.6132229015242 20.4869245518923 19.694575615831 19.4401863308757 19.6667576875693 19.4107187946794 18.6894066283562 18.5394024804557 18.5910811379943 18.7404887987257 19.3810288793411 20.3696730801593 19.936269539194 18.3961904934245 18.2155980029435 19.2853026801308 19.8274043279332 20.038402312549 19.3621885279655 19.494562851885 19.4341147981194 18.539131152075 16.9677929987356 -9999 -9999 -9999 -9999
20.9839088027104 21.4285202776624 22.1815412786009 22.0614461610164 21.4673392605022 21.0816407037751 20.8131302199499 20.147431212161 20.2489790955718 20.5707583540016 21.0395072674965 20.6064377119539 20.2635010685653 20.705355247552 21.3195827740841 20.4449416872353 19.27582572 19.8881381817776 20.706266213719 20.7173738616295 20.1705725367975 19.0717124084839 19.7639284294541 19.8105223368129 19.1376671296173 18.6429940822901 19.2090574201587 19.177485467673 17.8811686813256 17.5013339930431 18.87013972767 19.0687966289919 19.2164293953912 20.2057216366666 20.277254243412 19.0342429371187 18.6387914918839 19.2413110222479 19.6435809941005 19.8307316258733 19.2313172618164 18.6867108878111 18.6228851541339 18.2552920197069 17.6158484393544 -9999 -9999 -9999 -9999
20.9556096545369 21.6837607955723 21.7899789710618 21.4887069954159 21.1090655907352 21.2436673814206 20.7337765305839 20.5362030484808 19.6152360787904 20.6722995595141 21.2510251568916 20.8774649826021 20.5993894679886 20.7323621319472 21.533576085681 20.4020093788878 19.708055435192 19.0317965138269 19.8559213070754 19.8594316531235 18.8202851674428 18.9817710340225 18.6445743208788 19.1512374005812 19.1386289796011 19.0687218872257 19.4086109325258 19.7076991059277 18.7792405988202 18.6482166164874 18.9356445380771 19.1405607889052 19.3218552916061 18.4954502239726 18.7008747311504 17.9130712930561 17.9985681653778 18.2601970702599 19.0847518160417 19.0765012750346 18.5498924917646 18.0984238751975 18.1854469703132 18.0682703174881 17.4079147997337 -9999 -9999 -9999 -9999
21.3683733595087 21.1594551030342 21.0234647131078 20.3086392637707 20.4178896660639 21.0252320822975 20.9645888078823 20.4323942908551 20.198360941908 20.5283416473744 20.7561629543743 20.8953791366795 20.2553424945551 20.6180143725111 21.2477926374756 21.3233997955916 20.0334739405416 19.9803677035688 19.3222409947274 18.8347150995784 19.1585150808069 19.3670913718521 19.2631675064142 19.1498282601102 19.595028703605 19.765846159183 19.8929874246241 20.0894668712208 20.1297017152138 19.469524768519 18.9980777135594 19.2016634537361 19.1608016795431 18.6539955953489 17.9961182353389 17.8646492745684 17.7147495541214 18.4715136823118 18.991870176202 18.870781391991 18.4306902297222 18.606666888379 18.6122532882074 18.1455216625827 -9999 -9999 -9999 -9999 -9999
21.1026229119733 21.2907695118564 20.4255932769275 19.794396469354 20.26965807096 21.2194214779881 20.9940676502685 20.5586350697199 20.9321465246316 21.4016648411821 21.5843496893256 21.328382069884 20.718327874965 20.7016162387719 20.8124426950925 20.9714050194797 21.4781404751469 21.003450102257 19.6608590953479 19.4593564928292 20.008008363194 20.7707166951289 20.0736092751147 19.860263732843 19.9157568759497 20.4242780077306 20.4477964984234 21.0059792606719 21.0152360751456 19.9712734232864 19.1661706181727 18.9497903622172 19.2719153079392 19.0156955859415 18.4994545428533 17.7756704862022 18.0093512114742 18.6991915221751 18.9747082499299 18.9399098287356 18.8074562412521 18.3814238831871 19.1277320236247 -9999 -9999 -9999 -9999 -9999 -9999
21.8618806452068 21.0692987754769 20.1610941576221 19.7195316240291 20.7795186384332 21.6160141701114 21.1366378268587 21.3186730114438 21.3237407647631 21.4461833159537 21.8653152143254 21.8959420037982 21.4673562377069 20.5890704857154 20.896017574664 21.3336337230412 21.442924738536 21.5737351059216 20.3349643568186 20.2352203499683 21.0851673272757 21.8411942389481 21.160522741292 20.3903710854672 20.2548417266685 20.4367412651844 20.4873306873933 20.8758619510063 20.8817099062734 19.9294236403548 18.9846893097837 19.2028098133497 19.6141267915836 19.3608027862989 18.5414856022427 18.3755464716478 18.3463134047242 18.9497453452923 19.2998212130166 19.1757672433301 18.7014385315505 18.8370720077606 19.0669687931318 19.6520733733662 -9999 -9999 -9999 -9999 -9999
21.0582290054686 20.9219929161324 19.9395995067307 20.046370092308 20.5100174343184 20.8561124235216 21.6922799937033 21.5426928972604 21.8065693431029 21.913512746778 21.8072812440475 22.5226181361955 21.5182205040279 21.1401715036613 20.6196513663484 21.1871469571645 21.2989475601853 21.2828060949579 20.452620214883 20.7710999174256 21.0706717518193 21.995746836887 21.7399477538969 21.085164561148 20.5687687599833 20.3458918099315 20.9181403875615 21.1115319206026 21.3559737547653 20.3437013699734 19.044238755956 18.7872140228751 19.1391434442639 19.2129601532789 19.1918013074618 18.7819826030115 19.2147064303512 19.197446388965 19.2727324212858 19.2847521262534 19.6064513463177 18.8843012755543 19.1886828256652 18.7613201808599 18.7742490642927 -9999 -9999 -9999 -9999
21.5231087192394 21.0932279339298 21.1370419266697 20.8877031631086 20.577092590741 20.7731241771537 21.2492298985184 21.3555242233262 21.0732416762622 20.8910175655876 21.4559111012504 21.5503108961257 21.5512925667187 21.2369898885741 20.677963864315 21.4007614035129 21.4124049839941 20.9825570704634 20.676501847187 20.4549336296284 20.8075607370486 21.3204951752565 21.9309027767118 21.5339858002282 21.1087640593759 20.8884762789639 20.6303985870606 20.7279566220326 20.792134592099 19.9498145367578 19.5008196563038 18.1293356479847 19.0061083715693 19.5345536437886 19.8628706560065 20.1831066389953 19.8632497283747 19.7023170612954 19.9130341537794 20.4306636059489 20.5140232663118 20.0593162421115 19.1991315086338 18.8454666862786 -9999 -9999 -9999 -9999 -9999
21.0071416309851 21.0649788049333 20.9004911721416 21.1970703355248 21.4192892451282 21.0995160118726 21.4106258274814 21.2150874919849 20.8730606496561 20.6340637177841 21.0335915481002 20.7792599619926 20.9736237001204 20.6941845245637 20.7498781407927 20.9993026033205 21.2918379985634 21.761810250791 20.9024141074987 20.9337833293943 21.0057220443365 21.6843470407731 21.8736962609803 21.8557337466519 21.5131929013539 21.1894303965651 21.5095332045458 20.8368661680723 20.6598659956343 20.4909364843013 19.8819835406467 19.204206934854 19.5485055613906 20.0021794883836 21.1691826135823 20.9572334318336 21.1925974376266 20.1464289189751 20.8488785186824 20.9410927160712 21.0883298582951 20.3586137844435 19.9116661461934 19.5351482083922 -9999 -9999 -9999 -9999 -9999
20.9959085076714 20.9378879744251 21.0737378281291 21.5692737417542 21.816118051781 21.5320281266129 21.3574456876321 20.8495891387663 20.3389486597707 20.6226766754096 20.150801204371 20.5224431209656 20.6437539821162 21.2338007226118 20.7092288886137 21.2500070388709 21.6800142534953 21.7758062784316 21.4812092151838 20.82129276798 21.3337299606664 22.1278375692151 22.3668073498265 21.5784603379699 21.1561766347689 21.1489713651126 21.2829951050156 21.0598984077619 20.8011305442439 20.4026651299096 20.6785782504855 20.1344626512397 20.0413513978686 19.7105335735504 19.9355685792158 20.9865222587341 21.0428998025158 21.1520392575091 20.6172051999733 20.5372996441503 19.8378037323345 20.0190334755284 19.5575065875705 19.5105253908776 19.6783784147355 -9999 -9999 -9999 -9999
20.9153333664397 20.7700239856263 21.3785091698565 22.3534199010292 22.005786029059 21.4151701490964 21.276800762635 20.8602787776973 21.1624235759149 20.4751761821927 21.0767344064575 21.0523372173078 21.8924148392363 21.598959529887 22.1096298149094 21.6978781003555 21.5423474898142 21.6539113314834 21.3909531401423 21.1479573934887 21.8702665095238 22.7361602682957 22.6270811385607 21.4875694334295 20.7545149151736 20.5801415528779 21.1633870634782 21.6415963970806 21.551060147784 21.0196025612252 21.3517152573414 21.1860401630392 20.4794448171362 19.6270105468199 19.944573493422 20.4105289838868 21.0231893174095 20.9169427428757 20.8774548589345 19.7749217437407 19.5572026580516 19.6523706033988 19.6524835436304 19.6810410440136 20.2013637543343 20.9553613916315 -9999 -9999 -9999
21.4354096931568 21.6305517762224 22.5123090867941 23.20895907087 22.8180425165172 21.4191851587288 21.1220465621381 20.8706538965241 20.8953569595607 21.278355947445 21.6104420288699 22.3382096354222 22.1593427717653 21.9851441563766 22.1659741459103 22.0268350997597 21.4716556978293 21.1177040452152 21.4859037884213 21.5819267612043 22.447873606282 22.5708088965871 22.5410557235085 22.2140137779729 21.6319986591749 21.3602915727528 21.3164742545512 21.710003259433 21.6472270887977 21.9138140238536 21.4229225259734 21.0647942953918 20.7422355699332 20.2471100547674 20.0266418958215 20.1838458829777 20.3909387588439 20.6038741078352 20.437300017251 20.3693076878361 19.9710021642592 20.4238897075698 20.6829365784838 20.8476950608464 20.7701002101429 -9999 -9999 -9999 -9999
22.001962944067 22.2755653034985 22.4224715128151 23.0445231682928 22.4596659447723 22.1392287769002 21.2705863105044 21.1697280337479 21.2198613168883 21.0421594878504 22.2643422325826 22.1630488730377 22.1352233262637 21.1512715469199 21.5420254258041 21.0876100008295 21.2470357159833 21.3459876182992 21.6401306661658 22.5020689701821 22.4567525932772 22.2921390968908 22.540312580982 22.6585077039526 22.8108764075899 22.0449462633479 22.1481613623222 22.0751374652424 22.5602416903259 22.6547118777875 22.1583318067897 21.3019431363429 21.648281712767 22.1363123260857 20.9825188612801 20.0336387759434 20.0683964283718 20.5294489287831 20.7655692130139 20.8320752458181 21.4028593661827 21.6566117173865 22.2027174757086 21.6800450980324 21.3629226570712 21.2113303864631 20.765955258013 19.9048396430951 19.7548537235021
22.2805929695074 22.5787640359121 23.0551784143719 22.6351295890186 22.9308902775131 22.4942126386137 22.4441395082758 21.4105746866523 20.6752919092242 20.927002194307 21.924925889431 22.1608519476677 21.600902478974 21.0495164187752 20.666025096389 21.2174355307512 21.5966276586786 21.1972300811306 22.4273233588981 22.532194338531 22.412767689643 21.4629666204969 22.0591455113733 22.2081787967422 22.2624029240747 22.5482602913438 22.1703004700052 22.3776442616652 22.4081539998022 22.8992112137798 22.1496442608865 21.7788647702572 22.1217596031956 22.1849771982756 21.3121796296528 19.7508349977402 20.3577330854503 21.4978050053728 21.6555303462602 21.3874272264171 21.8355271141033 22.4931595915099 22.3402803133659 21.7565965055084 21.3522706326869 21.1342886333486 21.1236511438612 20.4447557497726 20.1155382037503
21.7132624131228 22.9788687047006 22.6777538912401 22.9377662039784 22.3970840503386 22.6743574076201 22.4419742066339 21.7229612160455 20.7883263660887 21.012929931459 21.6361235207896 21.8494391230737 21.8417954691069 20.9298898169191 21.04385709409 21.1921155809132 21.2796538283678 21.4580399101759 21.62271716739 22.0376317110831 21.5530322474822 21.5527726773303 21.4288721315517 21.4249259460867 21.7606203615075 21.9437486041713 22.3597710456114 22.258932754766 22.3438603775916 22.4845373507201 22.4824273876795 22.0301235929808 22.1313392908519 22.2474937547187 21.292464691038 20.6238304386462 20.9733129653503 21.529274971225 21.8044441343392 21.5643899371466 21.9714433002877 22.377681555745 22.2882152396024 21.1006124939244 20.8140230031431 21.2303339759355 21.6646369542615 21.3411723216845 20.3231809089319
22.4610318361068 22.8369224002104 22.8842480349855 22.2626737410204 22.4605475898451 22.289103462456 22.169654970385 22.0686339211101 22.2366613796234 21.533102626342 21.1552087384604 21.3606533596325 21.4852238126802 21.210278505995 21.3047546399906 21.2132907072977 21.3772384156092 21.9405547919572 22.2059223704776 21.5507523614386 21.9023972806731 21.8659698827419 21.6616929477746 20.7184014214765 21.0435687138354 21.5421214193485 22.1245716003973 22.6613274961314 22.3446416448898 22.463213589571 21.8948850500541 21.811450633314 21.6571599522234 21.2304279937931 21.4711524568875 20.8824744171631 21.2733383155108 20.9856827094468 21.6229928846161 21.6490034550714 21.6449322855803 22.0179318671188 21.5541467196623 20.7051586120784 20.3360003795277 21.4325822391878 22.093647300542 21.6535314980933 21.138460652523
22.8014131304385 22.8247916541836 22.1926764004456 21.7323533222702 21.3783627719673 21.6398871018001 21.7551354280678 22.9439602674976 22.8716793790948 22.240488555049 21.0188265801335 21.4026260955305 21.4113220742108 21.7760022017838 21.5283878829397 21.8003214118913 21.9217995973965 22.2292726469228 22.1440690806298 22.0111960417178 21.917574837769 22.5656275427299 22.3636281272336 21.999506129934 20.7714275877164 21.3750090832851 22.2583309297957 22.8666146444343 22.597776388329 21.9511228347636 21.8315475636583 21.8440539140705 21.8010731281824 21.4494805122105 21.4332759572441 21.4756241544409 21.5082764917058 21.2718363417373 21.6898223388095 21.6116255569265 21.3898764056814 20.8103732684861 21.2451430143789 20.8678863411111 20.6423761453967 21.7625488489849 22.5020482198618 22.3128924823646 22.3342173255486
22.5995668551911 22.6034319660754 22.5169163527318 22.0864639812412 22.2344334024046 21.8135985332882 22.7125640302692 23.1921402172791 23.0188637477665 22.211409450828 21.7207857077395 21.5181114936984 21.4273663878125 21.7211017527171 22.2697904276858 22.5501391352663 22.7309262360354 22.6006784015241 22.3538648594797 22.4563627749993 22.0798492323583 21.7199498854085 22.3750694014384 22.052317308651 21.4972599562154 21.594272661437 23.0324394439894 23.4912886840179 22.3197490388968 22.0382755427758 22.4447283659134 22.3853862608703 22.1986711614361 21.4235817417044 21.6976384717469 21.5543105874491 22.2511865668985 21.4585589538102 21.6644926425233 20.9059730248832 20.9014922625224 20.7619916427372 21.2417836487399 21.680340086806 21.9559553981029 22.5448053011914 22.7275993417658 22.95644418285 22.9752155745008
22.2703826937629 22.0349604721217 22.1963832344031 22.2277473141238 21.5583210570442 22.2684690134761 22.1628669614451 22.9037476345549 22.6385542453165 22.5938896428244 21.8711543967055 21.5912950343131 21.2926609534554 21.9336170659608 22.5337457426001 23.0804661131139 22.8643984669233 22.8590270354617 22.3732706068196 22.1359649700022 21.8849992971839 21.9927060748727 21.8698703173161 22.6425913668345 22.2532689525297 22.8528764013595 23.4146588321447 23.4491805783708 22.4314379958986 22.2519961831249 22.896412491788 23.3932547862811 22.9666188451307 22.4952803243475 22.497590600744 22.5567601927449 22.7503914110102 22.0127271874314 20.9683823128377 20.8901464906256 21.1569461425416 21.3451564021905 21.3095359449643 21.6613107783783 22.6193166419524 23.1552596096771 22.7529468066057 23.0669786153325 23.1563701941156
22.6567601953287 22.0929084340333 22.1821223240921 21.8059555391968 21.8070088528405 21.1677742476801 21.467992133917 21.3935258673386 22.5822578596561 22.4015402358488 21.9148209643954 21.8526387021514 21.9444201265829 22.1505100430399 22.3292813350865 22.7960282490689 23.0084771743709 22.7934823188827 22.6007457077583 22.6233760003402 22.5903969397995 22.6916125902224 22.4151103526873 22.5084078633063 23.2388367669071 23.5795007189192 23.8276878856482 23.5516091202505 22.8330460155137 22.2388370685761 22.5862583974413 22.924267706256 22.9822211997524 22.5893204660769 22.6474179839293 23.0903564424157 23.0689610757012 21.6916124828693 21.0160189382098 20.6076256157307 21.6544741611277 21.2924813346624 21.4475653213764 21.9396305210215 22.9303778914193 23.1808284292204 22.7664055229835 23.1670097156955 23.2929608290351
23.1672483237625 22.7552662439359 21.927605383251 21.7398564027063 21.4242900551661 21.0883373904799 20.4877606054394 21.4196235708844 22.2952734869513 22.3567603626594 22.2492058636689 22.3750124586734 23.1472709293751 22.1584645577676 22.0275352991608 22.5655055923327 23.7925364070016 23.2343403319145 22.4860240913285 23.0882646822104 23.5459017925565 23.5570767988571 23.4666273455036 23.5795112705311 23.3729313886596 23.3438240524844 22.9789756998753 23.1183496204815 22.985102309951 22.5627293323884 22.3518152845804 22.5245843385385 22.3763114149536 22.1487822754102 23.0936012019231 23.3466612251641 22.827208170196 22.1727436153667 21.6143395376912 21.3933944201952 21.2242527391417 21.2714058424987 21.7408183999488 22.7637991731369 23.1953653104728 23.1113049868236 23.0738490296048 23.3565332049542 24.2742305939699
