All-in-one-application-example/output_without_currents/BIMAC_interpolation.asc
NCOLS 128 
NROWS 124 
XLLCORNER -63.5 
YLLCORNER -0.5 
CELLSIZE 0.5 
NODATA_value -9999 
[rows 0 to 21 of 124, columns 0 to 48 of 128]
7.014052596684970 7.07676627921842 6.75563905858757 6.1544288854451 6.36845596236361 6.67614215775118 6.6640470497387 6.48823926690782 6.55362081755413 6.31099161039749 6.28997885744286 5.93725638742734 5.99268066416179 6.73705229091897 6.59601058165788 6.52076792231631 5.80388042108559 5.88695766222754 6.01602548077637 5.2718172686677 4.84594417490167 5.71455279934369 6.80626569944082 6.08928701262314 5.39039740558941 4.4645426928529 5.65141701950707 6.37564771171106 7.84728617818378 7.26574445583207 -9999 -9999 -9999 -9999 -9999 -9999 -9999 -9999 -9999 -9999 -9999 -9999 7.58338401652812 7.43046991839156 7.24858686837161 6.11530796156479 6.59136640375495 6.85069035672448 7.24133888961877
6.83498587747947 6.73542656161224 6.73663414472273 6.5988841934857 6.48084407895603 6.49871999534339 6.76554554700339 6.49882700033475 6.76687689969819 6.93235423431009 6.24531139536494 6.00823380606573 5.71705239721528 6.58834007724382 6.99569400535701 7.00569444012434 6.44237578136167 6.6490563761553 5.68851036656391 5.42722904974808 4.91590273965801 6.71691995286042 6.86864603168033 5.89002409634351 5.37738775179551 5.36923275115773 5.46041307306617 6.86432179982463 7.52775105632997 6.96528592131822 6.23072571271033 5.95503081087252 5.5772293697352 5.82575804377261 5.84698455322526 -9999 -9999 -9999 -9999 -9999 -9999 7.4211562543683 7.64942056061469 7.7648374513219 6.91649455505557 6.32388746174802 6.36769855638084 6.84639181533336 6.97655128377065
6.60774179563878 6.59324394325278 6.28389179900784 6.22282203856749 6.66070595890721 6.65322419250709 6.8628481086092 6.75499552073466 7.17677965674385 7.0869937693012 6.33319901606505 5.8836698621209 5.71333670096652 5.92140444844379 6.28739358843288 7.25714548528538 7.0970522667479 6.11289326278655 5.6078365925449 4.86253153287298 6.02810845219994 6.84204384925909 6.62209648381324 5.72760498096575 5.83054012490208 5.08792581401164 5.72105863063115 5.67160348259023 6.38090519496064 6.60558874597134 6.23802554876945 6.21632467724445 6.02052182318023 6.19326245793825 5.73667435185743 5.8122443284721 -9999 -9999 6.89891471081448 -9999 -9999 7.54674118518796 8.25708005604631 7.84776054789185 7.33995219533878 6.91379516985623 6.77032004977075 6.15913711320977 6.86859334452982
7.36511206246486 6.74184150980493 6.07863481863283 6.72119642704097 6.65637355409625 6.91819316038885 6.76473600236769 6.92857180343402 6.87662864710708 6.33755445181257 5.63265328062548 5.713308161861 5.71830562467431 5.19653575037261 5.37770208455333 6.75731696868454 6.61569812267804 5.98004666425065 5.32279029494983 6.09651867496752 6.5030587803394 6.88182455874972 6.3275901456363 6.2445710326316 6.19197407475362 6.12844650224779 5.68010356210251 5.33386977083642 5.32332649751158 6.09613714624426 5.93103332151435 6.02702110479153 6.24580129931113 6.51744992347337 6.18473597454841 6.23664219973163 7.20680544509642 7.30651314040526 7.22067570036882 -9999 7.20122064515635 7.54119004706592 7.8241666780743 8.24891438076877 7.98879509887089 7.69766586503062 6.64349337212832 6.15247794808435 6.08554496445718
7.0913804444096 6.76313641233448 6.4131481321245 7.06672646616062 7.4330835426894 6.99251737863025 6.81168580025402 6.91810289417271 6.2233625520181 5.70436881273236 5.10629390059648 5.2790645443892 4.71903031635763 4.32751552625069 4.52854954661349 5.13595985980013 5.9106731395695 5.40188986034241 5.64281433377177 6.01992574663356 6.34232128521132 6.24280868551829 6.20571268165804 6.24569295828348 6.16612749372493 6.1648633551144 5.93279668824042 5.79996385999736 5.43475705522029 5.84830073368849 5.2969018669464 5.56699017602166 6.08785787888911 7.00583222710111 6.45213019691742 6.74723131430921 7.4284066202687 7.37785168897124 6.77554582853328 6.77750246594809 7.05043172179138 7.41062613041761 7.88573378352694 9.38882202342062 9.32722266208433 8.32576565976358 6.84161964507234 6.63771402967243 6.43078299135336
-9999 6.84085679186744 6.63553599972165 7.01316178613515 7.0141001250019 7.57018437944511 7.04156101006071 6.34040090561397 5.6994393939878 5.6595806643621 5.79350734880077 5.44033053759236 4.47448451485483 4.11582692518708 4.32012074115653 4.51324998122312 5.00360691193596 5.65674632171656 6.16429162888908 6.2103205190103 6.0630051561548 6.19731070159759 5.87893695891906 5.95875503470126 5.58453123429958 6.19660454877369 6.78760921860034 7.51593027200981 6.77692153975408 6.21085060064681 5.14561287621988 5.89547660931606 6.90292598930884 7.05001946014392 6.692780340139 7.16065698414938 7.48689601520764 7.37658215194683 7.10381978774388 7.00010256033685 6.75070106954084 7.10189051505656 8.36527630468442 9.23919275054082 9.41377278879812 9.30591610642898 7.5633289366175 6.99163031120634 7.07331368495486
-9999 -9999 6.19095220656 5.92624877821006 6.12613367953627 6.98912369856852 6.8103532039212 5.98657173552355 5.50436723428363 6.22243966360559 6.57934216641805 6.37490860419373 5.36006787404559 4.64186840812212 4.53969281756153 4.17341180570512 4.49312495764647 5.35093519339396 6.10418239702207 6.08012345306855 5.52318128718832 5.74186825128693 6.01854197281408 5.87126207630558 5.39314762436376 5.9053254794245 6.90004439672998 7.75408855729286 7.39974642193762 6.17748620954939 5.78082435112544 6.90441099852699 7.4924006086301 7.23158409493873 6.70487130017556 6.74861158292409 7.06073758523438 6.82285036801474 6.79526329179124 6.90844585193776 6.54708389718161 6.84342667299873 7.80672110446335 8.78423956586306 8.92638041436831 9.29429964265613 8.72704805943344 7.43283500907493 6.87176436742174
-9999 -9999 -9999 -9999 5.70992190125474 6.20779952679371 6.34943288638464 6.06789445001942 5.71008652218318 5.59190529960475 6.4043815912145 6.51732006359593 6.30751562701152 5.70397814582951 4.95692969501409 4.65790932392668 4.93713089224887 5.38830008333167 5.97670324951287 5.89452454911076 5.50110906676525 5.55992019232219 5.72653675066675 6.21891562516987 5.20892941784566 6.10986863759204 6.66760077342559 7.74904479504293 6.91770222334591 6.66813599131909 6.37549260929805 7.30994797360064 6.80483898369082 6.50940153617572 5.94760503773406 6.61779973461861 7.21973215375656 7.50048570451268 7.27472107766395 7.39649370279815 6.99482288275307 6.26326310571343 6.98847720977239 7.89468601237031 8.70378738080981 8.55831010794341 8.65556590147983 7.91594841260625 6.82911808854549
-9999 -9999 -9999 5.85656200145607 5.32213372559961 5.64253835305729 6.54818143319422 6.36813795448812 5.4277761246217 4.82505629458663 4.5858636738172 5.40709116394314 6.43363498671807 6.04040537385505 6.05104219216846 5.52421397297501 5.44241259737508 5.0615987977728 5.3218037931181 5.25225094687443 4.92801953055509 4.90946598796186 5.95085201266781 5.68470514427896 5.5019822644707 5.54934483093166 6.80175107619691 7.70591715903917 7.09678582572273 7.17058058739682 7.35497695303753 6.70178082440497 6.20980463663738 5.77370312766958 5.57672299716884 5.88560139976598 7.19607338679312 7.39339304455563 7.3373211452048 7.34877527280322 7.06555380021387 6.47157733166854 6.79759299751264 8.51334107241957 9.3377807431072 8.7660550915277 8.02456461033198 7.69046127722862 6.9307259447948
-9999 -9999 -9999 -9999 5.30516710210821 5.8602378168922 6.63423141195225 6.72398059608953 6.1945945032427 4.49133417423831 3.79388906026979 3.92599300143842 5.11072160884878 5.80872813361776 6.57846364729873 6.4556903614037 6.20567308933331 5.76512801813017 5.8165221652621 5.26707972749217 5.28096479998654 4.89318857286241 5.28179936884254 5.22643684374987 4.18356493303759 4.69082737596701 5.79770617618308 7.36629219275866 7.43410259271257 7.93707967544876 7.22444318099315 7.03149420767523 6.63995415924753 6.32704178512876 6.1766420200278 6.23926659830491 7.32829143735349 7.96955522923662 8.00780825909272 7.31018593212341 6.4724381594684 5.8857164285026 6.96881583967615 8.45282122220962 9.58165820303168 9.27935292615529 8.54459050127705 7.13557259128287 7.12789440301132
-9999 -9999 -9999 -9999 -9999 5.76899346224531 6.21082741551036 6.98224439647492 6.38802348952422 5.14377249656745 4.10024704043377 3.88655234726868 4.66819533523756 6.09232852373188 6.80159684307451 6.55841702617014 6.37604765719374 5.98600671882776 6.60408186577548 6.20733922164682 6.06092105153248 5.70790992484973 5.67316182675668 4.83569850260436 4.70064111819295 4.17568411519915 4.66124825670014 6.19235615795859 6.87630810730392 7.17769203455208 6.9016922139717 7.14389172422678 7.24110931591505 7.32594740432984 7.10057123692969 7.18636086138041 8.02875780167279 8.32849585168008 7.89208380915702 7.23175750569992 6.71598519467451 6.59379522149432 7.22838438191174 7.44462263772122 8.68594360487711 9.51416662291782 8.77508105264518 7.91068538192146 7.6351768370649
-9999 -9999 -9999 -9999 -9999 5.85295698083392 6.36052270555704 6.69232234020781 6.46011500644779 5.60102896682463 4.95872651289937 4.67821155945701 5.12970837371561 5.55594860016024 6.66078831696687 6.55302147881945 6.18471745804846 6.90879863244853 7.07391056540787 7.42533513708752 7.09453057294524 6.07975930652459 5.76572649345131 6.41767456541555 6.23718426885403 5.37842842152012 5.04778521976608 5.43943295928027 5.85863462948706 6.8137356044279 7.443125406445 7.48271410033856 8.07030952037991 7.61477648222929 7.60771768347146 7.33107690336779 8.88379913096471 8.49382217345961 8.38991141832058 7.81024879497025 8.02122765116003 7.86989774177394 6.87960032332149 6.44501237432528 7.61383011686957 8.94877174378343 9.04304467408607 8.59138927538331 8.9616512215115
-9999 -9999 -9999 -9999 -9999 -9999 -9999 -9999 6.21112210812755 5.61534054781295 4.86129940927768 5.36727452640294 5.39089173563968 6.26274006609631 6.78461055173017 7.2853419178133 7.03963145070298 7.14857044235055 7.3317888641174 7.46724774274575 7.23448959089765 6.15459151609395 6.05800148765541 6.90077141597889 8.07000399812426 7.34163670925793 6.56268225014519 6.56318399025024 6.76882188056989 6.96307337232357 6.7816420625828 7.45410728440569 7.68271174535484 8.14281783646819 8.20047137942943 8.41531900321393 8.37881942130122 8.40712230043373 8.13087002214729 7.64484698164929 8.39710811835219 8.2055752228352 7.55607032131354 6.20306728520212 7.19917266422702 7.98909506213095 8.84088254782545 8.69829488557619 9.46475081794691
-9999 -9999 -9999 -9999 -9999 -9999 -9999 -9999 -9999 -9999 -9999 4.87070981315859 5.51275841980554 5.92054037921769 6.61047821200992 7.33201877067212 7.52793958720632 7.25823726093485 6.98600603129014 7.08153201042249 6.45501025233656 6.53113774022722 5.64862399530581 7.25263505110801 8.46784169213885 8.79501308220768 7.70188539118729 7.82976070883032 8.08511386146234 7.07535453142715 6.19789280919452 6.66907731355988 8.05055703159966 8.03069670875741 8.88778475459255 8.62260659712061 8.82233202649983 8.0073189894353 7.45360733484055 6.27898040124944 6.72562980835801 7.27577637619383 7.40618784206554 6.65944622161585 6.88753513513358 7.64078906502383 8.16510651463044 8.10196013840543 9.00804598927473
-9999 -9999 -9999 -9999 -9999 -9999 -9999 -9999 -9999 -9999 -9999 5.41127064089027 6.10883641825571 6.93610665881283 7.36897080484926 6.98460766129941 6.82171351475929 6.8217775787668 6.58183849675396 6.78130601053958 6.45988805274788 5.90472554262967 6.18996929685227 6.3976904089369 8.07816402168276 7.95588077436954 7.3482215845494 7.7098364423169 7.80983098448422 6.87996610608104 5.81797013828845 6.60813452523093 7.14056110268503 7.96907591678107 7.9394840862291 8.4911378348423 8.82228419549469 8.26585248369212 6.94305950898363 5.99693383840671 5.89294601339904 6.35724916273172 6.97672013375688 6.94331812168091 7.30781471812419 7.91438602567316 7.98501414760603 8.0280749791329 9.04697909929729
-9999 -9999 -9999 -9999 -9999 -9999 -9999 4.0912818378617 3.41339482596901 -9999 -9999 -9999 -9999 7.71788699721229 7.47810497533447 6.54403129014934 6.17473431277061 6.33842303614812 6.9434599024508 6.555113056784 6.01315034792929 5.7766221556024 5.93085891402644 7.35573429879503 7.33624312880152 7.67106128521672 7.09358118601082 7.12380866770896 7.5196698931788 7.68865442038033 6.91457052588455 7.16912738994812 7.5999164497449 7.42817459779875 8.13256979114798 8.38567031611569 8.286406234012 7.85477642755107 7.99048800142368 7.11033276433852 6.5411782178812 6.43189372180467 6.87945264863009 7.37712494882296 7.60314592252573 7.81933896925616 8.04245443422188 8.74736219270275 9.4362659848828
-9999 -9999 -9999 -9999 -9999 -9999 -9999 -9999 -9999 -9999 -9999 -9999 -9999 -9999 -9999 -9999 6.74840515657978 6.71306887796955 6.82899052598469 6.78758595526328 6.04842519139729 5.79628010819536 6.61161809390382 6.5441372802294 6.95061808165786 6.21454734659813 6.00014220506896 7.32680764207516 8.40563152516999 8.10871231129147 7.85693843499113 7.47134369403684 7.07364136968179 7.56001589983433 7.98970871960874 8.74935706267165 8.10997113929275 8.1962024692575 8.28643024425135 8.53122214934052 7.44741307021884 7.16873570583359 7.32046871283241 7.99176708378644 8.59067110142928 7.98766458282273 7.52541030182637 8.98345552631105 10.1984016297576
-9999 -9999 -9999 -9999 -9999 -9999 -9999 -9999 -9999 -9999 -9999 -9999 -9999 -9999 -9999 6.75115657186331 6.87506119466779 6.65941903376753 6.76950776215117 6.30806348311337 6.14442377772618 6.13216895381188 6.63934156772787 7.70797662557178 7.28101583690115 6.71416066603993 6.39435860960419 7.38065003000604 8.08030509757945 8.09221799610573 7.04675051084799 7.62218322112636 7.57088110764745 7.75971994145635 7.96704057141338 8.97909091713718 8.7572321793224 8.82381406429127 8.63030888658051 8.64164535976703 8.09105696789067 7.59483772043437 8.07252378363477 9.21615004734901 9.84143659961103 8.69480017181544 7.66480596650131 8.45567089498206 9.77410169245369
-9999 -9999 -9999 -9999 -9999 -9999 -9999 -9999 -9999 -9999 -9999 -9999 -9999 -9999 -9999 -9999 6.35768239121697 6.94424872208613 6.53275356834389 6.3639868988114 6.01838688617858 6.34205175386831 6.85946484142709 7.34899046404367 7.75182603773222 7.20883762004091 7.25629094769749 6.93951589084632 6.90562721557912 6.792450435446 7.25582021739382 7.68038944555146 8.17631861065809 8.11192654208075 7.77663736353362 8.52586391330752 8.87197581722072 9.55006416335998 8.90745980637031 9.12995331981377 8.64460037219107 9.40828548273617 9.34614750097617 10.2307781369719 10.4637305440726 9.30538075630485 8.20932108009841 8.19357471012504 8.86738150151212
-9999 -9999 -9999 -9999 -9999 -9999 -9999 -9999 -9999 -9999 -9999 -9999 -9999 -9999 -9999 5.68032044686723 6.40490187331218 6.73951150451792 6.46339820986922 5.90265551575213 5.92592510869016 6.31252583241761 6.61828510211375 7.06860528168905 7.05182042928403 7.96725206820238 7.43209234196902 6.73994716204455 5.53482515627737 5.60637129720652 6.84585518236265 8.076586338528 8.84937953344401 8.95225358781534 8.62939112431549 9.27972125272341 9.13855641258037 9.21064216955039 8.95809973354503 8.89728637307985 9.62420814676223 10.6614243032092 11.2479408291526 10.217599166636 9.60321234090183 9.09142448689447 8.87020225406873 8.46893010498733 8.7522495430208
-9999 -9999 -9999 -9999 -9999 -9999 -9999 -9999 -9999 -9999 7.25077069849831 6.68819738609579 6.01188812374486 -9999 -9999 5.92945712860649 6.29250097849483 6.88039617217731 6.69275849300832 6.15663530615673 5.720641016545 6.35545483199752 6.50381119423702 6.45657974872025 6.56080879402201 6.89678989026167 7.26465916216899 6.81224065768173 6.49215858889064 6.21796859314449 6.81139720683244 8.33682867639619 9.1792629267634 9.49716904073981 9.76620143934086 9.51126880382703 8.94235617754399 9.23441876880236 9.30306799119085 9.61850771989571 9.80408361491031 11.6391693720367 10.9083578975662 9.77182870645296 8.49052780004832 9.1336768253795 9.75556776882201 9.34156219401878 8.82934785475132
-9999 -9999 -9999 -9999 -9999 -9999 -9999 -9999 -9999 7.48598480009118 7.18951035034443 6.3782421918515 -9999 -9999 -9999 6.40298444203746 6.10876134838279 6.9229670808305 7.40439196434424 6.8739016993776 6.38529473352843 6.73374339994614 7.21060362471063 7.09256522111974 7.03162362441496 6.85028658451676 6.58591597313377 7.46697134282769 7.83710086981131 7.99078241017426 8.24088719455867 8.68665836950796 10.0334188489555 10.9066011008485 10.8907744068652 9.38320422801189 9.3626069621549 10.1108299753799 10.122933405668 10.149350279191 11.057111017822 11.0578886117007 10.1978409420935 9.5162881281476 9.73389960329676 10.7029729380023 11.5672350273491 11.3992711717053 10.0065301692852
