All-in-one-application-example/output_without_currents/BIMAC_interpolation_sd.asc
NCOLS 128 
NROWS 124 
XLLCORNER -63.5 
YLLCORNER -0.5 
CELLSIZE 0.5 
NODATA_value -9999 
[rows 66 to 87 of 124, columns 0 to 48 of 128]
5.12014629443164 4.05734591171221 3.58669365711555 4.27083353890811 5.54140494450006 5.53007109202401 5.20130445516893 4.69441359709577 4.17844657110122 4.36051799204153 4.96022853040718 4.81720228081601 4.75312405043865 4.79400813961477 4.50140902807484 4.22503873175889 4.56012896076367 5.00465300596369 5.06443191390541 5.08278942711857 5.05402189387056 4.52444882036913 4.81807778375703 4.52418927835322 5.55569873972728 5.30926675882822 4.63327542208226 4.59500431305463 5.20832514917375 5.42501537446337 5.48873269697897 5.32976436142491 5.2266611169242 5.15860697498253 5.5605472828988 5.0445990772697 5.28102181820154 5.14004258875459 4.7824706752987 4.46486094590788 4.99891860035528 5.25748847022704 4.83123169306535 4.90240274254462 5.18629288804224 5.24901465909624 5.15541523091453 5.3559661532736 5.33760202380589
4.87622125519137 4.49751719537819 4.54456824329716 5.13137954897569 5.99993288433369 5.96308535185486 5.5031873746819 4.87173713588199 4.53814433857417 4.50236486137773 4.80348222183682 5.01005576098786 4.76394774431337 4.66080404993803 4.40655125612814 4.91623535707594 4.89445741621441 5.73048599981171 5.40268991067245 4.96790163737706 4.58044507296125 4.8543835129405 5.05195276217878 5.55022820004169 5.64530766662545 5.55529190959406 5.23178331043403 4.73561144916119 4.86388572834799 5.05201419552542 5.67230458454777 5.52021318556637 5.38997302526473 5.2295567978545 5.19416467489851 5.56580216182553 4.95051702292852 5.33816783126656 4.71438585702273 4.88421772939594 4.62172314010376 5.13530440585695 4.95394626198501 5.07764937859756 5.34636461691323 5.47486354252645 5.16452835220134 4.86695212806663 5.56260515932387
4.89544856402834 5.16980750332294 5.51687676070774 5.78819873034842 5.89298507922376 5.84690729560599 5.37776209764114 5.18840643221527 5.49997206007132 5.20267693110133 5.48371540056891 5.23675342881655 5.13149489065423 4.93993528289778 4.88136594025944 5.15172567042984 5.26011851662352 5.35173101240631 5.1679307388611 5.15688963327151 4.8929230550426 4.6457716961424 5.24987995370271 5.45821073026012 5.58059244978705 5.24852775978324 5.25632607566299 5.16857768839781 4.71996625332882 4.58938577560742 4.92248279380008 5.13322147732759 5.04892462328221 5.03019981655517 5.54230941025255 5.02973693699785 5.0821388627901 4.90715268186751 5.32952796420132 4.44964474844032 4.26590614906347 4.46170095934012 4.97007462950799 5.21714263152624 5.06135134438763 5.65899385852684 4.92965078915221 5.13497179814854 5.05327669068932
5.0594988848647 5.32293184523605 5.34226291342013 5.26470227989504 5.20338623633245 5.05804508350913 4.90575079359273 4.95325959906069 5.11142185853774 5.54976616033736 5.53606718458863 5.0410049151898 4.88214109281522 5.10882159388692 5.08990073146957 5.32333182437592 5.06311506914733 5.04716031211692 5.05878288224448 5.39738184208472 5.21478953156707 5.02119744686971 5.00809865150672 5.39180345242127 5.34357052797375 4.93333628682268 4.52574215496736 4.78302691693675 4.81914821913248 4.69410485980446 4.69391759289246 4.64230920149313 4.64512872891565 5.07337099997661 5.43538461996111 5.1786449347687 4.71062153016209 5.20038732525878 5.01621058898446 4.57259555379713 3.53679064325091 4.23082363094391 4.49431108768386 4.88865158598946 5.05039001745909 4.95009917535812 5.35891770623099 4.93276708951318 4.66047306594907
5.32154572537816 5.35305988972106 5.25480281857171 5.17626071787349 4.95828066464767 4.75344390155576 4.60655088605171 4.75880398948853 4.92793190788341 5.01311094234143 5.40523074463408 4.97280790145581 4.70428903014672 4.95626307394781 5.41619353903731 4.66594802596305 4.50886133905973 5.00809393071193 5.36706330157993 5.43496068746393 5.34230429658215 5.08782825269488 4.98020888827638 4.83207894494114 4.74227189431346 4.47099133007143 4.09746031232863 4.40421643240614 4.64867059490387 4.77366112955151 4.62906814318646 4.44605414264875 4.51697134135218 4.8940054160382 5.28286462143653 5.28465495858271 5.3041997866571 5.63546927618692 5.75181229328456 4.68510915020592 4.21725064064279 4.03389793691 4.16716812951381 4.50791341773362 4.41228781431296 5.77224155386328 5.07704934158469 5.00537962503172 4.29170027507934
4.90358793955826 5.11430424658758 5.15099709711687 4.90355740957005 4.48517106432249 4.690039129489 4.79147326074185 4.95141351033776 4.59234687883086 4.58873897752653 5.0044623493996 5.10196296619334 4.78659965843426 4.88043362429698 5.02839550489076 4.78189939044101 4.23690975972335 5.15222877070817 5.84371060428835 5.3412598451824 5.10975773537949 5.16179524693108 4.80731778823974 4.46544443012301 4.42653957120663 3.88288091469622 3.99608287422555 4.36330001220087 4.45091249492258 4.47561473282797 4.45904541359499 5.06200577401942 4.99974178841378 5.30435440259786 5.41468122467874 5.26695002352506 5.3606689007811 5.70675183684279 5.77468199187542 5.60268951103862 4.95810071271813 5.02172368168284 4.30116257373237 4.2402275536294 5.00592047177737 5.72454479099869 5.4627728242 4.94656852592976 4.5726463416711
4.41031909572797 5.05373204258788 5.18040793173475 4.58637115209694 4.30464545683769 4.51489865696983 5.03126248047309 5.20235437069013 4.65026271489686 4.77689859565095 5.28901908353046 5.15336157273079 4.95533180907579 4.6473017288279 4.89335978628735 4.74622857576844 4.93655971420577 5.16766308411672 5.21154976375863 5.28543423754903 5.26317821074776 5.02329042696887 4.69793749663077 4.10761002085222 4.04036277812497 3.81303438899396 3.7890477740797 4.55047565147295 4.39320613050104 3.70307798351685 4.49260471985699 5.00515059581943 5.34334596367541 5.46828635614405 5.5475636116122 5.05800037410792 4.6624275260332 4.99057542671666 5.456653181796 5.58897455511778 5.37802601696552 4.87636907637447 4.44591942560241 4.92107175342348 4.99326793353713 5.27229006390249 4.97155912110596 4.96658269897022 4.63762352932917
4.64348253739521 4.47023852179122 4.12114438615845 3.96421804548407 3.53480569521709 4.5408204190348 4.85761261009257 4.94019437991004 4.75660153437413 4.83192599220779 5.04469990460214 5.14845765019243 5.072588725896 4.88953679571922 4.98161735950797 5.22760369441063 5.51716343163213 5.05658326215082 4.90019738381841 4.95518616329001 5.57247501448014 5.42875709721274 5.14087710926288 4.54808109727322 4.40746936513301 3.90102292610184 4.35558395963751 4.36241643469581 4.34226673101659 4.53213438366567 4.29704185098095 4.93281718733269 4.95495465804981 5.34361346826839 5.43043654988306 4.94310719048545 4.35510808808974 4.16152049239199 4.79474347787797 5.35531190501344 5.3705755401228 5.03543595707466 4.9505737642715 5.29942174031239 5.2785436609306 5.30888028326763 4.90206771797646 4.78801840384072 4.93696203933286
4.28031619984167 4.29557818260742 3.94205671913124 3.76131405467841 4.27896257324008 4.59012389595322 4.53642072780994 4.77255232216625 4.49550038862435 5.05417093022924 5.23722813176058 5.46447581069229 5.20078100701731 5.24631440697152 4.84745244720318 4.83884851516155 4.93495452006513 4.94468435106479 4.66069820257876 4.9198355968484 4.83656472349916 4.8464202728415 4.75283012458554 4.79552160987617 4.46595161970491 4.37366949436985 4.39594157330908 4.64252390853027 4.84870271697449 4.94089321968946 4.62489466967205 4.15993780065186 4.6384222430292 4.72060179975969 4.95165210960416 4.72568038696676 4.45854201123555 4.15926272548388 4.09669833999298 4.66414219263543 4.99452740736699 5.06010328809461 5.01210431701282 5.02934601494672 4.94066338931855 5.01241946199747 5.15669976986071 4.86565868681754 4.93198029557454
4.17039611506476 4.31428207532293 4.35082247266055 4.97494755013178 4.83040263757779 4.77774935295046 4.42493647028665 4.10236328163459 4.5417039488673 5.0789807834109 5.54865801748311 5.17641845981293 5.04002970445279 4.8144761274025 4.92734499025997 4.73066850815486 4.7326167024925 4.89267302432621 5.07144384069554 4.89962630255137 4.39445249298483 4.1793458657597 4.61400554504999 4.80468014101065 4.55574023499822 4.54302023855523 4.50614349561525 4.71466796795035 5.15669836558057 5.30149922113395 4.75339741074839 4.4482123138809 5.00579673698817 5.30859874948418 4.87659413370134 4.58182432518712 4.66840429588915 4.32887684464585 4.21297648829464 4.19565768151961 4.52991207274488 5.05341683213115 5.10131865049675 4.89701322395649 5.02921530382237 5.28806082880186 5.51842005519848 5.33861916738108 5.02413643155952
4.50489163112014 4.71679192800238 5.07856056302477 5.42466746351401 5.46216439435207 5.41930078753814 4.47287539599506 4.28578476180396 4.61497926056362 5.10614688757632 5.19759880460812 5.07252640414484 4.7765415117453 4.60467687972776 4.63279996302081 4.81802488141537 4.93491337707115 5.38914234852138 5.47860930091113 5.10922199191948 4.09811283180624 4.06843191331523 4.22443615846399 4.74049014089825 4.64652198312123 4.73451854224994 4.40629852519298 4.3289251088453 4.49923231988748 5.05255242514964 4.64737121053715 4.39254863740172 5.15309057551855 5.19635416015573 4.82640491317647 4.48005024777471 4.76576631714848 4.77593449202642 4.31765007452936 4.19306226546187 4.5013787735453 4.73347056898089 5.00654026250212 4.77142386287444 5.02868511572662 5.40751733311224 5.44907418534675 5.02839723946249 4.90718234795895
4.67284462358487 4.69542080185178 4.60711117514847 5.01557319424387 5.41769268277581 5.12967252536401 4.70229186274284 4.40471261475682 4.47101799177293 4.60428070601565 4.63744453699872 4.77843688251029 4.360421515671 4.24583597934116 4.03906268093486 4.73277309155778 5.08125742396925 5.41793962172471 5.03215856308028 5.40818700448399 4.68940556833345 4.71784307319408 4.53113316243547 4.96889037852139 4.60712930241034 4.79486265654074 4.3099566175874 3.98006686654614 4.85975406226325 5.38961089340768 5.2173490663663 4.88657701923431 5.01027432311674 4.75134270079722 4.55366539387608 4.52106403693757 4.6762845816143 4.59182169296239 4.42090404221138 4.5514446109262 4.89490603983306 4.86794462950326 4.66227745524757 4.58533179061625 5.11991339166664 5.04445903266271 5.15490046658855 4.72349616384809 4.74219336519002
4.97678744445095 4.74564761864366 4.35038213794109 4.77540283187226 4.91904157025722 4.95214889097902 4.84776318240158 4.92625430066598 4.91120085177475 4.62959187440855 4.98142795494694 5.17914903429308 4.66170707262398 3.94695018793963 4.17246486047819 4.90209103109784 4.98260403900588 5.22852147235197 5.12955388468429 5.30854446621106 5.17204623665591 4.85196629978666 4.66080109093711 4.66881433705344 4.89016046939615 4.71558114391478 4.43119213354523 4.44418562582585 4.8352302491268 5.57164726504694 5.69652757530126 5.07678791445606 4.60925336295653 4.43331310931486 4.38812374507783 4.47886702453901 4.7771926029628 4.59171254848266 4.42984668152969 4.843911699089 5.24616340562219 5.00939395082756 4.7464635054311 4.79050947581618 4.73353194337855 4.73077735633342 4.85538667889362 4.8606579354358 4.74836067178948
5.40721597309366 5.01363670193424 4.84155546424626 4.70637832352022 4.43797120623484 4.58389614103574 4.72156011773599 5.05989435174648 5.08426986182576 5.11196514458025 5.23232463999479 5.51534165005144 4.6183033534597 4.38621949466219 4.42269618510955 5.2396191177925 4.93747729243532 5.21538637329279 5.15847359762965 5.34352830091424 4.82372391132431 5.06378448173598 4.85517105972611 5.03507581944514 4.89838868623586 5.01241296751919 5.17905678730075 5.08605775523126 5.58690613292834 5.86505485437221 6.05121074852748 5.25086394483208 4.59563699933431 4.43337450848572 4.37246886728654 4.75593519847768 4.84225464466846 4.94953168712284 4.66475014784043 4.84705929231061 4.97136246005844 4.67342429788999 4.96618098045211 5.01419398138002 4.97663214292973 4.37592300683862 4.77165518569424 4.82530154769652 4.95316756857178
4.92658457386172 5.16421721201127 4.99992900902605 4.53994271107087 4.45443585506432 4.42257005003604 4.73276233253074 4.85743618122557 5.16061976120464 5.00220258282171 5.17933054094227 5.30315144522015 4.80189877527018 4.55464357107461 4.77161963923747 5.16866415215603 4.69208714816519 5.11494645124935 5.03618492435888 4.9032379920367 4.66364979707379 4.5484064529379 4.99988231477186 5.38606063645551 5.42192640203638 5.16387773113625 5.37237990577976 5.19466913828335 5.24725891570573 5.98562512403787 5.66361614613182 5.10171783460739 4.51608274026661 4.2669212795211 4.35805172216514 5.04640592313725 5.39197117249527 5.11124272593797 5.06963638774562 5.02786633895976 4.84009216138069 4.82616434522987 4.9079319468264 5.4312469832156 4.98942609265699 4.81304586904401 4.52836408087461 4.81822048053837 5.10009930233423
4.65788397295005 4.87192353882688 5.01232192693592 4.88244961817424 4.76363054868941 4.74451736092993 4.84301363592995 4.56968681300921 4.55812314792456 4.56007664918097 4.75827356521669 4.79119633087669 4.65605944549042 4.36345100515232 4.36790519325644 4.51603732623324 4.51256196052056 4.56309782022481 4.72554823776512 4.41978054332728 4.11007954672527 4.24736549528583 4.77804800649979 5.14042441100579 5.45029122313486 5.13424135606666 5.06483714752964 4.92583380948479 5.68638707466547 5.59904190582701 5.76711778082922 4.81464847734821 4.38596673955694 4.19851148488525 4.48608770135272 4.90712675689977 5.35388966938317 5.05481149184691 4.52775046967873 4.44781354881233 4.95470945068263 5.05873946910864 5.01087453900151 5.27401250043528 5.3227410062295 4.69707336074148 4.57548988515461 4.53277468164249 5.00279994820288
4.44297347729378 4.50653424294075 4.84597968248329 4.99008774419883 5.15431646847011 5.27800601614885 5.08866453997985 4.67184441183798 4.67775527953467 4.35551494865875 4.10674327371315 4.38149558064467 4.24546780653118 4.3682203574548 4.21430965128175 4.27801749368027 4.43011834609917 4.51078261728071 4.44238406349053 4.32962905242267 4.0977824889673 4.26835857800747 4.4922653786716 4.77553671613361 4.86189446187624 5.12379639175864 4.91434898074176 4.96710416557198 4.98375616537399 5.38064474487768 4.84888779366345 4.58580858650042 4.36763221220457 4.45825326651839 4.45018990598636 4.66568805659158 5.09937028344827 4.77531116333995 4.37258166046517 4.49459940021466 5.09079526927563 5.19881563845994 5.14365543953509 4.94260721167706 4.83905018925115 4.68354669623856 4.58982026590568 4.63599678025807 4.93438399558149
4.46017353166012 4.68476188889978 4.88671103615209 5.2479202404241 5.49484999843945 5.4331141732727 5.32882145820819 5.18213406333973 4.81611211340926 4.56670836320354 4.19803748190968 3.90066461220766 4.40621340640408 4.29284943282087 4.08342318265747 4.34696597526875 4.5340460365461 4.49536979757458 4.5923142744653 4.29657504594265 4.53580046779796 4.32419350621951 4.36422086282732 4.50948636021875 4.6173317852694 4.77053348986036 5.06890892168226 4.78355614330937 5.06667877830861 4.71586083706611 4.93283728789122 4.45261025555784 4.7802927478809 4.62396433548846 4.99243375728972 4.56697767621666 4.77047253115525 4.77375851595803 4.70765803692613 4.52544627461226 4.70211920306987 5.0025248634654 4.80974714902231 4.81252408404917 4.66516834017626 4.72279570422582 4.87258424475901 4.8991911920519 5.18729882447638
4.78140113957381 4.6257233459024 4.70899522417826 5.3887131384233 5.19806235595092 5.08166369421473 5.36382882187955 5.1582107582977 4.5578848043604 4.57597962566393 4.20261938383625 4.21586724411648 3.95077306977018 4.28417812425146 4.21137608213265 4.24007976106059 4.64032379070257 4.50621157393952 4.52769082946795 4.35089839262171 4.25319335886881 4.16433546741106 4.71553735272827 4.8100104291617 4.78294629197661 5.07251672420025 4.93792834780577 5.16887994818989 4.80742949716042 4.77689897175835 4.98480969347615 4.79511003707866 4.73015055582541 5.05509067171763 5.17558495728282 4.68040437573939 4.86797868079434 5.07577891265337 5.05493842479706 4.63494601655131 4.85511615451546 4.63303046344172 4.57768037373982 4.44877714007781 4.70907787795524 4.83875386944407 5.04080450847827 4.88725990983448 5.17180807459255
5.54604983941648 5.16119450527201 4.95577055595093 4.92836679713106 4.82663265465075 4.74395642427541 4.8384708057474 4.95575972942506 4.54369360656174 4.63092844465498 4.59369458524017 4.55928744604173 4.42278553668009 4.41527222918313 4.14329346276458 4.32080531094897 4.43245853975023 4.42668444233029 4.88004473263471 4.40206016883291 3.57094155447035 3.97108069466335 4.76892564756231 5.04501311859415 4.77266357407396 4.64001125929105 4.97035305417034 4.83701657945043 5.03432105213528 5.24697676167765 5.11594307232195 4.20399018283809 4.32247707182307 4.48927825842291 5.29850552349172 5.32811668270189 5.18791196556411 5.22162607454475 4.55867209230878 4.4955982899857 4.35876316090866 4.58584114668237 4.24430387681481 4.48286072799745 4.77228783269066 5.03141927370768 5.03165407443318 4.98125623886862 4.93480969079162
4.88441597835875 4.93062713169898 4.37398303826071 4.54734817765733 4.41743819308302 4.57144632288525 4.15223986539655 4.51248901353798 4.6008189768289 4.90438695505175 4.66663369971081 4.85764756560214 4.74065006238181 5.0113655462938 4.73349815885839 4.57785796142361 4.6207488965716 4.39119724507959 4.5083121482724 4.06185794108497 4.01551852645577 3.90748348259482 4.73041746619557 4.93711620017654 4.67400666175149 4.75255240075068 4.57460368281223 4.9407609448169 5.13846591751245 5.35316346894137 5.00587348962903 3.9568686261276 3.69792891733091 4.37733566133485 4.85336026668399 4.8745226641501 5.31584210706506 4.89782421525108 4.73046970329241 4.35163635814315 4.35621286819236 3.95946939205621 4.39294490726746 4.716161980827 4.59035315104518 4.59306099928783 4.25994119674848 4.46419059184911 4.66409708020444
4.8637167671565 4.5998169549502 4.44704004285551 4.36427431762678 4.55761862359504 4.41004368777065 4.02863924716386 4.24894673537062 4.58748539300726 4.91476183947922 4.79181587410481 5.06610565930478 4.9914181952583 4.8532751232319 4.70746036774739 4.83114509027799 4.59812154600159 4.27810648365718 4.09898656636787 4.26062551373807 4.3232003272153 4.505801168781 4.65448441815897 4.78689303562273 4.36077830454766 3.96240696568587 3.82007363343701 4.29528966366933 4.9256707145298 5.2103295889687 4.78943329722877 4.03096833515867 4.06191603970684 4.27363564552908 4.38784814614173 4.43851284993459 4.55372379961563 4.78682771875112 4.44701465177107 4.38805506198417 3.90112387550913 3.94369246458528 4.20303952478829 5.08680018762786 4.88086163557352 4.08886951592866 4.09337644009002 4.43298041940279 4.74579073596251
