All-in-one-application-example/output_without_currents/BIMAC_interpolation_sd.asc
NCOLS 128 
NROWS 124 
XLLCORNER -63.5 
YLLCORNER -0.5 
CELLSIZE 0.5 
NODATA_value -9999 
[rows 44 to 65 of 124, columns 0 to 48 of 128]
5.78306525962171 3.97764855993763 3.20293527376814 3.47447073349472 4.01644530913877 3.15465067457111 3.08181040305696 2.874237698596 3.58303506618428 4.51914742398256 4.5534870047545 3.98626220717539 3.77752873641484 3.65315183249536 3.48582457760148 3.85637781564345 3.44157522675153 1.97210718207735 1.63140459542828 1.77052267461488 3.66165932395238 4.36805361881864 5.37277677635167 4.5691286978745 4.50796848156633 4.69601009627343 4.35137019249536 4.41037934955793 4.19486193026575 3.65355709562628 3.65684872749902 3.7520520795579 4.82869344142886 4.62634643068825 4.34823030346852 3.25623651774164 4.68085896552347 5.21720905085923 5.90473789920364 5.6122457538264 4.84083420566521 4.73825716077001 4.44727231779554 4.69877674019635 4.41831851973052 4.4337334744178 4.77362228507682 5.32731918013687 4.94933840735315
5.71481082586112 4.58375076215061 3.7204880562073 3.36089904926647 3.29200534504107 3.40912211576802 2.85341038501004 3.21173882781182 2.80743091197652 4.14359632246487 4.30877798371988 3.79160461730673 3.84768644462908 3.86751190038967 3.76390675748056 3.37310228590942 3.61116352462339 3.01878793751873 2.64248316845723 3.34389706371939 4.57227696887757 4.88436338017647 5.09120944861241 5.3217484907705 5.96240167660253 5.51675182948934 4.98518647438485 4.45300610279882 5.13907839821512 5.71628649697379 4.25440692276357 3.62882995066985 3.8977321934744 4.28598516418323 4.34309297211859 4.24669056520266 4.85746441659076 5.83622883564557 5.52678111191778 5.28576059003233 5.07775808875758 5.08272571049045 4.61170174337449 4.2485052563129 3.9477901474909 4.88336322439269 5.8115367893989 5.49582929221 5.58241449404762
5.2237867470145 4.34185477025152 3.60675223372516 2.30092792073559 2.36263065734393 2.46296489075715 3.72656805031038 3.16460345202825 3.98556479443416 3.95221896561715 3.96725531300604 3.36341298740587 3.6699260367697 3.47265054287958 3.91608728426149 3.59976311747546 3.15178372625673 3.36386883383312 4.29257089157676 4.48715085133772 5.3278471011323 5.01123745549814 5.30091858967842 4.68182271833219 4.99814358518419 5.32675039025298 4.92153156677666 4.66989201342636 5.02267079880704 5.28346136888528 5.05889673486057 3.70903776366266 3.21379877751679 3.26448165537767 3.91146703032467 4.84162921725929 4.7392685431778 4.73818588928993 4.34429265252688 4.08583993171486 4.30552985012362 4.36745550624233 4.05162433442081 3.25440475664605 4.35963814264713 4.98422586545553 4.90628543596805 5.15458304397995 5.60090085533737
4.99308906442498 4.56652383168125 3.03929853723576 2.04335682864792 1.98233546147097 3.32246174833679 3.72408633491121 5.08083014771431 5.35954924568733 4.94383730504252 4.02190085635716 4.09090401893393 3.78791307294203 3.80828083064592 3.93826598951023 3.79487114117022 3.70633185205692 3.42126648457652 4.4828776777712 5.03008345013451 4.8390658292172 5.56325222184644 6.16388025592093 5.44394445581302 5.01158094874929 5.47634945772279 6.03863907971916 5.55615810449421 5.39367600723987 5.73612140193656 6.34119155950353 5.54117514689418 3.98884032483119 3.28677926857838 4.88594474870842 5.33331400050769 4.95384618624151 4.3069808138251 3.90866014819159 3.36034371520945 3.30128310663012 3.96906226584363 3.4310889270088 4.20990320203004 5.06542241546173 5.79162775612063 4.98933137055603 4.71370310867437 5.63324227190169
5.11990427268338 4.38553153087916 3.53617785460398 2.58490508887602 3.03920283414305 3.19848148213981 4.3234472874414 5.29164872054581 5.55845606063878 4.52740139158345 4.33679369308785 4.24526055727363 4.10730967837046 3.56358340433856 4.30922959527997 4.62842489710967 3.80752827924149 3.92574266544865 4.34459946859099 5.22015881187162 5.39847605198549 5.71154542546369 5.92449762762899 5.34321287635356 4.92081357543023 4.97743064093574 5.517405766421 5.57952803012662 5.6557623532537 5.83950429980983 6.01319147191394 5.49658899045279 4.22744180869861 4.3457413955015 5.55999258732796 6.394996153816 5.28516879695446 4.6725844618492 3.91316746498544 3.70899508370772 3.48226092034949 3.51636461799557 4.22195852651323 4.7142917346359 5.37019118462858 5.58787086524389 5.1452351387827 5.31273674334442 5.34576864843711
5.21358749664345 5.26240815861 4.85451753438848 4.33955714093352 3.0996094953537 2.1635232864184 3.13048893599106 4.74388265801634 5.02238703855295 4.22465520778377 4.52696836610707 5.51234755620486 4.26481037365462 3.46324872301161 3.73721084116046 4.60503166276476 4.47574659118794 4.07995367769856 4.70781134109906 5.49685204481032 5.71002422659561 6.00678509887392 5.95500496647477 5.70326092973409 5.37380101547619 5.00533795670128 5.07887926045973 5.49219285771111 5.95357875449768 5.94794497237832 5.98808592397699 5.51334180444991 5.40537918499002 5.05983480603041 5.93363737788625 6.18935450531009 5.75799739627875 4.97646623562807 5.04683525602341 5.02365412578071 4.94313699748034 4.76197469277525 4.9732027424061 4.82370363602596 4.86800000951875 4.9652445553292 5.53265207527962 5.93326603881681 5.66693435499127
4.5857003133455 4.85645777684388 5.24999722720609 4.16224838176349 2.74010199370605 1.79404473233721 2.40284937720715 3.86036266284814 3.84480021632098 4.24881750529545 4.26560831878759 5.06454020747753 4.63884703532542 3.55861168118377 3.19782489973853 3.99303722052466 3.94891052372597 4.54991225158445 5.11554228497491 5.7808279402344 5.64189871769611 5.31415232985092 4.90699725686659 4.81513746123151 5.25971544325339 4.92525944867839 5.27910599681334 5.53142492109466 5.90654648256179 5.81319916702072 5.8571090981561 5.66074279824583 5.36551907859431 5.2898567481846 5.52188154738974 5.7000948808422 5.45147354592013 4.83338634695962 5.11709873101679 5.51800967232921 5.66121284533899 5.61418103171845 5.80153684240304 5.35863058767156 4.44482837017913 4.85321173173226 5.33139623420595 5.6349146388338 5.35448934505043
4.2388478934274 4.72767593000103 5.13871765480803 4.12535594309643 2.69452829138906 3.06982405734176 3.32193571272695 3.47003377914951 4.16939298530239 4.83005734254076 4.80100726835007 5.05599919826453 4.76528437236414 4.59742507259836 4.24466459056815 4.14877884975518 4.03845009518869 5.09890612335065 5.40286883341862 5.25715718353323 4.84450915549786 4.85038282606854 4.22389795619744 4.76845217450945 5.45490173612318 5.61849523377872 5.49700770438607 5.66886469669902 5.59098236906991 5.52378155400269 5.72975599623431 5.58015676347455 5.51768346694527 5.12493490330673 5.71411276206163 5.44287848727382 5.58513133852555 5.09242561065116 5.40984306567466 5.75934465537849 5.85126663472814 5.85093846226192 6.00339191805585 5.43850618085293 5.08738027799093 4.95892770681562 5.38516689459201 5.38847226397851 5.39081950182388
3.79536168033399 4.32081977599206 4.21712334062379 4.06359576671598 2.95164517329682 2.8544355140107 2.7291493630703 2.41525794638855 3.2085245620007 4.86324914466076 5.25211678520788 5.04055757975986 5.07097025843387 5.12713856752831 5.13203846113128 4.72953739354148 4.84224899776923 5.19611884749509 5.3134408552296 4.83531683794694 4.96825724433869 4.43846824577646 4.19772119560105 4.3363125257556 5.24779700134787 5.06571897078278 5.30163649626485 5.0725553314551 5.25518933356563 5.2951990917017 5.53589521650224 5.41188206852064 5.11154359634957 4.99483223526252 5.55845444575767 5.55510441589762 5.57540168992721 5.22587538072589 5.35894788362738 5.39263097865046 5.68641669117251 5.55749619465343 5.64725911711527 5.74571287188375 5.43677557352691 5.20110131985936 5.02743719611002 5.01070910675107 5.55217874121191
4.5209911939783 3.82116613678592 3.89382522241405 3.58281276526741 2.78895198882215 1.99058270606564 0.785820274935896 1.57275753416481 2.6720228366277 4.7916093828323 5.57068024170447 5.30388307656666 5.25840636710376 4.97078393891522 5.03658591344725 5.03572950666441 5.10967259705314 5.18779791579351 4.84750077285633 5.02899484279578 4.77221631142771 5.27841626284814 5.23436981385063 5.20787867191028 4.89370216489835 4.89281276444627 4.90394276389643 4.95732105382041 5.13971489100661 5.16106591405368 5.27559368469841 5.07431773564925 5.07970169399522 5.06513259404679 5.2397894762086 5.37209236529249 5.20992986784166 5.17268214443345 4.98102537355357 5.31347118704567 5.21238881587435 5.43789907470422 5.25124239682078 5.40457380436266 5.23984074887719 5.17659372133672 4.96985043283319 5.0350096376396 5.41147931605067
4.98114483774826 4.39436340487639 3.32972196661077 4.00900250186356 3.39316898805455 2.39534894526476 1.59902234758019 1.83265531580341 3.22866770041478 4.4162920839408 5.1649545500262 5.17643973513405 5.17697259870087 5.12608300665211 4.78493916300602 4.38394772218957 4.61910507627508 4.6789014358626 5.55167567288292 4.8456914102793 4.47730065663578 4.60498335365192 5.7052637319061 5.65956922344763 5.65309248650076 5.19398204491348 5.22372508858628 5.12443679736478 5.14013580931537 4.72885723172881 4.76724486546011 4.40753816133446 5.02613932382741 5.28444482285535 5.31845340135732 5.07808188867933 5.21643755637935 5.06717241121075 5.0763183275702 4.90432454493912 5.30384944093061 5.46498041699444 5.7228588291251 5.45166978591932 5.28443944488378 5.16801533223044 5.50394767065536 5.62216851839703 5.49073373212987
5.56207796336081 4.97985579847897 5.03886465548157 4.87799232816172 4.76574123262385 3.98081021898374 3.62010369661811 3.85744534764198 4.4324532484526 5.00649311673503 4.84967107788746 4.813763115758 5.44921284718601 5.11470768395072 4.77172580411253 4.36410884048822 4.15401283503903 4.92620795205666 5.40676769988616 4.61007168435383 4.12719738438775 4.81755658630328 5.94524051981286 6.26133269040304 6.12164857660063 5.89480747012331 5.56052184156444 5.1266261735337 5.40328655290172 4.69148348740288 3.99139856234435 4.21942918129804 5.00193208719847 5.59174864153305 5.55762535695859 5.51962237496682 5.22952149770528 5.47445920589698 5.32108694527146 5.16054721768779 4.96417804510748 5.20634983933961 5.23949950902116 5.15953086401212 4.98514744415566 5.40927303996701 5.79950442956933 5.96284406970246 5.81710116554882
5.4189866043612 5.49807021039977 5.78622722602966 5.74053254466178 5.78415091555241 5.65190374535903 5.5188078693453 5.26277032623461 5.32627755456985 5.05702645907334 4.56223444665919 4.9384404508257 5.02744588542235 5.24146085807119 4.57205494118427 4.13984239877536 4.7520177803223 4.8721229157949 5.21220267382364 4.59337295228592 4.76327878662112 5.10716542803803 6.15302379874617 6.09075971362283 6.1102980532075 5.7675089854037 5.60270540705649 5.29362841325662 5.60540460269592 5.02857885143924 4.8734378997108 4.67824293923765 5.53547957146538 5.49897628482553 5.4261235093759 5.60298325857665 5.59064107985998 5.66929145434506 5.49841001235543 5.47276578372092 5.27641765437477 5.06902811197732 5.00449300809038 4.81849930639814 5.20421544103578 5.59135148124978 5.95593248205381 5.70059375079825 5.81387384639573
5.30362161247772 5.2149117350219 5.47157442304415 5.69389356282163 5.94037403059558 5.87427643671906 5.62778743454933 5.308840435899 4.88411189095859 4.57893089990513 4.56128689113254 4.57724263263511 5.0542213843626 4.72822365150093 4.5729343128687 5.02311262995858 5.21442379940821 5.20389432932426 5.07090113025171 5.11866510051266 5.64089156311674 5.96485651115286 6.06747396216435 6.02944415060454 5.54653923880928 5.2354228329067 5.29694687456526 5.58280893561323 5.60731952438261 5.68656964919683 5.70510643343473 5.79018742198351 5.940355129173 5.73831858282516 5.08883270926535 5.3944277938712 5.4640654358822 5.21208395863388 5.22086919000319 5.45339231582681 5.52238153404771 5.31221715250768 5.12514446798338 4.78646030840442 5.3066691251616 5.56485423359965 5.32014514793457 5.49692629236015 5.51534334082933
5.41115722572687 5.49032680667403 5.25694911319227 5.52648552256295 5.64416106692338 5.56405558004704 5.4162783572584 4.93153982757562 4.37507712643454 4.22387721102303 4.2646324224602 4.32387955915355 4.07631240357816 4.03489627780704 4.48094101159056 5.1030912766669 5.35305282599526 5.06877766560803 4.98773904603072 5.30294979707948 5.50179164600412 5.54320366350385 5.50942833223957 5.61806877442631 5.67165434241066 5.40519256244306 5.26801976450647 5.15534923453097 5.50325755821336 5.76131645013917 5.98936579399767 6.21743060945995 6.4700312910781 5.91980070549183 5.17068638273891 5.11671777744371 4.93609119853729 5.02317179470762 4.86056654049068 5.46981385182219 5.60575568551419 5.90365536090192 5.61848547123542 5.30818126313252 5.41458614067767 5.41395542623146 4.8360736189636 4.513005358389 5.25969750571213
5.73524048756414 5.78276667508301 5.79603540790615 5.44772176077733 5.37475339752576 5.22315969895534 4.93539863160016 4.51679520595384 4.64363515813454 4.40437228812991 4.41128952667046 3.61478127744722 3.38989028074523 3.86416139815221 4.3350570561038 4.67338276281359 5.12957281573316 5.27638316351059 5.1521131161441 5.29318269738618 5.39332193378634 5.10270003099943 5.2021661551343 5.36850514755506 5.29013758274827 5.27165595130327 4.8600550799664 4.83780644210455 5.02552429859588 5.68451189207616 5.7087292576418 6.36833424621451 6.28014826825854 6.11338634049774 5.46008406787692 5.10967537322818 4.92352052483432 5.04904117331731 5.28823471838122 5.2631357862315 5.12509644896001 5.26185207712971 5.3075062788358 5.12880608999201 5.19853259711259 4.93355864380749 4.37682431332275 4.09038411906503 4.96374730427473
5.70018467364223 5.8991262164768 5.74658766525115 5.50813918360747 4.9682436274881 5.30154203279378 4.95093827092232 4.75846529069056 4.74359147908824 4.830736589532 4.12327448024888 3.42407111514321 3.78658841600556 3.91549762853705 3.99390794295603 4.18894501087229 4.6621900607772 5.19993458002037 5.26189074145055 5.1044213293838 4.75783717511631 4.95352519209569 5.07009225878534 5.13714276969412 5.02748506685399 5.17104603000767 5.31327859653382 5.38202461836798 5.36535213237662 5.66588554309864 6.09839036785992 5.87511598733382 6.11541697492319 5.86819025700943 5.33880721187737 5.48155466879723 5.2238357896603 5.77088516120976 5.45350452922287 5.32054250908261 4.79546907123721 4.78411628328024 4.90610699399937 5.24968239356029 5.2676771019512 4.97732775198512 4.46301175222921 4.43223046950721 4.9089011325501
5.21163709912167 5.63218994784332 5.63851730829477 5.23434394269867 5.06367250962011 5.00326366480759 5.23758819952403 4.78678373225152 4.56821003632591 4.44406137527185 4.38781185549099 4.12019935939995 4.18308011643302 4.2651809717507 4.22672809580446 4.24005123223783 4.60153393631637 4.9645633840759 5.16435796966465 5.11423284101638 5.02734601859031 5.20203466973397 5.40595451616025 4.787111902734 4.56186597157571 5.19846163953682 5.64362921845722 5.38157274640249 5.58764093942344 5.77161231752788 5.27923065438471 5.49359461441078 5.49294403970502 5.5058597784248 5.3071478368658 5.20975322849807 5.769832746398 5.4759720518402 5.2497452404782 5.07965893574956 4.83064117878004 4.98656484823457 5.26042459924023 5.27753572681333 5.19840348214504 5.30001012220562 5.0447629248598 5.1275403822796 5.16149772069587
4.69589421433842 4.9652165753081 4.97883248579525 4.80615238781813 4.5624937011832 5.16199666292604 5.25627469484408 5.03668111787707 4.50162553158278 4.32100004286004 4.80810355709439 4.68340078989245 4.59075133894848 4.45840249571062 4.66673750213612 5.09062134377892 5.05660308248147 5.32510205958457 5.18746810583941 5.42025510293365 5.31109663003088 5.56066878364806 4.72877244878727 4.33019430282152 4.16704442695956 5.16990081830282 5.60180360494017 5.44345003550256 5.37983879900472 5.67691807902586 5.5187720320904 5.00904127013963 5.17554968664748 5.1505300310218 4.96984104105055 5.18550710614931 5.05799320827172 5.09242518238475 4.6975942362239 5.00744677083198 5.2608261914045 5.35967400054975 5.06223155282039 4.9623169919068 5.38688835971642 5.59849999165666 5.6997828733403 5.14690733701764 4.89542499080632
4.41062901097469 4.62677400026125 4.76520452669959 4.66717695822191 4.67456244286413 5.01700178246045 5.31482315862598 5.12284435451093 4.68082863433907 4.86200606451062 5.09230803794451 5.14597420342366 5.05848456566218 5.11918251384063 5.22192486036397 5.3311665722373 5.52593959688231 5.44149367042056 5.37753488485983 5.54037264186905 5.43003090136084 5.13155992627781 4.6282233499235 3.7469620491302 4.56635958405276 5.19906122553697 5.26626413818932 4.74645963358705 4.98414756410357 5.44576798627234 5.85506427030292 5.43499101488092 5.47010208114792 5.14059913629549 5.20998566319918 4.77535682312724 4.7307140991878 4.42972495279649 4.67547891508879 5.02917301363283 5.62979049354201 5.32755673780709 4.47301234836638 4.98923113127898 5.25323022018545 5.62027115074684 5.19811906633299 5.18066896081723 4.88427874870766
4.36368229693215 4.0285069139531 4.08464315335671 4.08824094578138 4.47484348393031 5.03002015242654 5.29074265964138 5.27098762941548 5.05741016081658 5.08141676073988 5.2657872544617 5.21686864555826 5.53936755421205 5.50921461519291 5.2937003770079 5.14746482542294 4.75133405787801 5.10069688763673 5.25559262411122 5.33228833129072 5.05072388693032 4.31685252089219 3.81682709177554 3.9998245895012 4.7687565771577 5.74859122248758 5.49531628465448 4.98141231590847 5.12148080141256 5.55609459015862 5.72518377223907 5.46809214291391 5.37726089674219 5.43365407297044 5.15759245611951 4.84769571947777 4.57384884643396 4.69462517497092 4.85494572672196 5.30997657508373 5.34385727017589 5.01886542384026 4.79188426369892 4.70766333999932 5.40098617618759 5.39639865240893 5.0453937666798 5.25515811233003 5.0259783955877
4.86787405565441 3.93942609022788 3.31433298771982 3.6799114854738 4.75551617184236 5.0093713880942 4.93388441116007 4.5581752458635 4.61091292803714 4.53824943148681 4.96907233838503 5.24679480084094 5.14787603462543 5.17403362880262 4.62822571756099 4.41049471267437 3.91687914887914 4.59008108467249 4.78505435847093 5.16879597871517 4.84219573878198 4.33402108625946 3.87959367405081 4.5308640276541 5.47260738922245 5.14988948360721 5.2006201145681 4.656969509278 5.2417974316546 5.61654085670749 5.74678207780529 5.25173330525758 5.53396217908108 5.59728435611575 5.40251201871994 4.90812947518537 4.69974400372383 4.90454014257791 4.4922034799967 4.72565941231935 4.88858908420206 5.31691593812769 4.86963944005871 5.02317500748618 4.85946010912527 4.98751719073097 5.00253425217578 5.12634094626735 5.3138172883973
