All-in-one-application-example/output_without_currents/BIMAC_IDW_prior.asc
NCOLS 128 
NROWS 124 
XLLCORNER -63.5 
YLLCORNER -0.5 
CELLSIZE 0.5 
NODATA_value -9999 
[rows 0 to 25 of 124, columns 0 to 59 of 128]
3.890732604515530 3.89208777155803 3.88 3.88235168146469 3.91527597240909 3.96114913335966 4.00956421638144 4.07912535591496 4.22205262752974 4.22236963202562 4.22405104569154 4.11580986857929 4.0069127670731 3.95692239806686 3.88222512021347 3.71827686366081 3.4262979134427 3.07724315325122 3.05190635260874 2.89625001258596 2.98056472366411 3.07091995550135 3.44355291792899 3.24219684733698 3.09685511403843 2.45783439816307 2.22894235775946 2.34052008472803 2.72267287926289 3.21152191413773 -9999 -9999 -9999 -9999 -9999 -9999 -9999 -9999 -9999 -9999 -9999 -9999 5.17550292697068 5.19727597740975 5.1982722300311 5.13006174975892 5.01916045350842 4.89735912977198 4.81286183570698 4.77 4.77 4.77 5.05349862655541 5.2271625463329 5.4928374536671 5.8464168955719 6.30329310596078 6.56899301188617 6.61062809256669 6.69122014206211
3.88643833293427 3.88818245769993 3.89045159302699 3.89920500588935 3.92423711316085 3.95745694484372 3.99003774622168 4.03229177774113 4.13454098650068 4.15790006836941 4.08963152979497 4.18 4.31005049648549 4.23 4.04848989969599 4.00941883389785 3.94948396967569 3.70740772704619 3.83135921139941 4.36 1.75 3.86433530691097 4.33731270272126 4.13 2.97 3.65763153143597 -0.54 3.52495553020808 3.90520971596145 3.63818427101489 4.00539741768192 4.08615333631324 3.74116767425512 3.29725890609272 4.26 -9999 -9999 -9999 -9999 -9999 -9999 5.33394247000576 5.34720444322662 5.34822994558721 5.32241100533626 5.24451552109598 5.12238646577732 4.97977892142036 4.85752855957439 4.77 4.77 4.77 4.77 5.16333333333333 5.52909836856644 5.95 6.15702322837108 6.45953073730665 6.53873849749318 6.1833184997385
3.88904289564795 3.89195468436818 3.89712165629316 3.90511887613469 3.9194880844567 3.9372816516149 3.94941064200328 3.905 4.07274806762322 4.1117858888785 4.05589829081733 4.27 3.91731228019826 3.89094773929934 3.85010918111596 4.10689709236646 4.16063963526843 4.20904523258015 4.1772982421414 1.17 4.26980231614019 4.68412134919382 5.01839667801706 4.88182887144011 4.80626016774649 4.56826889065136 4.34934023705599 4.48136174533048 4.60518023412557 4.44828884198504 4.54006755911962 4.22533765022767 3.92655457430129 3.48521539130991 3.23671939677629 3.83759053752919 -9999 -9999 4.73320286689278 -9999 -9999 5.45334492031398 5.52410214039656 5.55490738778634 5.52821214723505 5.43478449279208 5.28079145551437 5.08867832311539 4.9065969193877 4.77 4.77 4.77 5.05349862655541 5.25677095379537 5.46638028915135 5.76973349353933 6.14469669299638 6.45697265070257 6.70024679277721 6.8347907754999
3.89209657378543 3.8954332049782 3.90053450559827 3.89734383668971 3.89617245589571 3.89734792131776 3.88 3.90360679774998 4.0511947350095 4.05332522486721 3.99402203806527 4.13 3.82850440316746 2.91 2.59 4.14739255826908 4.24 4.65487477811868 3.56 4.8949636244942 5.21605436003755 5.25726060804966 4.93 5.26433406338443 4.62995796696121 5.08655451260564 3.10877222828201 2.88 4.64928782130912 4.81 4.58522585238758 4.26 4.11475100866965 3.57076074830401 3.44701445462214 3.95395961256423 4.20361842062131 4.42274590464773 4.66569633277607 -9999 5.27012868725042 5.50172292092202 5.65733168235718 5.74639772589588 5.76761141171932 5.684485058658 5.4904265704282 5.21237212661847 4.93682941585634 4.59 4.60003105620015 4.61626164607506 4.96516773977199 5.13593953265457 5.41144614728138 5.6761735334443 5.99422293459813 6.35202145096728 6.52724877218376 6.67050515541057
3.8942467788488 3.89686719104712 3.89984196855373 3.88118533748947 3.85930278996861 3.84295255811367 3.88 3.90135254915624 4.00597884019805 3.99586356191417 3.93 4.04985289043171 3.82879794219063 4.19 3.95483532345563 4.36689439930408 6.49 5.03302388234484 5.98 5.34129252603052 7.19 6.01464923896763 6.59581304844883 5.73589854915408 6.87705899428295 6.71044167399905 8.24 5.9001310672368 5.09202395632758 4.71 4.61009540709161 2.07 4.1275303193724 3.77747119683432 3.4320954177747 4.13134093952908 4.39 4.39 4.39 4.88061398784698 4.94938601215302 5.44 5.44 5.44 6.11561532860346 6.08788752500969 5.78701536466962 5.30258142743646 4.51 4.50442719099992 4.56739972582012 4.56637483676857 4.57586682366345 5.08498507046177 5.19183305360082 5.72530098630886 5.38 6.12442583973051 6.47947631805786 6.59079782405136
-9999 3.89522116951841 3.89451554360877 3.85076624534368 3.79679851699608 3.75256255314982 3.88 3.89937129433614 3.78001226272694 3.88 3.81670523616849 3.77512407482664 3.78 3.43 3.97991088840983 3.72 3.68 5.71 5.03578230402786 4.50115950473873 6.06588342746019 5.90570191499665 6.26427945030279 4.91408723111909 7.46 3.75959502067246 7.8 5.64838290945104 7.71994664413957 6.25069577258279 4.15 4.0399654724316 4.35634538908932 4.14619427137245 4.01361451281802 4.44387001749386 4.40324524148312 4.45890079933672 4.7646286309416 5.17682121370026 4.99950728487351 5.81272019805882 6.81420076204261 7.05428556338016 6.83699467240102 7.88115387012518 6.74681420132403 4.30633330768836 4.37630999344188 4.51 4.49284271247462 4.47180339887499 4.47666666666667 4.75801491625212 4.9782128444981 5.38 5.66666422623733 6.01119454907504 6.38019749008862 6.50570960230195
-9999 -9999 3.88042442585214 3.80241613686721 3.70702572073966 3.6233472297207 3.88 3.51736537861016 3.09255660875895 3.38594991923415 3.47006883335586 3.55883877347035 4.05 3.76510187924868 4.08309720645065 4.44181878579401 3.37655209796376 5.4237323166128 8.14825732041095 6.79002911591697 5.80350371421542 4.3 7.95968674137243 3.84 4.01 4.04974740789039 5.38111755151472 5.50818079045078 5.36368938205183 5.54935022526778 5.22959686822162 4.76460032333743 4.48532153944979 4.24333667633463 4.14248813115959 4.43852865295829 4.44205423674616 4.40439719488126 4.84913927307571 4.90201704885826 6.00045242028355 6.67641390429211 7.49828103801237 7.61382450725639 7.76016762057337 7.50519520541329 7.26849421462862 5.37655236709197 4.30298005551749 4.37535136018443 4.51 4.41 4.47180339887499 4.71384224047651 4.90927706698859 5.38 5.38 5.38 5.38 5.38
-9999 -9999 -9999 -9999 3.53981791905894 3.41647552067497 3.88 2.22824196196389 2.54233835085889 2.92914737492679 2.93280481595697 3.22671340301422 3.44077612110109 3.54903940158738 3.69 3.97997199635077 4.67634200190575 6.11001892094926 5.7399451630086 5.22539317430633 5.35557395621267 4.23 6.07952362702985 8.87 5.18662257485443 5.1154260182266 5.15755185542603 5.22382592846473 5.31876437659165 5.27 4.66970252367202 5.08048819719464 4.91273995245001 4.55922969475505 4.39876749334977 4.44687398455791 4.45037436790239 4.4069566197549 4.39 4.98018710276073 5.84924506444188 5.44 6.86238427524038 7.56670502910317 7.8606093842404 7.66277957107073 7.1898241865498 6.26083852199584 4.91272583883231 4.3890819065585 4.61 4.51 4.49284271247462 4.49541019662497 4.86323387448721 5.38 5.38 5.38 5.38 6.31025248601968
-9999 -9999 -9999 3.51532393799713 3.3381593710889 3.11434236731861 2.74318271933783 1.99556392767353 1.89407197672983 2.03312512910084 2.52 2.58088033356136 2.96519674708933 3.5104242534806 4.33401930222082 4.6734185101765 5.1038476304188 5.37879978929357 4.10485420488562 5.1631164174992 4.18164393239925 4.23 8.06 3.82959426738523 4.63180229096788 3.65515399596224 4.56616004528945 4.804378951233 5.30326663969073 4.57 5.43621963858269 4.43490792029653 4.4 4.59 4.23 4.57 4.46308188424429 4.30794548235972 4.56472783001667 4.99700618903513 5.85178194337577 6.11004385730986 3.8 9.84488683001667 10 7.58706041602531 4.04 6.12754232312195 5.3085403670957 4.92118684113563 4.45885787875579 4.52715728752538 4.51 4.50442719099992 4.41 5.33174680702021 5.75353051701447 6.11304432442055 6.41344420337617 6.71128532408119
-9999 -9999 -9999 -9999 3.06291818797451 2.77906047310315 2.29559489222424 1.11905403677903 1.07893115714885 1.05196145626123 -0.21 1.87657446941131 2.39524054507984 3.20652962751148 4.57821658436741 4.91781127888773 5.43742861737954 6.44544802034758 3.2550138751987 4.90423610531388 3.56 4.09361713786875 3.82 4.37953996248874 3.32 3.45479363498686 4.29029560791907 4.66506649455875 5.23970067365099 7.19 5.79796103397254 5.75377699750343 5.51641189459611 5.26617806786787 4.74355545641596 4.33368010905474 4.28291477344856 4.11111831820431 4.38645404975521 4.9150972731689 5.62368219250105 6.30779312933107 8.81 9.60512191076485 10.7 7.64647693003407 7.10595837161804 4.05 5.52910534171428 5.47830201861933 4.39260205567907 4.52458980337503 4.51557280900008 4.51 5.24514349055421 5.7183590225132 6.18775115267374 6.68 7.10519878946738 7.30763118264957
-9999 -9999 -9999 -9999 -9999 2.38788832295541 1.90355758839071 1.06559636840216 0.99534534150645 1.05209464590823 0.965 1.2711599752042 1.76 2.75446557794434 4.67229867188699 5.05822091686445 7.07 7.71095431565498 5.07546978502766 4.777141536211 3.78 4.40103448768737 4.03 3.62 3.59013092955451 3.44 3.21331143625386 3.81 5.26846415894317 5.55554153959782 7.32688030392309 8.54 5.79313102959472 5.47958632712922 5.03911358811539 5.01975211873877 4.89975328214945 4.94955026289363 4.95443833531804 5.04840216041508 3.72 3.41 6.54408422969949 6.58 7.31360415716195 7.52772150619278 8.83 7.02867288737881 6.00181177357697 5.89829163652102 4.33737353091712 4.61 4.61 5.56407366575656 5.87284901568871 6.24450347280891 6.68 7.08004310294777 7.59477185825944 7.60359582951545
-9999 -9999 -9999 -9999 -9999 2.00391379736444 1.5372814441284 -0.21 0.990129308843321 1.16659812842323 1.18862955648702 1.32432729921759 1.4621809639462 2.60625124223576 4.743428353894 4.89591969116716 2.51 5.27893748385364 5.96 4.71182829890766 4.53043190804335 4.32016278973511 4.41908652798748 4.57639708724227 4.17518307378121 3.67 4.69217640801351 5.07428755988552 4.5 5.0800890042455 7.80188107269556 5.41 5.98994524277721 5.88933686496911 6.22931531720225 6.63562510101609 6.2624656649603 6.19753995490013 5.81272693581289 5.47485576395326 5.35736463522186 5.73297752580026 5.23 5.77 5.76881891072687 7.44973552583267 8.34 7.2676349958641 6.61009428611192 6.98243568012494 4.05 6.28859577844847 6.49644677150068 6.64628777612576 6.74046482833599 6.86429913345204 6.68 7.55624259632178 7.52309530452644 7.49645512339947
-9999 -9999 -9999 -9999 -9999 -9999 -9999 -9999 -0.21 0.71048529148434 0.803995692750017 0.943999282125003 1.0571253305191 3.40288420093248 4.45843971220256 4.97030556864059 5.05348699246508 5.24053843094411 5.07735091604492 4.78482040247233 4.35052015180683 3.39 5.32 4.93227505525225 5.33154263855152 5.5019538980729 5.74419212608466 6.2 5.85597174718744 5.75437470948867 5.96760925203736 5.875179148344 6.20949209846454 6.56231396813889 7.09315972154573 6.90223067696414 3.34 6.49605930912087 6.1440296205733 5.62982061345516 5.56841759146465 5.40943188504817 5.82348255223355 6.34873948987775 6.94126004906157 7.18482340215598 7.41229198117083 7.21800600151545 7.28057160735441 7.1298765242136 7.75627464689184 8.05071681592535 8.20425576103767 8.18656902684404 7.89153653506519 7.63753107546277 6.68 7.56299088875791 7.47579835370523 6.68
-9999 -9999 -9999 -9999 -9999 -9999 -9999 -9999 -9999 -9999 -9999 1.76 1.76 2.11043856274785 3.67344585823279 5.42421025207008 5.42690712269494 5.56607042848324 5.0899451876061 4.75306670677917 4.44877866602265 4.54211719962047 5.01290142287566 5.24 7.42 9.05 7.09328003691607 8.35473473235953 6.17240971470485 5.92616572612585 3.89 3.73 6.45101220185513 6.7 7.36408763193456 7.60574908838467 7.50632552624992 9.29984306337296 6.47999022625414 5.63557560392975 5.27011431503247 5.04653206438142 5.13845252440144 5.55293078996975 6.1834318585118 6.42480687726545 6.67980087835315 6.85061296260209 7.50024249077686 10.12 11.9 11.9 11.9 11.9 9.06259476962266 8.53699875271594 6.68 7.62639728116664 7.62770168091182 8.28040588132101
-9999 -9999 -9999 -9999 -9999 -9999 -9999 -9999 -9999 -9999 -9999 1.8834040769471 2.23118084319674 2.739013850528 2.51 2.51 4.07686392526307 4.235 4.07983721890781 4.81323573559532 4.67946172382407 4.78414790657242 5.38341506974751 4.13281717696735 6.06906089499156 8.88640301375643 6.69 7.93770850291089 6.37199868029028 5.4658673821196 4.57 5.99402294736735 6.61270159366232 9.5 6.18 7.99350439237747 10.2199773492261 10.7669580110193 4.27 4.31 4.77992694369199 5.57480872922044 5.61005904361336 5.55396705597067 5.80692366151645 6.03939673880168 6.46868039809675 7.20807932044133 8.00202953097509 9.06694481685478 10.2758960513682 10.5249280414792 10.4094994595072 11.0580068070354 10.9756482645686 10.1649381623482 6.68 7.69792357494117 9.21199469188713 9.68993324029753
-9999 -9999 -9999 -9999 -9999 -9999 -9999 0.952464252980325 1.03506719696868 -9999 -9999 -9999 -9999 2.78478783095984 3.07802349179087 3.44073794188722 3.91126992663734 4.206809656522 4.29946479308887 3.39 4.47097257735435 4.80240300683751 5.39792375353589 5.54658413106566 3.98 6.42052007667125 6.9496035982876 3.73 7.27 6.24984619904361 6.9404121484624 6.4698430314493 6.82338930664385 5.39 7.23541755439994 7.18378776110738 6.97389084630449 5.16 7.10452324189464 6.72911846492144 5.55 5.09 6.1660014555021 6.10507361284189 5.99980487855316 6.37399787850919 6.84092214485748 7.47943827806927 8.16008014899092 8.76460602879543 9.53289880812013 10.0699955607619 10.2802268495451 10.6804736669716 11.0878538051258 10.9411628891429 10.9569494295857 10.449581577674 10.5594569197 10.4090869196937
-9999 -9999 -9999 -9999 -9999 -9999 -9999 -9999 -9999 -9999 -9999 -9999 -9999 -9999 -9999 -9999 3.90870769214626 4.11511935142957 4.24368926820567 4.28686650409437 4.13281717696735 4.40601292341231 5.26011250525743 5.63370295043469 5.80620093435632 6.04722850180184 6.18832813071007 8.54993570258726 6.4230882404546 5.5 9.67981905172204 6.92826528783898 5.4004213674668 7.4846810404171 10.5 10.9 9.54707688459383 7.13 7.75028195780835 7.57303444741045 7.34936277820005 7.13472221071123 7.23097692361988 7.15240052532314 7.00309813671949 5.27 5.1 7.64405342561735 8.25378015623104 8.68936840210835 9.3483689634505 11.9 10.1019060100871 10.0447936951178 10.3148108889757 10.4231596050657 10.4498933517086 10.9756725649738 11.9886581562137 11.8521468749533
-9999 -9999 -9999 -9999 -9999 -9999 -9999 -9999 -9999 -9999 -9999 -9999 -9999 -9999 -9999 3.68172580096643 3.8718254812392 4.03678775856761 4.17350576400489 4.26941083400357 4.34413621536545 4.05640858848368 3.90522458841545 4.97774190555649 5.16674514404833 3.61 4.32 6.05417006675846 6.04634348824143 6.38303237382689 5.3 6.98697468612737 7.37701647986624 5.1 6.19982207483642 7.74167801170006 8.47009926764171 8.48146911946396 8.32135987843456 9.06 8.2847122120704 6.49 7.08992682523588 7.58679024387778 7.62837277721752 7.41112290699335 5.24 7.80744230660394 9.27 10.9599027426885 8.28498233417204 9.47064903069273 9.73895135253029 10.1649381623482 10.3365961969973 10.3878550565755 10.3264233071002 11.0539230178498 11.7942478180929 12.4344526123227
-9999 -9999 -9999 -9999 -9999 -9999 -9999 -9999 -9999 -9999 -9999 -9999 -9999 -9999 -9999 -9999 3.87932702819116 3.99055136178096 4.10275154121663 4.19625433019259 4.26623001535155 4.26052158956863 3.78288302428894 3.92632467631853 4.9502114174206 4.61180921778387 5.09651916757231 5.55592673924962 5.77124051856775 6.31087824653931 6.660174631592 5.89 10.1514767117831 7.46404443240328 9.98 6.34495705119206 10.5 8.07669252680087 11.5511181263831 7.25 8.70684112467421 8.89 7.12 8.22875985634244 8.23188673968788 8.01695935886019 6.56568972293252 9.77332181934018 8.22250276249277 9.43634734796697 7.96642899543982 8.34490957494228 9.59181652141585 11 11.9 12.6 9.05 10.7809839764045 11.2244122265237 12.3288911884826
-9999 -9999 -9999 -9999 -9999 -9999 -9999 -9999 -9999 -9999 -9999 -9999 -9999 -9999 -9999 3.8895155852973 3.93758489743611 4.00430092888993 4.07899612896228 4.14860879695002 4.19732550107617 4.16271947627321 3.61 3.92212154186035 3.9234780924797 4.57802101863039 4.94958343508916 5.0660829949656 3.8 7.48106171357741 7.55026084074357 7.12372100047976 10.4897266581612 8.4928169763471 7.31065324833624 9.032254562865 11.3305880128224 7.96 11.4 9.26351961377563 9.31932823870416 11.7002131302374 14.6 9.1185107017874 7.93 8.65188316115713 8.275372953359 7.88 9.26308105692917 7.92494093503294 6.22 9.57663227754946 9.36 9.26 11.7243941673531 5.8200707394637 9.96917972906667 10.7988059815651 11.7331757358614 12.0499842459435
-9999 -9999 -9999 -9999 -9999 -9999 -9999 -9999 -9999 -9999 3.77267936987823 3.80541019640148 3.81955683781496 -9999 -9999 3.94427913367027 3.97886767885292 4.02535399049443 4.06879688923273 4.1101730997436 4.14638205142713 4.13141045584729 4.07011515662644 3.61 3.94174850606796 3.8803915431768 4.54891028509107 5.08258269080966 3.81 5 3.96 7.31153041063438 8.05210213736686 8.44385218858263 9.95401771737883 12.9 6.01 9.34780612572274 9.71618000188121 8.7 7.58024740579508 9.58851169911873 9.59803835290323 9.77906274940452 9.61009770694277 9.51003669444608 10.7556957211216 8.36 7.88 9.64495588877124 9.97492302619313 9.47855651261142 9.76716343176836 10.1 9.4 10.3227987486577 10.4493582486345 11.0497363214941 11.7983513368783 12.1871323592361
-9999 -9999 -9999 -9999 -9999 -9999 -9999 -9999 -9999 3.8101257435393 3.80984835841355 3.81274539475916 -9999 -9999 -9999 3.96221613262352 3.99275569991424 4.02711170877572 4.05257334992612 4.07467796472821 4.09680068741174 4.08747496637836 4.07273245341748 4.14168562502436 4.28074968482722 3.80532748583003 4.8075615672623 5.52018495105948 6.00542431199215 6.79357117003668 7.42847793277844 5.29 8.46764590274233 8.67189727939445 9.13385714348012 7.36 6.14 14.8 10.0643438085004 9.93697808562403 9.99323788867941 10.1 10.0278239090957 6.99 10.4537180923556 8.73 13.2 10.2037157440285 7.81521978165802 9.7193161848429 8.76 9.38 10.1243565653322 10.491434104397 10.6515021436249 10.4 10.9517060621706 11.3203937343087 11.8012278358163 12.7408201212458
3.81013144327595 3.81013353318399 3.81013895567634 -9999 -9999 3.8101257435393 3.81011166307607 3.81005129366568 3.81022947381886 3.81030761398788 3.81051705343487 3.81615988504249 -9999 -9999 3.93823205212727 3.96716311559099 3.99710875205466 4.02479427224868 4.04331517711453 4.05656592962118 4.07154433033867 4.0730793255158 4.08639086430601 4.20238473810914 4.3555585031146 3.81 4.17033231304848 5.59252087396651 6.55308756543313 7.55532961626565 10.1 13.1 9.26897804110827 9.1858217995999 9.68988134311281 9.78982571960019 8.98 10.1452902070812 10.2063740394824 10.272860297273 10.9473032604681 10.7464238816512 10.7928519249573 11.8846260361697 11.3291054483024 11.6184578664089 14.8669852009874 11.4954888884011 11.0230426309968 9.25 10.5544872982501 10.7900856781781 10.9 11.4448165393698 10.1 11.1514766769559 10.6995505381202 11.4372595448397 9.28 13.3
-9999 3.8101257435393 3.81012502879498 3.81012170195558 3.81012196884769 3.81012402605017 3.81012411201175 3.81020040272419 3.81038944823125 3.81062366241502 3.81276659868588 -9999 -9999 3.90168305047771 -9999 3.97210437035495 3.99707830609226 4.0190439714963 4.03537727025191 4.04764570239759 4.06254249256752 4.06995413677387 4.09255784863158 4.22735754570942 4.45258976206607 4.79188033955 3.81 6.35902716377676 6.92795023391806 8.26649543299635 8.4571624699902 4.46 13 10.0632278049053 10.0601263200779 10.6180612454815 10.405187917462 10.7041908106628 9.95 9.53 10.98469023439 10.7 11.1592546049337 10.7 12.2543905027872 13.6954582919298 12.605540337445 12.7218784409312 16.6 12.1566757774476 12.1378065844117 11.2 12.2428264596111 17.1 12.2520278351998 10.4499638016404 15.8 10.0854215961761 12.452791957715 13.1
3.81012484795611 -9999 -9999 -9999 3.81012999724134 3.81014244815646 3.8101914618731 3.81030375175825 3.81051207958966 3.81184000178937 -9999 -9999 -9999 -9999 -9999 -9999 -9999 -9999 -9999 -9999 4.07339571071068 4.09018368347529 4.12231988715696 4.2760830844265 4.56712072614604 5.08826720398661 6.10390438109977 10.1 8.842948449485 9.41808363115334 9.26584661354771 8.12559293060512 11.345096051678 10.3169227875695 10.5774351267324 11.3084216559678 11.2505458329984 13.3 14 11.7915475646345 11.7896041620972 11.6682630669005 11.7886604936194 12.7 11.1498074961915 12.9 14.3 13.3998121014043 13.5997317455227 13.1378880806913 13.9 13.1458454796941 12.2 13.5386116192177 13.2487778131441 12.6813965262278 12.6810624992163 12.2828836687841 12.9739258537253 16.6
3.81012492650347 3.81012537648063 3.81012695538438 3.81013176020345 3.81014438035333 3.81018280868408 3.810251414152 3.81040202444927 3.81060461489576 3.81182734139836 -9999 -9999 -9999 -9999 -9999 -9999 -9999 -9999 -9999 -9999 4.09661188665625 4.12792941393662 4.19071470540348 4.36753289667621 4.68751279152044 5.28610970647504 6.22440325910929 7.34908770530139 7.58702879571866 9.92182493277862 9.86242421568051 10.2185119070325 11.4 11.0527071969388 12.6999108543584 12.0793012512649 11.9034260446469 12.0629292854511 12.1049660573185 12.1456275005403 12.2414838228507 14.4 12.6 12.6819614994695 13.1943984243413 13.6320919308622 14.1395316945952 15.4498649082314 10.6 11.2 13.7902467673213 13.9962642295915 14.4 15.4 13.7485588157341 13.3085442041273 12.9540432388596 12.4970279452552 12.849462821212 13.6523092781149
