All-in-one-application-example/output_without_currents/BIMAC_interpolation_sd.asc
NCOLS 128 
NROWS 124 
XLLCORNER -63.5 
YLLCORNER -0.5 
CELLSIZE 0.5 
NODATA_value -9999 
[rows 88 to 109 of 124, columns 0 to 48 of 128]
4.88588806958839 4.76628424445787 4.50459916967564 4.82150356513539 4.79917214518648 4.90696438164471 4.54766938643323 4.62640961339285 4.4096294957398 4.81700416802691 4.71934094596458 5.04055382591941 4.7696081904848 4.57685086936009 4.63940331727212 4.92115592846578 5.11063435725316 4.66237373755517 4.93701949097207 4.66833238551868 4.56779597360352 4.27950688261801 4.58883038264849 4.68548443734956 4.19340770111474 3.5966306448694 3.57432715350619 4.1076029192825 4.58058763972357 5.10970875996348 4.83496040534737 4.492995407568 4.2752633862892 4.47447062497868 4.36027756060827 4.06700999039453 4.13918900495215 4.31795391819261 4.79927272284837 4.77385726552174 4.86963662095262 4.2829049837969 4.77197138935652 5.01770457109515 4.80489168736339 4.27900237964204 3.7252759706918 4.54163971236518 4.92305650409158
5.20014553000138 4.92127411715963 -9999 5.21102704548399 4.96476806174382 5.33239297504444 5.19457233274366 4.99145048495805 4.89436711021744 5.20585462576396 4.83968821097425 4.4909338123288 4.52562456819923 4.51775487402941 4.53711697883462 4.84937388623776 5.01769831472503 5.2765202792807 5.46678226899872 5.0150261681583 4.14178805803983 3.84609339010675 4.09506263537822 4.38259547283542 4.14924962292289 4.00090008306821 3.69573431098239 3.96104090141944 4.28876563941856 4.9238766124252 4.90429574358794 4.53214199143987 4.20737658698134 4.45693087607714 4.63549618400957 4.42064670702158 4.17684438401428 4.2508057901962 4.79291053365652 5.01729163632988 5.21544806975347 5.27362655575296 4.89603506942557 5.32558722120235 5.29979274966432 4.73661349210643 4.49333978309647 4.67507657501016 4.99815379723292
4.76958763670348 4.77318242892287 4.73488242451217 5.10766480371419 5.32280225403835 5.40478755032624 5.1485395402494 5.16502439178739 5.14485333281087 5.57904245104147 4.91898397946831 4.50403675103133 4.49315138916858 4.69161834050458 4.67053829459962 4.47428513057344 4.87722931613237 5.24136021717552 5.67668895624806 5.063081752785 4.17426194990242 3.74770592436168 3.93073480417024 4.33863572550296 4.37693293569761 4.83399128199967 4.64929573560146 4.38181443833081 4.46308108026644 4.89629012592941 4.935044394024 4.77297345977084 4.5845124072266 4.73752648268409 4.68741810644513 4.58038451735261 4.32463047150759 4.6016650191062 4.48362336385877 4.93535855324603 5.57204978965431 5.55063406982391 5.57941309003132 5.26829205113212 5.47614997733718 5.07218138374784 4.82821045640666 4.90761556545908 4.94814250198277
4.81054702021862 4.98014903385221 5.277648410372 5.288999365218 5.28146431440224 4.53824651463152 4.41863814179465 4.42620050900925 5.10417824015494 5.0253693467203 4.94291962467015 4.69423346895767 4.66373967952552 4.93492969777966 4.65539158629678 4.42101470872879 4.20630044771309 4.47767118018747 5.19748555700095 5.04016077542254 4.60290055801395 4.37964252188077 4.47859864710409 4.2310097656636 4.20839582462389 4.54517005400051 4.77204287432864 4.68621445598514 4.46181046756781 4.58841381876381 4.54177898373498 4.74721917680913 4.71391760428858 4.7401092279509 4.61202648311673 4.44839554959567 4.62722641096778 4.09787510936586 4.23387041763274 4.22512670396946 4.99556369644426 5.37408957892791 5.17893098976031 5.31825877707676 5.19121790752699 4.78847495182316 4.72502063860071 4.55482457190017 4.73983396695637
4.69755437997586 5.06210857707251 5.69582991517634 5.77792247521829 5.11169339900036 4.57412834192617 4.04651766969129 4.24979200548595 4.61770355510959 4.98441068611091 5.11641905302333 5.13263424623129 5.10780045919702 4.94424062873677 4.82399507252823 4.75733128327542 4.57361545147015 4.58630376652304 4.83689689783787 5.06325519918977 4.73599542297764 4.9233938032407 4.62977433417814 4.50994879861841 4.38243374539845 4.68732569951149 4.68435570587519 4.81000915622528 4.68039553648402 4.35794064476103 4.20839537371057 4.45445206501878 4.32532263613912 4.44395318367074 4.57294092711572 4.77432782672093 4.32155918273932 4.55173300897733 4.50124567741861 4.71985449595942 4.49120709956573 4.61043648637254 4.77279419726697 4.24366475812844 4.4641992935341 4.08553455459014 4.18059307706487 4.43925649347593 4.84868055080539
4.46615688866925 5.08026713109834 5.95628896563985 5.72464934704549 5.38626815977364 4.72619560149198 4.75417287342684 4.22056525518746 4.49055219011698 4.97997596013236 5.36441712937987 5.73981151034199 5.31749398320561 5.11892480438717 5.07685020497619 4.93643204921879 4.79004517360392 4.54824686376012 4.42071185786462 4.24490841152059 4.62518397925955 4.53370514087256 4.41491623262621 4.34476625225771 4.77961535996993 4.90862983864792 4.64986538024977 4.63390549771577 4.56781432075627 4.31210542495355 3.86900614393465 4.22468527361353 4.29703493500919 4.50168191486528 4.86738168437266 4.72669656348268 4.72472759094595 4.65956197646635 4.64240680473173 4.10719870864342 3.78364795435581 4.22446883305615 4.66896498409323 4.03419290992715 3.79012062807267 3.63693536919113 4.93508570978067 4.87674545628509 5.39444973126814
4.43895171360262 5.07237081460952 5.7411620662967 5.61848581586125 5.22922569502998 5.04099729401137 5.04372593392308 4.71146758383317 4.74462975272031 4.90223239807002 5.48568946465117 5.74660262197346 5.38590411024594 4.87891063347054 4.7090268003672 4.84365241166096 4.64816927849241 4.63104131750416 4.44941244236012 4.33274170693621 4.3100858263475 4.23091017469315 3.87232614244159 4.12925237771801 4.70746560915349 5.45962899541057 5.31618164523668 5.01292438316705 4.61170860944776 4.25901952162137 4.02383953563945 4.16726212851338 4.49740015071344 4.6459868528391 4.40421982141521 4.46612538866692 4.56001681149449 4.65830026870789 4.19256945707468 3.83605681296114 4.0616647268508 4.82439728091621 5.01271480904238 4.5597324376691 4.02677084555504 4.52656797905448 5.40495210940605 5.615424127195 5.53942616004695
4.90940205642225 5.12418413191433 5.6606592140854 5.97936424250675 5.59325300313992 5.05367641336268 5.14879455292891 5.28817351444456 5.2688155371009 5.16761613682503 5.10032324246156 5.112755405974 5.12180528023991 4.88991656482035 4.77823407186694 4.44416531348675 4.4784219918738 4.44147303753344 4.60907775058717 4.358092992118 4.29261630202783 4.35838030912191 4.30752254828495 4.09398689781784 4.4916266237551 4.87400250512945 5.51052090964642 5.27444681143677 4.52440516268424 4.29190453986621 4.0899473413673 4.60383000823091 4.58898011681679 4.72797028948918 4.40050419766429 4.36157408509037 4.09963420269022 4.34641991586512 4.16163729474566 4.28160041814716 4.23860223837461 5.01779666025856 5.55017413454766 5.32119939049831 5.69696540862107 5.49576343143262 6.11990851066935 5.7386467801322 5.308234480851
5.05398642652294 4.93781700586121 5.2789765854672 5.52829420028512 5.94255081487952 5.34606404599319 5.27568704575165 5.53826688569903 5.62263178292454 5.31980548389596 5.08372004446259 4.72210279941314 4.58128362624098 4.89165187008486 4.98768582309479 4.48035223511216 4.35177287466741 4.72645587287562 4.6807038430159 4.28830267409454 4.46309648104634 4.81686915021869 5.12948813635038 5.03071681483021 4.4438884673174 5.04017053808963 5.40058017789081 5.65665254138563 4.74018210481857 4.22884868686546 4.1237556641868 4.30274634515717 4.3445133889672 4.46294310164902 4.72768294694323 4.30011635539879 3.89463045887659 4.41253041657486 4.92288601732681 5.00209663281325 4.66312373386267 4.76593952670991 5.04398392769721 5.61852705533686 5.92976255796114 5.81356254127905 5.84563923709313 5.36506918753686 4.92299328051428
4.94399030116173 4.89823500305278 4.9053148111647 5.44251677565102 5.82574522241217 5.84281764155714 5.48495587725116 5.27452130499358 5.50966782173334 5.3816575930157 5.196724055806 4.9849354745816 4.79591068202984 4.94388031872953 5.03923875134354 4.36730611421454 4.6005749463426 4.79175912604361 4.81692850528113 4.56141087599182 4.70421608394227 5.2469983475436 5.50243936215967 4.96271232885814 4.65567124194572 4.6978199886236 5.35586812023578 5.07673971746933 4.59446613608926 4.36130003169262 4.15075499624063 4.16289569572029 4.06526915365896 4.50804838012236 4.52343570460428 4.69019114288277 4.56390359802508 4.96015799384077 5.33703750015687 5.2270496403664 4.54425814534624 4.68883349506835 4.789810609301 5.12245080633295 5.21286734352416 5.53071075032788 5.74137272535598 5.48959377683224 5.08797318943871
4.48029201829677 4.75824157430716 5.02259754028241 5.09875540422641 5.58500179962883 5.74855693178852 5.46818168476224 5.14488423084752 5.06717217658143 5.050262537078 4.96707123223596 4.98231313013133 5.1801241008653 5.00323967154771 4.6039012447883 4.34388970595635 4.71541912782061 5.23513273318799 4.74224762732126 4.52285075764136 4.98123375004095 5.09159105162601 5.08110925241647 4.77852961399712 4.55264816062556 4.86079833060413 5.14617910479198 4.93143446808038 4.37353383358926 4.50540651849107 4.53434312541061 4.52092685779513 4.20417317868881 4.3176311065534 4.3196182666084 4.57184296443107 4.8184861119753 5.37846634748551 5.44002692786308 5.32681065100993 5.0598041347604 4.78933029935789 4.74566120834406 4.84882070658412 4.75598509306968 4.94557226065987 5.24241036898519 5.2956515343856 4.90240101461486
4.42868979435979 5.02600708352476 5.32222043428577 5.47084683686038 5.40364027335492 5.66557916457676 5.50662771775448 5.39032751927842 5.02799372952768 5.07574024421728 4.84290341745325 5.12455668662453 5.25233963721248 5.30180296380711 4.77362816870302 4.42475245119633 5.00590835130563 4.97961451292282 4.47787873228644 4.46501130731864 4.62782404279262 4.99237291263373 5.06667082081897 4.7753669642585 4.53795696082272 4.55507885727583 4.96764067959542 4.53521863974058 4.56820769651573 4.67192657154757 4.95635527370166 4.90044192922185 4.94001032149452 4.7889720190017 4.85820875462811 4.52002289068676 4.85985006450113 5.03310778890424 5.31221105819711 5.56574787422171 5.16707738318217 4.72927486139597 4.86409220835073 4.93129125634898 5.21226552414784 5.17978012206637 5.15772035257872 5.01444026377314 5.1872058333487
4.61661068466913 5.02270161736152 5.33506324237866 5.45887031087202 5.26657743763934 -9999 5.294947347003 5.35398483070742 5.37313236283836 5.14483517019578 5.26792103222737 5.28382104998519 5.26846110360254 5.17302122435193 5.05451308276815 4.77283463826595 4.64180282067197 4.4517175410677 3.97226397611383 4.04698814228521 4.45326791671779 4.86781600380628 4.96845218325548 4.74709752980147 4.5361806773091 4.80255061083534 4.92916390158997 4.94121708841152 4.41284962347793 4.96160546896388 5.02055064859027 5.01162029097977 4.74315773813799 5.16497412577851 4.80065564598652 4.58531673036308 4.29735084642921 4.30150867137371 4.71272855211747 5.00350579856609 4.95490098985668 4.61431855819207 4.34936284847001 4.8430674062439 5.07795204788868 5.11671725415235 4.76320451941302 4.56321785693957 4.42485510186373
4.75586608540823 -9999 5.36709077047419 5.42063082056387 -9999 5.0474983212874 5.03255684515804 5.50740550902709 5.52104942376361 5.65147692416335 5.29687799134472 5.25442972860084 5.06746030204416 4.7856924228447 4.78269819203874 4.80053871471923 4.46015296486317 4.01672406688529 3.73963207822433 4.21758902355399 4.52973922359057 4.93864483355623 4.80057008823934 4.66284135565281 4.84953422499366 5.10536172781377 5.46970312950956 4.99032203351872 4.5987922191033 4.73681307382527 4.80732954136222 4.6560571769706 4.47005552179004 4.41040187268195 4.79909481422652 4.64072739064855 4.44369564429494 4.25748749578023 4.3098881943825 4.36886216822326 4.67711194556869 4.39307824004479 4.44099541606975 4.47103488699729 4.81752078147433 4.95380826353115 4.67172424466279 4.37096669853698 4.41104977284677
-9999 -9999 5.46964401439364 5.21727218418653 -9999 5.20510767252861 5.39727843613606 5.64134486734861 5.62572833787274 5.40353146585197 5.11150898242398 4.83289513368546 4.70529360016645 4.67293414503053 4.56491317797253 4.50057498788218 4.56919534468612 4.29098739490695 4.34469251236569 4.53081469854311 5.10341386276831 4.90163624721988 4.78432743556796 4.93215724188991 4.92053342285093 5.37646269444043 5.00338437288027 4.90321852271284 4.69022517459114 4.72172394448273 4.56313808844169 4.45311347187932 4.13223774058337 4.2798872792932 4.36589741398673 4.58514893530161 4.64372512539967 4.35183553052738 4.13493097311835 4.34686838983256 4.32677578731464 4.47125569904967 4.48094599834483 4.30815094881274 4.59485688436917 4.48980786021066 4.51920877687568 4.54299193912665 4.96097023534047
-9999 -9999 -9999 -9999 4.62929605604168 5.05398827398788 5.55001983014083 5.52143314784106 5.2329139028002 5.14871354604972 4.64918690692254 4.30933705084291 4.35426061443505 4.62136977542017 4.71335436477051 4.48466430336986 4.58007732449096 4.64818924167073 4.63277833806388 4.95292786330617 4.87847121182654 4.9055361044255 4.90939889532376 5.14008228984918 5.64029422223763 5.11156623179518 4.73018200100845 4.86963907912876 4.76635448624137 4.97409035979016 4.41833812952218 4.26967054849228 4.41739842733319 4.51056634278909 4.58912416940954 4.59216002487226 4.75968693524193 4.43888925323922 4.34216624701059 4.45778865059006 4.55699905554197 4.53772129167675 4.58525926468565 4.61830130016188 4.4449538550588 4.31259213803699 4.47383854304229 5.05667649786706 4.96778505552252
-9999 -9999 -9999 -9999 -9999 4.77530166503682 4.90927254482491 5.26272554003196 4.9731939257038 4.98827826756925 4.88841096574596 4.90973429186019 4.95139352851178 4.98889085467379 4.91461672115458 4.73603458343401 4.34690566456285 4.7129311760886 4.98989477339556 4.93076826851477 4.74731423196245 4.5063338775056 4.57414410064442 5.07147194829965 5.18090855535233 5.09078587969582 4.64048493627952 4.85996715213385 5.1320058210473 4.985538995688 4.67568626257199 4.51884571714879 4.48879511981805 4.61193124509264 4.41402863364286 4.55012328827922 4.72333358848729 4.68305437368857 4.59265417895634 4.75026404073836 4.79796407415091 4.47274693995055 4.70697342606151 5.07777547998425 4.76025639216017 4.44686350387615 4.49645255285579 4.80498928341846 4.81246343115693
-9999 -9999 -9999 -9999 -9999 -9999 4.32873783507143 4.86182365961996 5.03583717840769 4.94706270158045 5.00277886511956 5.25048393049744 5.43978610778096 5.53432547673888 5.18253253060684 4.71037442944041 4.61871657935128 4.99156336983354 4.97270070291808 5.01786935624376 4.68482953169998 4.31905946354873 4.39523141631152 4.5597657454251 5.26349355896145 5.36984053853348 5.4956202049603 5.29860018134206 4.98783906975666 5.13412474398175 4.70006115031356 4.6672302698982 4.86811503311524 4.63821389509088 4.43706531162926 4.3303756776235 4.98219199209734 5.15269934322353 5.20750989374758 5.4074785229905 4.67511694005389 4.34664485058457 4.44402147016989 4.98054555248293 4.92569596974859 4.66553080765624 4.64347232039782 4.62073561810627 4.49546823585233
-9999 -9999 -9999 -9999 -9999 -9999 -9999 -9999 5.04947643910492 5.48820531666849 5.45047715167942 5.63466640030659 5.68142625076373 5.84658220925972 5.29482304466437 4.91199386320609 5.05630305601392 5.41632228785924 5.40152736884523 5.27061643339491 4.68155013952187 4.4593107426779 4.42236677852476 4.7980454162595 5.04798437691017 5.7335986239445 5.27839020800306 5.02580761548741 5.00850268933228 5.06108158359793 4.8884271906399 4.92447764786355 4.81732989576323 4.95177673335546 4.57012940126844 4.82214257749996 5.06185106686399 5.46063002748837 5.423217168969 5.11645961836536 4.54927571127625 4.01999583136281 4.11041447395017 4.46781807137269 4.50747567636491 4.67506784212181 4.40882124342935 4.54066983014057 4.19946648961893
-9999 -9999 -9999 -9999 -9999 -9999 -9999 -9999 -9999 5.25955044642516 5.46689628667335 5.38148227868147 5.38766859614116 5.44024628244703 5.13497746424647 5.18974619380097 4.93188665554414 5.49836861627448 5.43354215676471 5.20455912088708 4.44203079607484 4.52425111051373 4.64529908941377 5.03510262751349 5.30311171859187 5.1915085827549 4.77438144142334 4.37011042503144 4.36618311579093 4.91643053679908 5.2223654309766 4.99716227910937 5.31455086848237 5.14453108853712 5.20943287202648 4.92639470076054 5.08783175983978 5.02974338870843 4.89402125869416 5.03190583876756 4.4844646620691 4.19575629518154 3.69320527163428 3.72414573775185 3.86711990977807 4.14501050919129 4.43390588208159 4.25657860469282 4.47472661693477
-9999 -9999 -9999 -9999 -9999 -9999 -9999 -9999 -9999 -9999 4.90641959629474 5.18870109205257 5.0948803228013 5.18695234476916 5.21103650277749 5.14090695725796 5.2495500833076 5.34175710150394 5.24560023329583 4.86170015284921 4.68952898463165 4.51083578807301 4.73538740061997 4.88237242455695 4.94653019246144 4.79042071222156 4.48609126193599 4.36339866426716 4.428508146329 4.71854303584298 5.01955762722362 5.19220921337442 5.09838356104857 5.56183198994512 5.11586878195128 4.75723151762151 4.48912410651642 4.58584999203764 4.54229058873443 4.75989390009759 5.0140514013482 4.82654027947789 4.2947786107343 4.07538298930885 3.8420845042052 4.29066368269284 4.19053669380907 4.27063348413663 4.13663252346528
-9999 -9999 -9999 -9999 -9999 -9999 -9999 -9999 -9999 -9999 -9999 4.55834321060467 4.85225830932699 5.01347856303025 5.01001912523268 5.0315636586049 5.08339762815562 5.09646619641536 4.8973897861535 4.63220992882308 4.45719439080566 4.76607693772923 4.40365372343102 4.6222808298191 4.69423283235428 4.79250723074875 4.6034318248376 4.65290503851764 4.38686879784363 4.46339595559856 4.81084443606584 4.76731670951145 5.65020610468531 5.68441851986578 5.45376803418037 4.63884738015024 4.36769488665856 4.60186995855407 4.66293634644444 5.16581064071521 5.04364679210826 5.17123706315814 4.68869052826915 4.16927732526737 4.01799815368383 3.93981885846781 4.19696484771577 3.90024087868573 4.14805662869381
