All-in-one-application-example/output_without_currents/BIMAC_IDW_prior.asc
NCOLS 128 
NROWS 124 
XLLCORNER -63.5 
YLLCORNER -0.5 
CELLSIZE 0.5 
NODATA_value -9999 
[rows 26 to 51 of 124, columns 0 to 59 of 128]
3.81012594838522 3.8101273973348 3.81013123242551 3.81014060706194 3.81016201543167 3.81022248533592 3.81030625828621 3.81045082834273 3.81064850465342 -9999 -9999 -9999 -9999 -9999 -9999 -9999 -9999 -9999 -9999 -9999 4.16012941926609 4.195824796857 4.2792408944688 4.46757811872592 4.7803994592016 5.35538151291089 6.16068287324178 7.09583718721369 8.12559293060512 8.87018195846783 9.64353585822352 10.2328508292851 10.5551344343981 10.8011515012897 11.9101256394402 12.5890784693519 12.6771819498916 12.2061715577434 12.3804759321374 12.1613043489263 12.262034199552 12.0356026828755 11.9364392244739 12.6571987806401 12.2500543930564 13.6720403794098 18.7 13.4 12.2 14.2497381108826 14.0739707531518 17.2 14.493546236333 14.3936970517356 14.7 13.6006112207082 13.0971258305004 12.6021007063957 12.7815587139135 13.0736626231615
3.81012808566415 3.8101309630163 3.810137754644 3.81015267179445 3.81018215388998 3.81024507913407 3.81032566518042 3.81042260880103 -9999 -9999 -9999 -9999 -9999 -9999 -9999 -9999 -9999 -9999 -9999 -9999 -9999 4.30631593834961 4.39796840719583 4.56756764547946 4.83084709361598 5.3081034389476 5.9387657677715 6.62964345847367 7.5477573319974 9.76279646530256 10.2906647913906 10.8554346323614 11.004706186628 11.1686960358856 13.0127020103819 13.6562423553468 14.4291940065213 14.0444058217829 14.0635755168014 12.942140961806 12.0494104095196 11.8395670539094 11.2 12.5350145015702 13.3269780920509 13.7753003909682 14.5525574874902 14.9 14.2 18 12.6 14.1832244779828 13.5012397283175 16.4 12.5 13.4645379237256 12.6 12.4425243791228 11.3 12.7245739310333
3.81013183704837 3.81013640993532 3.81014632345016 3.81016541339483 3.81019561946396 3.81025274428002 3.81030985099882 3.82594414117764 3.88724774879621 4.00216993541771 4.20742213568283 4.48881012136798 4.79541031587518 5.03796856833589 5.17743114911641 5.22557653645865 -9999 5.04912360228167 4.92537444672539 -9999 -9999 4.47532132165324 4.53772923124502 4.64379587704577 4.83933466187281 5.17871641185669 5.56455860055585 5.91086012062969 6.27730320859948 7.33691276239246 9.73039736937751 9.73039736937751 10.602834053909 12.3546760535612 12.7474671667044 15.5008722670697 15.700742919982 15.5286101868878 15.5164093378445 14.2873559047653 12.0727300834038 11.9200283200258 11.2929473583652 12.1185327072538 13.0197010434323 14.0624661181004 16.4 14.3676676205978 14.2883797226473 14.2409082819697 15 14.1704165973568 15.3 14.2842099233635 14.1263538018276 13.3901170856255 12.8068650599076 12.3089025168476 11.4 12.3741032797559
3.81013683288702 3.81014277641723 3.81015452060785 3.81032424262069 3.85457104490646 -9999 4.04874254047157 4.19771660294396 4.42524242973176 4.69434044288925 4.98320623855708 5.26046472537026 5.46273277663931 5.52864099932304 5.4928360248394 5.45417643341762 5.42485947602317 5.34569454746409 5.29808246739753 5.29322345309833 -9999 4.99229552863316 4.91638606932245 4.83306554988361 4.83410138654074 4.94008079998414 4.95856997916186 4.7455989979692 0.615884426998089 5.2777341337853 5.94950540954017 6.5059118404807 7.57705691308764 10.2146857055864 12.4552021242653 14.2898566217508 16.4214781741248 15.876259040451 15.5141663030888 14.9232787242442 12.9190419385095 11.4487339786107 10.3834572741215 7.43 12.5471985443109 13.6849992246076 14.3243665442587 14.462858742757 14.1781967764943 13.4 11 13.8562117675008 14.0780112374236 13.9163557705519 13.8127008549475 13.3397445032876 12.9233154226008 12.6 11.9 13.5837914290797
-9999 -9999 4.44607630778112 4.49392487365345 -9999 -9999 -9999 5.27121522457422 5.53086173425222 5.82634091933962 6.04345730480801 6.18713010119531 6.20816621400691 6.03289206551012 5.04 5.04 5.04 5.04 5.04 5.74535841370583 5.8981163147865 5.8076806039413 5.61277175579791 5.30819687968396 5.03714233442882 4.81341849712367 4.32068303673292 0.615884426998089 3.77847378610642 5.87430725343692 6.28762818101294 6.68587698325731 8.1213545374255 9.38023945823534 12.0765815193497 13.8519650616053 17.3 16.6551259882614 14.9 15.8114119921492 13.2846080416759 11.6780400968418 10.8379310986952 11.8572295003585 12.8615903502212 13.7356927829318 14.0161831174124 14.3535689366319 13.9930854399187 15.1 13.5828621994455 13.2 13.6084116405525 13.7 13.6528770877844 13.4026768817593 12.7541251207238 13.0884207649233 13.5572377421416 14.6270354700144
6.15119708033958 6.12575099833552 5.99657239437442 6.04522683026189 -9999 -9999 -9999 6.87586979263286 7.08071216393235 7.30067662401072 7.34099151474066 7.17081751796355 6.35 5.73790064373376 5.67571860025253 5.58261976670875 5.50739381574618 5.04 5.04 5.04 6.74881172631411 6.86734675871864 6.62305473628556 6.12710760603493 5.57930275349534 4.99718060340459 4.17991778383091 0.615884426998089 4.69480552883378 5.43756200087031 6.3917887060758 7.62706917624266 8.06079473875501 9.42943927885576 11.7052920615805 13 15.8084745661803 19.4 16.9867113232534 17.2775887088471 14.8113749288146 14.069142555226 13.3273922647478 13.6 14.058850379686 14.2329908453691 13.9841725214505 13.9864775566591 12.9 13.3 13.427383954685 13.418953251829 13.7 13.4683425901045 13.6 13.4036752765098 13.1296769992901 13.6564025365511 14.3765585602153 15.7036528145387
-9999 -9999 -9999 -9999 -9999 8.91239237819968 8.80938787784756 8.69798662623676 9.02644853796831 9.23031046461304 9.1052063990314 6.35 6.35 5.80738023329125 5.73150189895055 5.54752791160686 5.3821770762025 5.40906505116423 5.04 5.04 8.21486727934619 8.23235742934029 7.78384509728837 7.14699366577497 6.39410581176015 5.48255138671172 4.33918701801222 0.958376162307013 3.94721646249971 5.48707182239852 0.615884426998089 7.81 7.54705347232334 7.96 11.9923796883865 13.627558097574 15.2308504813624 16.3216776191197 16.5691475496046 16.7142253076811 15.9365008099743 14.3379997077673 14.2935146691274 14.164040624181 14.3419016485697 14.5064590687286 14.1 14.196499267876 13.6817051488845 13.4671951673581 13.2 12.8 13.3091796816817 13.4322612636615 13.5162427994654 13.5 13.4010971167107 13.8 14.8634110448687 16.6153194425423
-9999 11.7391287970733 12.7132320239105 12.5826977045104 11.4752140188979 10.6449485715662 10.1951344642026 10.1034525489207 12.6335415310842 12.6335415310842 14.979958167697 12.2611805103614 11.6051499675325 9.18976634893144 8.34699016053377 7.09626165336125 5.04 9.08764014804095 10.1908445686386 10.5875745505865 12.074177031659 9.6563447975352 7.25 8.11952867591954 7.3354447746075 6.144732931082 1.37 1.01395492376069 3.84147129731481 5.80121548664927 6.77076328101463 7.72 9.45248349660571 10.4598062486712 14.6 13.8382409044901 15.3216643299343 16.3189758817681 16.324351735393 16.1355180462 15.9247276846071 15.0990673361593 15.6613122751621 15.6313423551827 15.3268940546651 15.5 15.7 14.4419021229918 14.0706680710629 13.7075714866749 13.3967527858615 13.3398107463373 13.3203794192945 13.3931085462724 13.5229004620556 13.6183382616016 13.64 14.4740979520566 15.6156667103313 17.324007044303
12.1474437526468 13.1777455225337 20.3 20.3 12.152307588632 11.33 10.507692411368 9.37029036630627 10.1147429441588 14.0865830537734 14.1889627486758 12.8683914449909 12.5774900728224 10.7905727997097 6.35 10.5825630036316 10.9377838683352 11.6994738217299 12.954421834648 12.9203492824238 13.1063539156215 12.3542853026342 9.77641614316891 8.5 7.95 7.95 4.10872162956814 2.95126943309655 3.39328936049051 5.72998175491877 6.95862159761761 9.18395788655672 14.8 11.7457516817151 12.9289028544768 14.169645503107 15.3564007569545 19.1 16.1626339802893 17.6 15.8631283298227 15.1982379773996 15.3942266402924 18.9 15.4256864056078 15.0638003765749 15.0046682285302 14.2 14.1568519147435 13.8509364255484 13.3122674925743 13.1908156895004 13.307725154901 13.354151609332 13.4862726501255 13.6177047458848 13.6381654090462 14.9201813250476 15.9609385269141 17.8226738661863
10.2394767517745 12.9460273059072 13.9163282969487 12.8922396311966 12.1053286520844 11.6613583283336 11.2418279154012 10.8130924005173 9.95936140038702 12.043683530059 13.1371764123288 13.0833787932843 12.9776103124271 12.2982484144915 11.8936697553554 12.9471221772968 13.7111306537805 13.9722089093053 14.5671892340303 14.4781315283592 13.9507083233058 14.144431419068 13.6258265313683 12.5822048740714 11.911300032631 10.2150622296009 6.99773503423601 4.88473829112656 4.01338524709934 1.37 6.53143153328307 9.82709303001258 11.3762219366917 12.9941182936049 13.7409628222487 12.8 15.6297143872944 15.6084972547224 10.9 15.465213835922 15.6221790483139 15.0012348143166 12.2 15.3180212180165 15.2582630340106 15.126065713171 15.1831061906459 14.7600056598963 14.6032485486987 14.1966201706019 13.7542154629957 12.9947331922021 12.9869005667989 13.15 13.5 13.6362490369794 13.65 13.6637509630206 16.1128945141358 17.7898156398504
10.7356525515948 13.1731861544206 13.8066619390526 13.2063795142478 13.6453321523894 12.711264092954 11.3222062088389 11.2529116278299 10.7259583086068 11.6378954374314 12.6335415310842 13.2517269236161 17.8 13.6869758712994 13.8397935262372 11.6 14.8559968016975 11 17.5006209067444 12.4 7.25 14.2801080581235 13.5571902696828 13.1209553193468 12.3135627119104 11.0456638607599 9.7674788134881 7.79845306875495 5.13417043105966 6.42707668497093 9.20602069637001 11.5486190020348 14.4 14.1957416825955 14 14.9948869961464 18.4 15.8040413700484 15.4127266493635 15.6708911189353 15.6830200410057 15.7 15.5557028382192 15 15.4618239702308 15.5400090121151 15.4796423598015 15.217205615465 15.4621693162861 14.6467852479102 14.6261988664023 15.1896605555728 14.8141998780441 14.4729699569797 14.292259583412 14.2983109748451 14.5296307117906 15.144165757718 16.3242709154001 18.6
12.7751367746748 13.5071453924132 14.3604629255449 14.2245453761659 20.3 13.1163082659262 2.36 11.0952266864912 11.1814117545146 14.1 12.5804777409378 12.7 13.640231722951 12.1 15.7000216372196 10.1 15.9424355083796 16.7 19.1 17.8490310755403 15.2223711504856 10.3 13.5649348610294 13.3456972785775 12.5501386768656 7.95 9.76777112963685 8.32370253602006 2.85161352885793 8.2280047802553 10.5436085400369 12.5534301169457 13.6568891975221 14.5399860492384 15.8 15.4236182533645 15.6399383991437 15.8662433300702 16.008569924051 17 15.7979284865965 15.7329072261747 15.8 16.1299135668832 13.2 16.2342249094915 16.8537220546191 15 16.4577776317056 16.975987686107 18.1337278505261 16.998679350106 16.2871571170654 15.6241385905431 15.2175454056391 15.0433718032224 15.0995659871551 15.5044869367354 16.232876460039 17.1504531885669
12.8554537388642 9.73495990100602 10.8147144665691 11.8813478602069 16.5941157249692 14 3.74596324628027 13.1 11.8670861341364 11.222370071842 8.55 12.8306336738313 13.8364116911554 14.9654127790166 16.0426078839152 18.6007396211619 15.3 21.1475453072204 22 16.4968989038268 20.6001399305253 14.7036202672858 14.0710438660699 20.6 17.1934567218664 12.4612217078389 3.655 10.8 10.0765830920796 10.1046437810124 12.0580278545107 12.7203630827015 14.3327888607861 13.4 14.6916243905803 15.0788858773659 15.4387637475513 15.2324584187384 15.8638400204577 16.0922530075121 15.8967760108473 16.0842582997996 16.6492974092871 16.8962212287331 17.0421563100336 16.2 18.1413766035483 18.2777153373385 19.2365811866365 18.2540970937772 18.6422619105029 21.9 17.705858608128 16.7100836087343 16.1234825908269 15.8064394045426 15.6932475056735 15.855300742196 16.2601837889979 16.7947604839352
13.7431070919277 8.37 13.8 18.3325211790533 15.7 16.3 14.4933374809344 13.4780420524819 12.8266654476813 12.4588347082109 13.0331190849146 14.7528834041471 15.8054034618274 16.1790705689202 16.4 17.8478969816589 21.3 19.6 16.0735025836438 16.9026628250289 14.5 14.9998058879817 10.2 13.8180238338976 12.6 17.0460854839561 12.5 13.3576929086633 13.0790982438423 13.3876561766852 13.467764610686 11.7258676284883 15.9689719671353 14.9194761680499 15.3117895976801 15.8469113551503 16.7466098276378 17.3438752079578 17.2818457789754 16.4655721289032 16.9966064335683 16.6127141571021 16.5 20.5 18.7513037937147 19.1893224819997 17.7 19.7853410440566 20.6901369188364 20.4607000500445 20.1220548538777 21.9934502833994 18.7500110754023 17.5288464293558 16.8046944016896 16.4162981151119 16.2153340444164 16.2119782521417 16.3878911405585 16.6969395604106
14.7696496053855 15.9749052470385 21.2971979607136 16.5491897610209 21.8 16.3248652638148 16.064064546891 15.339775153903 13.7994513504698 14.4427747054338 16.463492740372 16.710068758551 17.7797749712263 17.8143454640375 18.4379296589553 18.7406132781583 19.0836741511405 18.5160876764307 18.3 17.2711486854873 12.7801477836738 15.1339076073957 8.35782435421131 9.47 12 15.3084877709582 15.8457561790622 15.7217168905182 15.8207572082075 15.2966337744477 16.3899688535534 14.7952505184696 9.33 19.569537519188 16.2358832238617 16.6536271832278 17.5837381753028 17.6365330992956 17.4319342457279 16.8165115174512 17.1319470169157 17.172729917122 17.8028399209467 19.0707400401139 19.993582987232 25.5 20.9181447138801 21.0646744284241 21.9 21.2518599285778 21.9944271909999 22.0029437251523 22.1 16.5 16.5 16.5 16.5 16.5 16.4949346011895 16.6706403678644
16.2573183795547 16.6485161333635 16.8330151275469 17.1 17.69071837607 18.1559065889173 23.9 18.8853695295705 17.2622782847697 18.8941344555068 20.4418428056127 20.051334687147 20.9755342868705 21.8598455785564 20.76876951191 22.2 20.4227093394969 16.0321938993253 19.4339757111521 18.5425767636606 15.5 17.4 12.5 15.313724607315 21.1 16.7512069656757 25.3 18.391816916206 18.7 17.3705608266613 16.9419340531683 15.9840196757979 15.567508409651 16.4811557477167 16.708712556042 17.2637168688601 18.2103388158753 18.0786769374142 17.420493395379 16.9953416824743 17.2212505603953 16.8 18.5176926208696 19.7230313880878 20.4021231648711 21.5409283745347 25.1 21.9623388520382 22.0169760922036 22.1067241497328 22.0225148226554 22.0171572875254 19.4833920648161 16.5 16.5 16.5 16.5 16.5 16.5 16.648023355096
17.7492657366785 18.7 18.4367739027842 18.816462672354 18.8 20.387319042984 21.2957808398134 22.0712559114423 22.9873552601279 23.1881863573383 22.6442776282402 23.1407546566567 22.8455909436269 25.5 22.2484440849044 21.6794815566118 21 20.7607478738384 21.4986733276511 23 18.4262246301581 17.2306893908252 16.0703524439803 16.5161858176671 17.3300411911305 14.9 19.1808936134811 23.1 19.4051370494065 18.5116820507227 17.8890560291467 17.3056175593628 17.1245730262547 17.3895938960453 17.8598781925086 18.4 17.1 18.0120925762512 17.5149115525704 17.1020584671443 16.7090098048641 17.1205328996323 18.6184877020523 20.0400117205403 20.3192180770379 18.8 23.3 22.1852116271869 22.0279652246564 22.1 22.0477592250073 22.0286421655349 19.3737353091712 16.5 16.5 16.5 16.5 16.5 16.5 16.6668490690505
19.2430130469465 19.2358038782767 16.2 20.6858733499415 21.4724664439505 21.2 23.1104503326418 23.6285632420331 23.8998905330592 23.3184124368703 23.238106790353 23.2753661275775 20.9 23.4913936644058 23.6405864146636 23.1844392782947 22.6457201708864 22.4679215833491 22 20.947823629878 23.4996186505986 19.1325796396146 17.5677205893648 18.1564753682454 22.4 23.5 20.284790919398 20.2607781401521 17.7 17.9 21.5 18.3369114665191 18.069884975385 18.2467332195086 20.1 18.4598976985147 18.1 18.1166967019217 17.5470342997778 17.1181405450734 16.7309016994375 16.7 18.2442923895975 20.2636422635738 20.544984584858 19.8 21.7374304499614 22.0676602776772 21.987758132285 22.7012538879502 22.043654190662 22.1 18.440434536155 16.5387425886723 16.525 16.5 16.5217129272955 16.5 16.5 16.7340815838916
20.0252397386205 20.9291125533845 27.3 22.0820681157133 22.6115272761384 27.7 24.0858749250207 23.3 23.9835955584393 23.431668660721 23.39651116217 23.5147711938475 23.1181375057433 23.7406104943711 26.8 23.4568856110785 23.2465673220519 26.7 25.8 19.0524375306386 21.2 20.5030333944637 19.4594767804309 19.7178305125354 20.4983236715884 20.9213887664094 20.5041345091943 19.9793788448741 19.424907138792 18.9393589264742 18.9683052582704 18.725896240389 18.7075883123442 18.6410340508133 18.5414594253385 18 18.6143224543456 19.1464894239202 19.6788888391775 19.7726249534729 19.8239689483779 19.5037478641687 19.458546199887 19.6998368933848 20.4574902647409 20.53551460188 20.8151984005439 20.9538903892605 21.1421367562763 21.1533230611136 22.1 19.6821570700959 18.1771866418398 16.55 16.5414213562373 16.5309016994375 16.5333333333333 16.5382782218537 16.5 16.8765626545222
21.2345610969112 22.2515135059803 19.8439024417848 22.9619847605167 23.5983361406364 23.9486237148061 24.2544873852064 24.2064115771423 26.7 23.6866613285126 23.3027407366931 22.8 23.2937867068678 23.8323376657338 24.0594585235278 24.0181542347815 23.6600354633144 23.4529454878833 22.9 22.4536748626367 21.9892949621209 21.1272310278807 18.1 20.0967118873263 20.0073755510128 20.1499258316586 19.9854746019016 19.6 19.4792682510765 18.7604294020926 17 18.7 18.6 18.5934068269364 18.6665951677587 18.7120031813027 19.2540839444853 20.0689300258624 20.5329734422071 21.4729666310152 21.5617317039449 20.91205672345 20.6976943053549 20.3216421768762 20.1 20.1486331100187 19.8975569392884 19.9542181182486 20.240024982959 19.6293505963451 19.8571931984138 19.1698827934842 16.5617217781463 16.5666666666667 16.5690983005625 16.5585786437627 16.55 16.5472135955 16.5 17.2055852546653
22.0509562558621 22.6062061819583 23.0682311424865 23.5417267700162 24.4 25.1 23.8996616796849 22.6 23.5294204564773 23.1517975828558 22.8594662181174 23.1330411481937 23.4794248716934 23.4555887572519 23.5110740975004 24.0413391370009 25.4 23.4378025545888 23.1782370650879 22.656095865515 22.0535258554792 20.8994030379207 19.944164745421 20.2836929486482 20.3442185644949 20.5071363361989 20.3984539097425 19.3131936025524 18.7276950345618 18.5051311640091 18.3984967752118 18.4454884684783 18.5688818558549 18.3853597674386 18 19.0057248130458 20.1468853432323 21.4929029038725 22.2037368471564 22.5390044253932 22.3076476229266 21.5318395375879 21.157801121264 20.9 20.2302320421087 19.8651346316179 19.0976610578466 18.2907347646242 17.3 17.3 17.3 16.6 16.6 16.5782870727045 16.6 16.575 16.9768706316185 17.1159387621217 18.2 18.2
22.8638003826694 23.0437066379932 18.7 26.5 27.1 23.6262350084006 21.8 23.1183405398855 22.386488145944 22.5551620978256 21.8 23.1608488549529 25.7 23.6166083202369 20.2678109774149 23.6011015503799 23.8248411247874 22.3 23.198993224619 22.7026706923082 21.6434214149926 20.0229751571298 19.4776844005017 19.3437694101251 19.9 19.528858361042 19.7583592135001 19.0407855222219 18.5158376942845 18.3771677953318 18.3465169214242 18.2557467472503 18.4 18.5 18.7746369037417 19.2383650763617 21.0039669385714 23.4666308404867 23.4066523361947 23 24.1 22.3042581731226 21.4 21.0146614968831 19.9521420643428 19.5081528982284 18.5212759329169 17.3 17.3 17.3 17.3 16.6 16.6 16.6563458093381 16.6480506146704 16.9873354186075 17.1630563411014 17.3407937154836 18.2 18.2
22.2784023313654 22.6235007058234 22.6990312135203 25.1 23.0221233095987 22.6018415481868 22.5966371556404 22.4531324472721 22.1083207857768 21.9650005384292 22.5518259763437 22.8204136645474 23.2853521240946 23.5552158807184 22.9538797943468 22.9470190046903 22.79137148088 22.5979038524634 22.6629424385896 23.245758104321 21.0713203451856 18.8333333333333 18.9423865985453 19.1445824720007 19.3291373242795 19.8154812859929 19.7757359312881 19.7460498941515 18.3851463158075 18.3775145546458 18.2315703199756 18.2558090253613 18.3004322299822 18.4245879354023 19.0799195897344 19.6858088859693 21.3103139011825 22.7195847205467 23.4415390541567 23.1945061022359 22.9816531304377 22.0260939153031 21.3992639103654 20.8584669934408 19.6614998390506 19.3512560887603 18.5958338714474 17.4954163456598 17.3 17.3 17.3 16.6 16.6879215610874 16.6883036880225 16.6944271909999 17.0796142061547 17.2450296453109 17.4984097918126 17.8960190178625 18.2
23.1209167915296 22.3116874284988 22.5211978920901 22.3892748832544 22.0105155918866 18.2 21.903856862716 21.5314823014491 21.1107225034296 18.5 21.7975645505706 22.7041850479617 23.2469324784685 23.9 23.3401967254887 23.0160294764445 22.6615411664504 23.1 21.9597514293837 20.623909442059 20.5205663868371 18.8875484503403 19.0798989873223 19.2 19.3201010126777 19.3641048940478 19.9 19.9 18.9895716110067 18.4 18.4439607805437 18.4441518440112 18.3459246750165 18.3394581270357 19.3328124959724 19.707149085917 21.1034856878261 23.4760799958123 23.478847503248 23.1350683773799 23.0720698645116 21.7380605345081 21.2992564226076 20.4478416568757 19.0913475789744 19.0160207180014 17.75 17.6486832980505 17.3 17.3 17.3 17.5 16.9823350077121 16.9550799639421 16.9140240524335 17.1101160982037 17.2341857209633 17.7673762078751 18.2 18.2217129272955
21.2827420572826 20.7216842531391 21.2106240230536 20.9766981934418 18.2 25.9 22.7 21.1656546332286 21.2201792621298 20.6322210363551 21.6542257638851 22.9919665710024 23.3144715318433 24.5 24.1 22.5124681625266 21.6259529413353 21.3873527655586 20.8693242663601 20.2093837379236 19.7015378248332 18.5 18.7497524206277 18.9326237921249 19.0978713763748 19.2 19.9 19.3115105734309 19.0988165480551 18.8750225269819 18.4 18.4467251416997 18.4486832980505 18.4513167019495 18.4532748583003 20.9833154202434 23.4666308404867 23.254704165016 23.4975202627541 23.5149043978715 22.9168275337222 21.5857462965465 20.6336657674025 18.9688098347265 18.2 18.0045836543402 17.8513167019495 17.75 17.3 17.3 17.5 17.5 17.2010643118126 17.15 17.0163118960625 16.8 17.2756241276659 17.6201010126777 17.9274873210427 18.2333333333333
19.7294054531582 19.9365635600964 20.0175593741246 20.2787515101968 18.2 20.8143143478992 20.9262113852121 23.1 21.1197227216154 21.1060037613694 21.3536508722389 22.5689958206501 23.3762935310641 23.5095511280007 23.1503877810726 22.1270758893935 18.7 20.386894691556 19.8039690314524 19.338033588129 19.359445948959 18.5 18.5 18.5 18.5 18.5 19.1247709161597 19.2001966726541 19.1843624901267 19.1239554682837 19.0494935424162 19.0128060246145 19.0312968512341 19.141302379072 19.5070896918358 20.3138854678918 21.3008273511346 21.9582772311667 22.2426533533234 22.0391520844273 21.131907352349 18.2 18.2 18.2 18.2 18.2 18.2 18.2 18.2 18.2 17.8592169136464 17.7899494936612 17.4790768902893 17.2836881039375 17.15 17.2066765737939 17.3202559797195 17.5 17.836986986073 18.25
