All-in-one-application-example/output_without_currents/BIMAC_interpolation.asc
NCOLS 128 
NROWS 124 
XLLCORNER -63.5 
YLLCORNER -0.5 
CELLSIZE 0.5 
NODATA_value -9999 
[rows 0 to 21 of 124, columns 49 to 97 of 128]
7.2411574690376 7.42835205910912 6.57275099913899 7.88065506937215 8.95275226707432 8.74119874965188 8.8693017204527 8.71292959908947 9.49708929902842 8.62612538372851 8.01474830493405 7.44219717051605 7.62000565016374 8.05470625098942 8.38079699116148 7.48294844970681 8.1426090019912 9.08620834583078 10.7041127287717 11.9035584557568 10.6079765005158 8.68921018094587 8.40753632139264 9.21187727781058 9.44435452189389 9.13462927055886 9.37010630323382 9.23776099435283 9.51342573820172 10.6274660763454 11.826438692209 12.339595432955 12.2008034357524 12.6299318399045 12.2454006884031 12.3130597547468 12.9795621497246 12.0004565316159 10.6469825966329 10.5933703405637 10.6006918088982 9.86313004155559 9.33933239553991 9.44852824200755 9.74917388478496 10.5005128518056 10.3376390729387 10.442450053013 9.95645648574085
7.91510791373636 7.69912673247321 7.12100115729039 7.31374946507554 8.20336759064361 8.71170910788839 8.43857818187362 9.13771762994685 8.29603836031654 7.75009503596561 7.41734312748639 7.20796765637419 7.97445558028399 8.51717981463776 8.43215340147982 8.21774356826616 8.72107351634168 9.70077004887227 10.82337355795 10.6423920253016 10.518029646919 9.14031936067587 8.72055797358271 8.87357234629284 9.63318500430108 9.67254065796993 9.11248730928874 9.18089135175939 9.09751763929893 10.5755040729556 11.8341990827444 12.0924368850665 11.4677035110897 12.1591803349141 11.7138960163983 12.5578468363073 12.3444204642404 11.4179498394313 10.788803842809 10.4354764900994 10.6294356703725 10.3344448914953 9.96130340105255 9.54663828548633 9.61023792148422 9.64880643055478 9.90474167367747 10.0541252158118 9.98794986527502
7.78280288914076 8.07538262042274 7.13912001004085 6.83855059539786 7.2652441753271 8.00789874654138 9.13901391083023 8.64418888167171 7.76067475028511 7.01363014566178 7.25405362032602 7.47032700392435 7.95237024172301 8.64030939151879 8.96915328028398 8.49561167658661 9.39262307015431 9.66830216143008 9.93876504304157 9.5641501538879 9.25205639962664 9.22650913365014 8.8262187625275 9.00051861927094 9.96021662714921 9.61672496746201 9.06309569397034 8.32216264616583 8.61094648967813 9.96635573186233 11.0914539985522 11.7888488922169 11.2602456854695 11.5031434067171 11.9698574123592 12.4529681829926 12.2475207468703 11.5268850440398 10.3388697614353 10.1846483043939 10.3961562882295 10.999128058162 11.2266988389897 10.3140531929305 9.40591271011236 9.68067722785896 9.52217618789752 9.96751009367449 10.2378078522186
7.19822902427571 7.07331923826952 7.00624370215159 6.5740506074576 6.86900967258555 7.90046731803457 8.88773435929791 8.41868301247295 7.30491247510966 7.61978931135488 8.11185987084703 8.59555959286753 8.6495929340269 8.62890939792956 9.13224262476771 9.40065051534535 9.25668939645682 9.360554033224 9.70347869607272 8.56006470758565 8.43838597943041 8.15623220217473 9.10508378938763 10.1660303944593 10.3340867531181 10.0827927942815 8.72981979468892 8.41921000670372 7.87582285841105 9.37422084132021 10.2012677705057 11.1414519351527 10.8754636953131 11.4575898410648 11.5682611386613 12.2103959170822 12.4851674851697 11.3450938778654 10.3745371069153 9.81075882263083 10.3598596480069 11.3737908856511 11.4928717646508 10.4437336410925 9.86127556627524 9.78871455947059 9.03320606609136 9.18970784797909 9.85373362666247
6.67676842207172 6.27910800900233 6.14842262424321 6.29648007559214 6.86365349121068 7.7484990987106 8.45882081036264 7.6592695268839 7.34671211743527 8.30973541161965 9.28317041028906 8.91326992506614 8.63363553596569 8.62890643125529 8.7443255701778 9.04478431964681 9.38662649443813 8.86726001344864 9.2408499846901 9.24750261903623 8.45143515592531 8.83046755920227 9.7080465335369 10.5981441300375 11.0422530193397 10.3759115126186 9.35924751544792 9.04803072764874 8.79063258056113 9.00871511651945 9.48416051291379 9.92932645168055 10.3159851472464 11.4654765097367 12.3882834397327 13.2382277069506 12.9243038800297 12.1493003697829 10.8250665048571 10.4317437757332 11.1680782089664 11.3985681782365 11.1133420347791 10.7839029200176 10.1117120963715 9.77751748176516 8.94135927692525 8.72189337402307 9.16479804779874
6.84620067095813 5.92994846842914 6.04734204001056 5.93561974516234 6.53459012479151 7.66744139581128 7.5151012447075 7.27488775488425 6.82857942199132 8.29045678098954 8.25013690567966 8.94999966448655 8.57169027103878 9.04980011595529 9.00635333052456 9.19124316131628 9.25199776608764 9.98648909693908 10.2735580350571 10.0251855951657 9.81305029379988 9.71816399507782 10.0546348881261 11.0670053448706 11.3398622277674 11.0629434079715 10.5885999774643 10.3019250195787 9.68765709298347 9.06890169454398 9.11304978669016 9.41568517588299 9.97548646305345 11.339499420742 12.59609198924 13.2438382805983 13.0650857966219 12.1026072720827 11.7130647670453 11.789012037072 11.8363692283894 12.0157892088918 11.2635981976995 10.4125866961801 9.78486598182717 9.10752861258024 8.61634558875657 8.84413715432718 9.75272458209848
6.56432665155232 6.29697354450917 6.05291528925482 6.56624696221415 6.84765179530503 7.19080344125822 7.34279880694638 6.99855104828132 6.97365155304039 7.17459713377175 8.07662635350754 8.08934784875674 8.83209531233666 9.12183514047793 9.682603045736 9.40279062607773 9.45337747783558 10.0077726944748 10.8176330764231 10.9521730398617 10.4317178370394 10.8235996132068 11.3803044042228 11.3787402435864 11.6263811801565 11.8529908490878 11.9288331297508 11.709699815817 10.2009319835253 9.583006492191 9.3553612610812 9.66181391508023 10.1797844838866 11.3096668275163 12.086149046484 12.6131666646903 12.7986455729461 12.2638545530734 12.1911904419845 12.109175414851 12.2350294148071 12.0970616441342 11.297090458235 10.1201153986633 9.28920762897097 9.58664048836388 9.90173924208749 10.5499239049143 10.8337129187423
6.31958405225867 6.54571977415443 7.22773632824691 7.14343270628013 7.29196530074913 7.67739268846559 7.45550334763013 7.40208839341001 7.18887605682169 7.04133377981627 7.5506170377941 8.92424484170605 9.41235057783372 10.1789351757472 10.1187651402565 10.0206054363087 9.38213249518748 10.440493668338 10.9625293397475 10.9877150384268 10.971379348422 12.3466966509933 12.8118108374083 12.8251192583299 11.8157694146686 12.0904121539107 12.1057595983814 11.2548607273136 10.6836605120334 9.90443317944661 9.85639098031429 9.80961851302394 9.93622292418629 10.2580872175175 11.241704036662 11.6654455255371 11.7679500459245 11.5135497866496 11.2508881891039 11.5675076626023 11.7553318929404 11.6890464276862 10.8680529539637 10.0208218900852 10.0104582952327 11.1575633695141 12.180731580978 11.7345604837878 10.7743583274948
6.35375060125389 7.24008640289562 7.92743110629821 7.96083517164917 7.41111333843907 7.27350632593948 7.65304242166087 7.64883892200721 7.73066841993182 8.26604251746 8.69711774450051 9.27640520408371 10.135999305137 10.2849920656526 10.0316699872818 9.76342400555155 10.4615396046852 11.3495964183295 11.9811125974562 11.5180950983255 12.0996323781157 12.8780073197338 13.3914884887315 12.6201645922697 12.2846459579291 11.9085916774537 11.707961956144 11.2242311167248 10.6273693953072 10.5228578287004 10.6524374501128 10.2376168376734 9.99797673612508 10.3568287038103 10.7512050419655 11.2838140190094 11.2711749288699 10.819495400713 11.3352901407107 11.5438329255028 11.6076631612639 11.2117448326876 11.0694718222754 10.7656012881966 11.180560930377 12.3448565944391 12.916129775192 11.682045415298 10.2852127465135
7.04411168348777 7.31978981764131 8.16258576551837 8.11728728648689 7.30049697949572 7.19532718736714 7.66209756547613 7.84026158707414 7.84122302908814 8.43435371294988 8.67855863823229 9.67825613608239 10.0898730351648 10.47474894048 9.53793145873171 9.53637516287031 10.4770247762173 12.0381333036095 11.9478976837791 12.1527622035792 12.4703939188789 12.8544988170051 12.5185500415003 12.1395906160841 11.8252011312655 11.631609522742 11.4681494121478 10.6184039706807 10.7114387806885 11.0041082667531 10.7995989929722 10.9509408396458 11.0906938448608 11.141021186302 11.557621397189 11.111627121876 11.1904513614317 10.8619960956805 11.1369520418622 11.9101410234478 11.5284681321297 11.9849841696022 11.9781094886869 11.9962852040631 11.9279230913694 12.974873222527 13.396084527231 11.6128325330015 11.0546428182275
8.01893506694087 8.11006869558882 8.4586565203741 8.07213205617674 7.89052046575136 7.38587497362023 7.72794976667662 8.15874420362409 8.31260671657098 8.24823810552397 8.34246760335707 9.03021941525997 10.34975431472 10.1436141752962 9.6753553871884 9.88489939081156 10.2873592352065 11.0070521534729 12.0937401102183 12.078713997364 12.590910372745 12.2748426863807 11.2614192737451 11.0077380487496 11.20658815424 11.527322644769 11.2042633691695 11.7142642282214 12.2121863943754 11.8764115283571 11.4430068525227 10.7050538813465 11.3439920049162 11.8085430468948 11.1481090968841 10.627349642137 10.5140364716008 11.4101437329397 11.2632761123696 11.8457707415351 12.5995250847076 13.052241395444 13.230458773395 13.0264729895741 12.514639755144 13.111910123277 13.1674835007953 11.9422306780433 10.9481124490372
9.27744692044439 9.01327937926256 8.60719045638007 8.57478218557058 8.23232823189034 8.53594020853597 8.4486087739654 8.87929500595774 8.648708573912 8.31302441360758 7.38062955372592 8.40701597922482 9.24177083096191 10.0480476816842 9.23688171698019 9.32061231289106 9.99945071778359 10.6347239914112 11.2504931120387 11.7045421872737 11.9080210410058 11.397960985925 10.8369680353066 9.83210195560715 10.2981555120698 9.87810008387263 10.9975017937898 11.9374576699775 13.000880671581 12.4037386065548 11.4385969082068 10.588784754402 10.5517456841218 11.1367528018702 10.8620544108009 10.7338449365621 10.7464035145354 10.7863519291184 10.2329487958161 11.4693186859642 12.6975361780974 13.7692048367983 13.2500691439281 13.3006892170969 13.2617546163194 12.9573980635505 12.8082754453459 12.0323191050711 11.2669120833618
10.4329095011846 10.3962504269406 9.83569923979322 9.33557923191312 9.97451293788577 9.90804669034323 9.39443934540712 9.6390600644419 9.80933523190593 8.82437666259731 8.04682013675905 8.19194034073545 9.28489568308152 9.43642217130086 9.19227972835894 8.93814710813893 9.89327350605109 10.7093960501786 10.697451800055 10.9053166637678 10.6830763081099 10.9012710862298 10.2458081195218 9.55093931886264 8.45131621278935 9.55649541349385 10.8025157706221 12.6004504365663 13.1442639036439 12.7056971534687 12.0125020343011 11.4288566238666 11.5296894918078 11.5309455903491 11.5079143349771 11.512872744244 11.7598207164695 10.6543032701579 9.77880317268881 10.9765351403805 12.5885326440541 13.2109957353518 13.2122731470683 13.6901359755089 13.1431110243622 12.494577185347 12.2301710204283 11.3410732195995 10.7707049465907
10.6901067455492 11.1740293852426 10.3034896749065 10.1026451756618 10.5624310367341 10.9065415415886 10.3941334960477 9.87332578653421 9.54050958995385 9.70338022122612 8.62695744370366 9.07429936395874 9.52586177459653 9.56691294753168 9.48289597474299 9.52340993959493 9.89703044970915 9.9657177553824 10.1054526308338 9.58927150572407 10.296422218105 10.6118781977234 10.700015663726 9.58488925358574 9.06133147056727 9.21532251401307 11.2002509902164 12.069765863258 12.4185210417122 11.8274202967779 12.5404858059446 13.0371598415733 13.7782966489304 13.0476674250596 12.9400228148173 13.2162782276529 13.0611179144786 11.9497752903421 11.0372464943748 10.7393419659674 11.9735216471318 13.2245074684506 13.4429610948211 12.7928936168273 12.9513695342042 12.6377971786559 11.7756602955453 10.8329147595434 11.3704086436034
10.538555019986 11.3345564891213 10.9906973276136 10.1133229105698 9.90669823682727 11.7279323922787 11.8793180867917 11.9395288670748 10.4097012953158 10.8353366452838 10.2213338355826 10.3571951103621 10.0927475380678 10.6831993503146 10.4816623124438 11.1776906866863 10.8382513189859 10.8344485088564 11.0033124367819 10.6945884236054 10.7137084848189 10.8474812526927 10.8929593089016 10.8678461151157 9.95784326019903 10.8695507713338 11.9983531384715 12.4383357220895 12.5378981132918 12.3408707314556 12.7596694430905 13.7590865662149 14.3719014181865 13.7681281171384 13.624511948579 13.3752163935791 14.332970792016 13.1515345874191 11.9466447561094 10.6104767694824 12.1459658346233 12.759447767963 13.6448474026474 12.5936318252929 12.2959990402241 12.0146280232981 11.514193427345 10.6278863794553 11.4233393271517
10.3242997147442 10.5069832010459 11.0308427595381 10.5091829456329 10.1010761922703 11.0320191799942 12.3921840323603 12.7776329743649 12.087105432985 11.3748910139254 10.7306349289639 10.9914177318972 10.618864614924 10.8790438390354 11.6196380907982 11.7089575271144 12.2738519184043 12.0096749492117 12.4514697312156 12.0490065921898 11.1938274019898 10.9316883190935 11.7012233440119 11.8212795906226 11.4981361005758 11.6145411633434 12.2721529659938 12.9780565353475 12.7017881263395 12.6392298243425 13.0580656176811 12.6517916666628 13.7927746779444 13.8313506162616 13.8453875969824 13.9882472881504 14.9056404948254 13.1687981285089 11.8727362602794 11.0522190880416 11.6176314619666 12.3889480913751 13.046400287881 12.6183304162842 12.5813299490137 12.2429241734984 11.6414336363597 11.0181838948696 10.7325650556943
9.91744138767653 10.1699899509634 10.9499411325348 11.5223435736223 11.0458954420524 11.4366088001221 11.7126738913721 13.0386604750884 11.8667221641552 11.8353111287871 11.3047173150159 12.1291393857107 12.0748139105036 12.5142285108281 12.7492496154485 13.2316229161296 12.8790509459553 12.6021710754309 12.8140824236427 12.46503030384 12.0264834853802 11.2109752670741 12.2361653378424 12.8429309835892 11.6929353842467 11.8754961546376 12.0114169730746 12.5512192880779 12.8717978937715 13.1909816748075 12.2659308766695 12.014298049491 13.2167919659371 13.3988962216384 13.8715622778219 13.9730247655998 13.8596630086639 12.8164527438623 11.5360935153604 10.6978824266295 11.1304162693306 10.9307446052464 11.8617046278585 12.9231651710504 12.88139629287 12.5353484267069 12.0970852561574 11.0536683988656 10.4360602464774
9.8284811426753 9.42393394525856 10.6044299868139 11.7654710584814 11.4838451286289 11.3903492793974 11.5701380761099 11.0254633623669 10.3900834351665 11.8317742867334 12.3922441248756 12.4488255101348 12.4394888974114 13.3015500589371 13.8233893426756 13.7517035189944 13.0667908215001 12.2766513580484 12.8748238457819 12.2547092741867 11.59386234899 12.1233817648186 12.353053844814 12.3110936089159 11.7356062319622 11.2907928562143 10.9074928964982 11.3798603331445 12.3101067911148 12.3415127965666 12.332382855624 12.4393499763431 12.8364136817432 12.9053499315325 12.617072970878 12.6668005759542 13.0192748438263 12.6336903512198 12.1262499993795 11.3834436776236 10.8529457955784 11.12269975714 11.9120837199135 13.0317557408717 13.7531557546218 13.0146176870392 11.6560640780822 11.0553304489872 10.4233677111526
8.6935301539362 8.70139616320935 9.35949164568422 10.4562942750812 10.9367377238292 10.9102822521618 10.6796895803493 10.3756730817854 10.9298361150377 12.586699024312 13.4526794502034 12.4693263812472 12.3984933178528 13.4087850863698 13.9125849306914 13.0982784820184 13.24991741514 13.1807635258025 13.326733018803 12.2522898960529 11.5907327530303 11.3911067388422 11.8159911805484 11.5875950923561 10.7818666225797 10.9062618268017 10.5174520410817 11.5142028090755 11.4440279480222 11.702466463371 12.1331997670244 12.7750432954023 12.9188682041304 12.0004528925233 12.2859201707714 12.3408488647281 12.2174785604574 12.3742899597925 11.7742042623669 11.2480401536361 11.0108620246049 11.6975057011606 11.6850213782318 12.6166532431284 13.013457515633 12.7429546306251 11.601097904708 11.1822815153313 11.059316447275
8.43760426206828 8.5222149203107 9.26140933455406 9.8617894245085 10.373365090774 10.793185743366 10.2841916986214 11.3726008143947 12.9491944756441 13.7694816331855 12.8657883314556 12.471581171813 12.1423203781914 12.0254922563891 12.099547549065 12.446485975193 13.1605787849461 13.8173109492511 13.6451386069828 12.9691559867484 11.7878757725532 11.2724672752056 11.1343315132142 10.9663656760296 10.4575419616558 10.6078417933024 11.3025057519463 12.580294668028 12.825164517087 12.5365436961878 12.5948710786297 13.4143950593667 13.123823777676 12.6107051793361 12.5397037610123 12.6893991807772 12.6981229061387 12.1570916362955 11.9773588429527 12.3198645922102 12.5599599380197 12.3470376833248 11.9670046906531 12.0642383691712 12.1296204472592 11.9838791123883 11.806910822547 11.1375408185092 10.9926825943184
8.70676561429008 9.12870813368426 8.95613254472732 9.1817661367589 9.40599330017693 9.80343687203989 11.028767461436 11.9373739618677 12.9165053708223 13.3735360183902 13.0189619338332 13.574430503149 13.6124660190331 12.6722017943843 12.5801552164582 13.3801598732108 14.3549692102741 14.2397050402623 13.7214160409793 12.8201992737932 12.63186249447 12.3987156815161 12.1168440502325 11.1943476316525 11.1138604165847 11.3244714720686 12.1867657633127 13.1768618919451 13.8221865826288 13.6160619017748 12.8544909179843 13.2018096860909 13.3207124389618 13.4267082091054 12.8957470024523 13.3749941859116 13.468361178545 13.1418253924723 12.1183069603384 12.6023807312333 13.0717064346934 13.1233864478192 12.3120881167505 11.958539029147 11.4320513751634 11.882164427693 12.3351542388856 12.2683520324804 11.3307631559437
10.1237744393015 10.0685291435448 9.97801187420168 9.58312771419868 9.50694715096342 10.5684268292897 11.1563118990808 11.9453189792901 11.6911308071544 12.0172228631521 12.9189870804265 13.4384489028737 13.4365439167943 13.4528821514754 13.2285872687166 13.7203825805453 14.0730182919667 14.5058420640549 13.9960149530717 12.7238834150112 13.3200187234947 13.8107932750471 13.4741200048719 12.4545663815408 11.7004851559382 12.0313656167509 12.8440716549986 13.7885420103196 13.8870916280083 14.0988663804326 13.0524476652533 12.6195372568942 13.4242590813752 13.3711134034047 12.6206600990704 13.0975475942822 14.5877492253103 14.3577026198601 13.6626628373254 13.3608569324962 13.6216868041969 13.6652207744304 12.9593642354706 11.8976198712782 11.3595919978066 12.2274259742181 12.8691080472723 12.3475797524551 12.6198608486158
