All-in-one-application-example/output_without_currents/BIMAC_IDW_prior.asc
NCOLS 128 
NROWS 124 
XLLCORNER -63.5 
YLLCORNER -0.5 
CELLSIZE 0.5 
NODATA_value -9999 
[rows 52 to 77 of 124, columns 60 to 119 of 128]
18.2782870727045 18.3 18.1558481559888 18.0167184270003 17.8922263446102 17.7 17.7 17.7 17.7 17.4345184176712 17.1754624003525 16.9068909496672 16.6701045790127 16.4690717899432 16.3476687219506 16.2884504624301 16.2897653225158 16.3186783992418 16 16 16 16 16 16.6743417321373 16.6287605817507 16.6016239801589 16.6552457467231 16.85 16.85 16.85 16.85 16.592077823492 16.4564971157456 16.2389497137091 15.9 16.0441518440112 16.14 16.1920997883031 16.5 15.9235921785028 15.8326199643705 15.7358323096144 15.6142655604481 15.470548021709 15.2717924221053 14.937434104723 14.6729018385837 14.5684782643411 14.65471802996 14.9399651548742 15.5 15.5 15.5 15.5 15.5 -9999 -9999 15.5 15.5 15.5
18.3 18.3 18.1309625719858 18.0350889359327 17.9485281374239 17.7 17.7 17.7 17.7 17.6208294492738 17.4488490875652 17.2556559556144 17.0859770340308 16.9267361168978 16.7969360611477 16.7068311545295 16.6837375362887 16.7502456498174 16.9269112069463 17.8 17.8 17.8 17.8 17.8 17.2494447105248 17.2179884552682 17.1629113230104 17 16.8851653344388 16.9072949016875 16.925 16.6695048315003 16.5091729547691 16.2953768527506 16.0567223249782 16.1324555320337 16.2167184270003 16.2514718625761 16.5 16.5 16.9 16.9 16.9 16.9 16.9 15.6855076406449 15.2820069203948 15.025502670349 14.9594848628608 15.0827067743443 15.5 15.5 15.5 15.5 -9999 -9999 -9999 -9999 -9999 -9999
18.3 18.6924680895579 18.7556349186104 18.507684049418 18.4737886398691 18.4720778762166 17.7 17.7 17.9828375879297 17.9175452979771 17.8405909415737 17.7408249969215 17.6446694166674 17.528418182624 17.3885875917238 17.2525427169495 17.1795724784179 17.2380186892814 17.8 17.8 17.8 17.8 18.0296693311224 18.0832815729997 18.1275019260412 18.4 18.4 17 17 17 17 16.7611577997491 16.5443650813896 16.4073086832595 16.1832815729997 16.2675444679663 16.3432776750218 16.4560392194563 16.6656854249492 16.7635348167624 16.9 16.9 16.9 16.9 16.9 16.9 15.7945141594738 15.4322220574026 15.2482763196376 15.2119188373553 15.2916587437591 15.5 15.5 15.5 -9999 -9999 -9999 -9999 -9999 -9999
19.2235152841528 18.8661904883376 18.9443650813896 19.0075319104421 19.4 19.4 19.4 18.4995812260166 18.3568006860806 18.3458265324448 18.41346476391 18.4090202389895 18.3668519915108 18.2887865413011 18.1436572246051 17.9009695369544 17.7323342866839 17.6786362400076 17.8 17.8 17.8 17.9302775637732 18 18.1236691819077 18.1766073760449 18.314589803375 18.3055728090001 17.8279792202749 17 17 17 17 16.5789395596089 16.467257049925 16.26 16.3558481559888 16.5 16.6044815499855 16.6888543819998 16.7840137045271 16.9 16.9 16.9 16.9 16.9 16.9 16.1297898973059 15.7612562589423 15.5131762822044 15.3738789865936 15.3322592639301 15.3766398778468 15.4196371917752 -9999 -9999 -9999 -9999 -9999 -9999 -9999
19.7695048315003 19.6679475529761 19.4 19.4 19.4 19.4 19.4 18.8373704956182 18.7364831188957 18.8307766962 19.6 19.6 19.6 19.6 19.6 18.4758443253177 18.2644047815468 18.1173748309436 17.8 17.8 17.8 17.8 18.0199212461388 18.1624654714576 18.2374416790634 18.3171572875254 18.3 17.8892442641975 17.6185017415776 17.3416407864999 17.3099407093782 17.3062257748299 17 16.7336257084986 16.5 16.5 16.5961012293408 16.6549703546891 16.7450296453109 16.8233183260344 16.9 16.9 16.9 16.9 16.9 16.9 16.3338433703942 15.9955324633165 15.727573228071 15.5376733971048 -9999 -9999 -9999 -9999 -9999 -9999 -9999 -9999 -9999 -9999
19.8010643118126 19.671198120706 19.4 19.4 19.4 19.4 19.4 19.0655604033342 19.0573962338134 19.6 19.6 19.6 19.6 19.3320524470239 19.2695048315003 19.2179144196186 18.9 18.8 18.25 18.1843458848124 18.0781152949375 18.0791455350712 18.0799720568208 18.2111456180002 18.4 18.3 18.1926302748179 18.1340845882061 17.708349582233 17.4900592906218 17.4583592135001 17.4222912360003 17.4 16.5 16.5 16.5 16.66 16.7111456180002 16.7955184500145 16.9 16.9 16.9 16.9 16.9 16.9 16.9 16.4650775724488 16.1722299850912 15.9202161026066 -9999 -9999 -9999 -9999 -9999 -9999 -9999 -9999 -9999 -9999 -9999
19.828801879294 19.6989356881874 19.4 19.4 19.4 19.4 19.4 19.2410272206657 19.2748924010653 19.6 19.6 19.6 19.4480095089313 19.3321190870313 19.2369398062518 19.1795496789109 18.9378541828125 18.9126916186761 18.5062257748299 18.3272077938642 18.25 18.2342134494763 18.2327101072985 18.2 18.239106837736 18.2 18.1789908595118 18.1084722975526 17.9281508964068 17.8 17.8 17.8 17.8 17.0687168502035 16.5 16.5 16.6947331922021 16.7343145750508 16.7873083813239 16.9 16.9 16.9 16.9 16.9 16.9 16.9 16.5354936741581 16.305013479062 -9999 -9999 -9999 -9999 -9999 -9999 -9999 -9999 -9999 -9999 -9999 -9999
19.8320524470239 19.7304951684997 19.4 19.4 19.4 19.4 19.4 19.3779897194533 19.4279051586413 19.6 19.6 19.6 19.6 19.3853226265043 19.2511515841745 19.1090909090909 18.9482259120849 18.9133201576396 18.8552417820775 18.5045836543402 18.4218847050625 18.3377671742399 18.2785828379839 18.1816540904617 18.2828427124746 18.261803398875 18.1550767955625 18.0819743055168 17.8961012293408 17.8 17.8 17.8 17.8 17.3008280309726 17.0450111984626 16.9230675678595 16.9 16.9 16.9 16.9 16.9 16.9 16.9 16.9 16.9 16.745197559476 16.5909605795834 16.4445222901798 -9999 -9999 -9999 -9999 -9999 -9999 -9999 -9999 -9999 -9999 -9999 -9999
20.1 19.75 19.4 19.4 19.4 19.4 19.4485793766779 19.4880053405989 19.5381940784663 19.6 19.6 19.6 19.432605623609 19.3483336242955 19.2080972155386 18.9 18.9712911722594 18.92360679775 18.8362668832113 18.7 18.7 18.7 18.450144480918 18.2944271909999 18.285410196625 18.2774851773446 18.1317624235603 17.9766073760449 17.9126916186761 17.8 17.8 17.8 17.8 17.4425364249067 17.2619708245633 17.1658614829312 17.1199740920348 16.9 16.9 16.9 16.9 16.9 17.0046399891224 16.9524538509852 16.8766251245588 16.77208871369 16.6615686212684 -9999 -9999 -9999 -9999 -9999 -9999 -9999 -9999 -9999 -9999 -9999 -9999 -9999
20.1 19.8466080996509 19.6972585357981 19.6090946086532 19.567303900092 19.5601921746626 19.5820427550019 19.6297495741364 19.6724554691125 19.6 19.6257254153724 19.6215040743539 19.4705706404664 19.4008791633017 19.2886283548712 19.2 19.0170120122369 18.9434280694545 18.8694683151038 18.7 18.7 18.7 18.7 18.2 18.2 18.2 18.0130994332012 17.9758431221748 17.8 17.8 17.8 17.8 17.8 17.538347135555 17.4369438918391 17.4165527035353 17.4559962827971 17.4615585517996 17.4597792965322 17.4506693912337 17.4074840740272 17.2958749391002 17.1842626388887 17.0728022770275 16.9629214029997 16.8539761148994 16.7590881200476 -9999 -9999 -9999 -9999 -9999 -9999 -9999 -9999 -9999 -9999 -9999 -9999 -9999
20.0187108470445 19.9455029785812 19.8650548748202 19.8016974425684 19.7638415163056 19.7455824970382 19.7581507883076 19.8099531509873 20.1 19.8005034498757 19.7379708546358 19.6975324583478 19.6 19.4511620740877 19.3547124818911 19.2578051547532 19.009426028888 18.9549703546891 18.9052129662046 18.7 18.7 18.7 18.7 18.5434668944027 18.4632077052157 18.379347897555 18.233340544318 17.8 17.8 17.8 17.8 17.8 17.6979783012233 17.6288449325452 17.6127327991708 17.6818436291145 18.1 18.1 18.1 18.1 18.1 17.584514461576 17.3941094612485 17.2290232794478 17.0896396266596 16.966280070643 16.8647331719901 16.8240698846034 -9999 -9999 -9999 -9999 -9999 -9999 -9999 -9999 -9999 -9999 -9999 -9999
20.0967382721145 20.0891234312267 20.0658301039071 20.0322482041797 20.0009138777285 19.9647429995726 19.9484909482905 20.1 20.1 19.8363961030679 19.8113565781363 19.7581138830084 19.6630341085348 19.5456695446542 19.3855538581017 19.3259424148845 19.0757359312881 18.9557069064078 18.9336257084986 18.7 18.7 18.7 18.7487070414693 18.7194798172158 18.6762885067313 18.6167257894349 18.5204957008579 18.3492416762645 18.1949507805913 18.0659098378046 17.953152249535 17.8566091039224 17.7815485610053 17.748489889895 17.7852823346962 18.1 18.1 18.1 18.1 18.1 18.1 18.1 17.5814998219467 17.3745515785458 17.2105505448627 17.0699413211075 16.9588946415805 -9999 -9999 -9999 -9999 -9999 -9999 -9999 -9999 -9999 -9999 -9999 -9999 -9999
20.2729122652733 20.331957468518 20.3452975281074 20.3281227960812 20.2973247803339 20.2382815132339 20.1412323143226 20.1 20.1 19.893587492317 19.8967273577288 19.810532006057 19.7 19.6721160621625 19.5346107552045 19.4940696778586 19.2 19.2 19.0502819943786 18.9487753709729 18.8946988476581 18.8894312917556 19 19 19 19 19 18.6073950899498 18.4355828050618 18.2778165450246 18.1369232884149 18.0125929724365 17.9197461512076 17.8815143250778 17.910494354579 18.1 18.1 18.1 18.1 18.1 18.1 18.1 17.7090873077076 17.5041178951989 17.3313962017926 17.1863252152985 -9999 -9999 -9999 -9999 -9999 -9999 -9999 -9999 -9999 -9999 -9999 -9999 -9999 -9999
20.5041463204976 20.8 20.8 20.8 20.8 20.8 20.3279206080875 20.1 20.1 20.0038987706592 20.1 19.8820644163406 19.7909090909091 19.7749708592581 19.6617217781463 19.7 19.4316586008435 19.304376124978 19.2037250691195 19.1228784042798 19.0614633003905 19 19 19 19 19 19 19 18.6399028928662 18.4896532078803 18.3516889583151 -9999 18.0761936940456 18.015476270227 18.0093409101459 18.1 18.1 18.1 18.1 18.1 18.1 18.1 17.7974884484808 17.6128174321507 17.4520684305487 -9999 -9999 -9999 -9999 -9999 -9999 -9999 -9999 -9999 -9999 -9999 -9999 -9999 -9999 -9999
20.8 20.8 20.8 20.8 20.8 20.8 20.8 20.1 20.1 19.9873083813239 19.9955184500145 19.9450296453109 19.8888543819998 19.8656854249492 19.7 19.7 19.5541492865509 19.4654674669502 19.3958069836317 19.3346250781924 19.2727320155495 19 19 19 19 19 19 19 18.8241058128326 18.7345169412112 18.6401313405488 18.4920809928396 -9999 -9999 18.093662386996 18.1 18.1 18.1 -9999 18.1 18.1 18.1 17.8540253965919 -9999 -9999 -9999 -9999 -9999 -9999 -9999 -9999 -9999 -9999 -9999 -9999 -9999 -9999 -9999 -9999 -9999
20.8 20.8 20.8 20.8 20.8 20.8 20.8 20.1 20.1 20.1 19.9572843310699 19.9343145750508 19.9058874503046 19.8869005667989 19.7 19.7419879287338 19.7095685082368 19.696498400295 19.6565225973172 19.5920208258592 19.7 19.3407830863536 19.28 19.1681771513464 19 19 19.0356789172325 19.0486832980505 19.1 19.1 19.1 18.7478422934394 18.5771554765212 18.3792731079979 18.2144382155505 18.1 18.1 18.1 18.1 18.1 18.1 -9999 -9999 -9999 -9999 -9999 -9999 -9999 -9999 -9999 -9999 -9999 -9999 -9999 -9999 -9999 -9999 -9999 -9999 -9999
21.1407830863536 21.0497524206277 20.8 20.8 20.8 20.8 20.8 20.4542467939381 20.1 20.1 20.1 20.1 20.1 20.0040200046845 19.9271072807698 19.8893077298522 19.9049989346774 20.2 20.2 19.972918271701 19.9360679774998 19.6205562397822 19.3695048315003 19.271198120706 19.1828427124746 19.1758431221748 19.0441518440112 19.0585786437627 19.1 19.1 19.1 19.1 18.7228719480167 18.5204234807675 18.3470383308765 18.2086686815355 18.1 18.1 18.1 18.1 -9999 -9999 -9999 -9999 -9999 -9999 -9999 -9999 -9999 -9999 -9999 -9999 -9999 -9999 -9999 -9999 -9999 -9999 -9999 -9999
21.2100505063388 21.1090629080786 20.9972103326832 20.8 20.8 20.8 20.8 20.5751532124504 20.4772226365621 20.4234183708722 20.3811409993761 20.342456540177 20.2888290163331 20.1897261856877 20.0981571614684 20.0531875719714 20.2 20.2 20.2 20.0062870566386 19.95 19.6870192525625 19.6332809543222 19.428801879294 19.3304951684997 19.2343145750508 19.0558481559888 19.071827095331 19.1 19.1 19.1 19.1 18.8261563717237 18.6413611570474 18.471117632929 18.3217627092395 18.2063084866365 18.1537983185638 18.1237065721713 18.1055104576305 -9999 -9999 -9999 -9999 -9999 -9999 -9999 -9999 -9999 -9999 -9999 -9999 -9999 -9999 -9999 -9999 -9999 -9999 -9999 -9999
21.3027896673168 21.1909370919214 21.0899494936612 20.8 20.8 20.8 20.8 20.6358733464574 20.7 20.7 20.7 20.7 20.7 20.3729346062038 20.2574563637944 20.1840955982045 20.2 20.2 20.2 20.075 19.9928932188135 19.8545084971875 19.7 19.5318228486536 19.42 19.271307535987 19.0643210827675 19.1 19.1 19.1 19.1 19.1 18.8984071246688 18.7367350812579 18.5742601879968 18.4194499595338 18.2904138363493 18.2119281155153 -9999 -9999 -9999 -9999 -9999 -9999 -9999 -9999 -9999 -9999 -9999 -9999 -9999 -9999 -9999 -9999 -9999 -9999 -9999 -9999 -9999 -9999
21.5 21.2502475793723 21.1592169136464 20.8 20.8 20.8 20.7242838058537 20.7 20.7 20.7 20.7 20.7 20.7 20.7 20.3863682348963 20.287179767663 20.2 20.2356789172325 20.2240253073352 20.2 20.0911310433463 19.9805134084219 19.825 19.7 19.7 19.4 19.1 19.1 19.1 19.1 19.1 19.1 18.9538394964075 18.8135478694836 18.6641944553996 18.515391972523 18.3844354364361 18.2952299542637 -9999 -9999 -9999 -9999 -9999 -9999 -9999 -9999 -9999 -9999 -9999 -9999 -9999 -9999 -9999 -9999 -9999 -9999 -9999 -9999 -9999 -9999
21.5 21.5 21.5 21.1590303147662 20.9833776977856 20.8534241545989 20.7524069889596 20.7 20.7 20.7 20.7 20.7 20.7 20.7 20.4769026593216 20.3827464877992 20.2467251416997 20.2441518440112 20.2387425886723 20.1501082824647 20.112422817737 20.0491551379347 19.9967543075996 19.7 19.7 19.4 19.1 19.1 19.1 19.1 19.1 19.1 19.015702901939 18.8911379981703 18.7553128418286 18.615854287839 18.4889059605513 -9999 -9999 -9999 -9999 -9999 -9999 -9999 -9999 -9999 -9999 -9999 -9999 -9999 -9999 -9999 -9999 -9999 -9999 -9999 -9999 -9999 -9999 -9999
21.5 21.5 21.5 21.2692333652869 21.0877446029042 20.9345951660762 20.8114188237426 20.7 20.7 20.7 20.7 20.7 20.7 20.7 20.5349789382364 20.5 20.3390309118953 20.3276089575772 20.3125967951102 20.3030776264217 20.1525279230563 20.09848428272 20.0543076289998 19.7 19.7 19.426695056291 19.1 19.1934502833994 19.197366596101 19.202633403899 19.2065497166006 19.3 19.1006770339847 18.9826475971345 18.8554333737773 18.7295856808412 18.6196393569973 -9999 -9999 -9999 -9999 -9999 -9999 -9999 -9999 -9999 -9999 -9999 -9999 -9999 -9999 -9999 -9999 -9999 -9999 -9999 -9999 -9999 -9999 -9999
21.827075991898 21.5 21.5459437249498 21.374026710695 21.1956911429419 21.0352286571303 20.8918724237159 20.7 20.7 20.7 20.7 20.7 20.7 20.7 20.5 20.5 20.414589803375 20.3565741454089 20.3327881288032 20.3 20.3149645922911 20.2643210827675 20.3 19.9040527115006 19.6827079845256 19.4693380649852 19.3 19.3 19.3 19.3 19.3 19.3 19.3 19.0651893578225 18.9460005759948 18.8370334211255 -9999 -9999 -9999 -9999 -9999 -9999 -9999 -9999 -9999 -9999 -9999 -9999 -9999 -9999 -9999 -9999 -9999 -9999 -9999 -9999 -9999 -9999 -9999 -9999
22.2 22.2 21.68562068258 21.479706594002 21.3035172892936 21.1507906216627 21.0030241893527 20.7 20.7 20.7 20.7 20.7 20.7 20.7 20.5 20.5 20.438196601125 20.438196601125 20.4 20.361803398875 20.361803398875 20.3 20.3 19.956189046927 19.7187031623313 19.5002736774513 19.3 19.3 19.3 19.3 19.3 19.3 19.3 19.1255711766167 19.0268263670475 18.9433166711793 -9999 -9999 -9999 -9999 -9999 -9999 -9999 -9999 -9999 -9999 -9999 -9999 -9999 -9999 -9999 -9999 -9999 -9999 -9999 -9999 -9999 -9999 -9999 -9999
22.2 22.2 21.7670665294322 21.552733919954 21.3919223275251 21.2741329152722 21.1735974366271 21.0741551523197 20.7 20.7 20.7 20.7 20.85 21 20.75 20.6937129433614 20.5535183758488 20.5 20.438196601125 20.4 20.385410196625 20.3 20.3 19.9639790616218 19.7298840629969 19.5091245377636 19.3 19.3 19.3 19.3 19.3 19.3 19.3 19.1592901630342 19.0846366808311 -9999 -9999 -9999 -9999 -9999 -9999 -9999 -9999 -9999 -9999 -9999 -9999 -9999 -9999 -9999 -9999 -9999 -9999 -9999 -9999 -9999 -9999 -9999 -9999 -9999
22.2 22.2 21.781643621819 21.5607526910668 21.4 21.4 21.4 21.4 21.4 21.4 21.4 21.2 21 21 20.8062870566386 20.75 20.6666666666667 20.5535183758488 20.438196601125 20.414589803375 20.4 20.3 20.1579420704612 19.9648559582464 19.7377815566719 19.5091705883167 19.3 19.3 19.3 19.3 19.3 19.3 19.3 19.1709609905579 -9999 -9999 -9999 -9999 -9999 -9999 -9999 -9999 -9999 -9999 -9999 -9999 -9999 -9999 -9999 -9999 -9999 -9999 -9999 -9999 -9999 -9999 -9999 -9999 -9999 -9999
