All-in-one-application-example/output_without_currents/BIMAC_IDW_prior.asc
NCOLS 128 
NROWS 124 
XLLCORNER -63.5 
YLLCORNER -0.5 
CELLSIZE 0.5 
NODATA_value -9999 
[rows 78 to 103 of 124, columns 0 to 59 of 128]
24.4 24.4 24.3990631613377 24.3899073404744 24.3797120956472 24.3668148449904 24.3578950665688 24.369123719533 24.4176417265426 24.5141249946058 24.7 24.7 24.7 24.7 24.7 24.7 24.7 24.3714122662256 24.1937095254197 24 24 24 24 24 23.7 23.7 23.7 23.7 23.7 23.7 23.7 23.5512307886642 23.4583973907565 23.3792839216194 23.3230715287596 23.3057671077885 23.3274551803048 23.3228615050942 23.2950518271314 23.2503894043383 23.1676019790144 23.0078362608773 22.8333470171067 22.6726265223467 22.5458166714624 22.4686474947806 22.4545810421136 22.5206575386455 22.7 22.7 22.65 22.7 22.6 22.5 22.55 22.3837722339832 22.3281152949375 22.2 22.2 22.2
24.3992500447412 24.3985695310696 24.3961669741088 24.3880833964909 24.3876578191587 24.3967702020159 24.4259863148234 24.480995464087 24.5648330426212 24.6601329913157 24.7 24.7 24.7 24.7 24.7 24.7 24.7 24.4976063882643 24.3617027107549 24.2514191056957 24.1718905681573 24.1059134011211 24.0410203460192 23.9365102910051 23.7 23.7 23.7 23.7 23.7 23.7 23.7 23.5978609991447 23.5339316252271 23.4870576772941 23.4735126654354 23.5103650050352 23.8 23.8 23.8 23.8 23.8 23.2893276236238 23.0676869507512 22.862284010227 22.6986722288455 22.58795251149 22.5392104845772 22.5773171245813 22.7 22.7 22.638196601125 22.638196601125 22.6 22.561803398875 22.561803398875 22.3851653344388 22.3416407864999 22.2 22.2 22.2
24.3980993110581 24.397205759766 24.395076775784 24.39124183852 24.4058928252818 24.440514437594 24.5018222503507 24.5939632722512 24.7133476886553 25 24.8598245749009 24.8455844122716 24.8242640687119 24.8070367516976 24.7 24.7 24.7 24.5646404429958 24.4732670047886 24.3960765905724 24.3302871127864 24.2615941237584 24.1810416886065 24.0694455575105 23.9254889887711 23.7 23.7 23.7 23.7 23.7 23.7060672202342 23.6773871465457 23.6445851005688 23.6217316097076 23.6294159193257 23.8 23.8 23.8 23.8 23.8 23.8 23.8 23.2760906137308 23.0510915307783 22.8750131467641 22.7428703282647 22.660836910488 22.6529521352256 22.7 22.7 22.6234435562925 22.6171572875254 22.6 22.5828427124746 22.5765564437075 22.5 22.35 22.2 22.2 22.2
24.3972567787352 24.3970415009988 24.3970805493132 24.3997434160913 24.4314488967564 24.4875504717621 24.5725461218622 24.6987859837058 25 25 25 24.8929632483024 24.8757359312881 24.8544155877284 24.8401754250991 24.7 24.6903413044525 24.6328432093329 24.5925763054443 24.5528970857051 24.5128712556372 24.4647231999359 24.3954892672773 24.2732637618288 24.1324016105074 23.9996902309286 23.9075468925209 23.8473438437374 23.8161959602296 23.8131760725155 23.8163897504162 23.8083960115601 23.7911422950807 23.775638188885 23.7659436027713 23.8 23.8 23.8 23.8 23.8 23.8 23.8 23.4167070283355 23.2128307860778 23.0492851004558 22.9161388999722 22.8197790160544 22.770737941662 22.7360097413434 22.7 22.7 22.6091673086804 22.6 22.5908326913196 22.5 22.5 22.4045269806414 22.3479152583011 22.3068439633252 22.2496343748816
24.3975612550255 24.3989255994005 24.4030243156809 24.4135739419109 24.4558766333387 24.5272675874718 24.6263976204065 24.7601749615916 25 25 25 25 25 25 25 24.8101168372078 24.7431165340196 24.7089209423682 24.8 24.8 24.8 24.8 24.8 24.4669969044847 24.321687836668 24.1888213591984 24.085983603575 24.0116191727031 23.9686859763747 23.9681427247388 23.9918423368765 23.994970466119 23.9823525849294 23.9616603094033 23.9188939149879 23.8 23.8 23.8 23.8 23.8 23.8 23.8 23.5022355797012 23.3365907290681 23.2043058212371 23.0939995226233 23.005134786798 22.9370381186448 22.8697281042582 22.8050128077728 22.7457403268607 22.6864293342834 22.6309364330558 22.5786845081483 22.5301866590563 22.4861789757268 22.4438819645769 22.4139829517488 22.3837698168656 22.3364237456842
24.3999617953503 24.4036849642708 24.4123860451806 24.4303872868534 24.4796298312387 24.5588845226983 24.6635628540319 24.7956966102586 25 25 25 25 25 25 25 24.8529136612778 24.7905796543264 24.8 24.8 24.8 24.8 24.8 24.8 24.8 24.4869722791036 24.3657882334478 24.2713302899592 24.1940988025049 24.1419397962921 24.1376210668459 24.3 24.3 24.3 24.3 24.3 23.8 23.8 23.8 23.8 23.8 23.8 23.8 23.5488901322852 23.4283440322304 23.3427230567216 23.2706670876015 23.2075989251278 23.1417316130009 23.0405367658534 22.9360657054417 22.840736033481 22.7564442320436 22.6770738417475 22.6094158401289 22.5616517007102 22.5207967409588 22.4898971047857 22.5 22.5 22.5
24.4047440173853 24.410903988129 24.4238724999236 24.447954029882 24.5002724694905 24.581772047783 24.6864275080148 24.8150417612162 25 25 25 25 25 25 25 24.8803467741179 24.8223231224736 24.8 24.8 24.8 24.8 24.8 24.8 24.8 24.6200693187204 24.5426732602349 24.475077778074 24.4022973112318 24.312951478566 24.3 24.3 24.3 24.3 24.3 24.3 24.05 23.8 23.8 23.8 23.8 23.8 23.8 23.554630954922 23.5 23.5 23.5 23.5 23.5 23.2053829478555 23.0718240667349 22.945141682283 22.8371044281186 22.7392094780785 22.6607017506311 22.6144744338577 22.5730766977777 22.5 22.5 22.5 22.5
24.3796338366151 24.3675456816406 24.35718120151 24.3535767275944 24.3717335044214 24.4305083324882 24.5241124672569 24.6676652481479 25 25 25 25 25 25 25 24.8939078314154 24.8400554547763 24.8 24.8 24.8 24.8 24.8 24.8 24.8 24.8 24.8 24.8 24.8 24.4583316003708 24.3 24.3 24.3 24.3 24.3 24.3 24.3 23.8 23.8 23.8 23.8 23.8 23.6357792929249 23.5 23.5 23.5 23.5 23.5 23.5 23.5 23.1920772183351 23.043334948797 22.9182870817901 22.8097764253821 22.730500586818 22.6956547154237 22.6678196662702 22.5 22.5 22.5 22.5
24.2802002319944 24.237197018245 24.1815484787001 24.1234654674634 24.0805052842825 24.0806862578719 24.1407293388556 24.2622292076461 24.4774390526929 25 25 25 25 25 24.9472122551548 24.8989610145507 24.8511853088185 24.8 24.8 24.8 24.8 24.8 24.8 24.8 24.8 24.8 24.8 24.8 24.8 24.3 24.3 24.3 24.3 24.3 24.3 24.3 24.0753122098022 23.9641663152082 23.8244444831552 23.7073453968372 23.5956026363291 23.4972191058572 23.5 23.5 23.5 23.5 23.5 23.5 23.5 23.2725622778899 23.1447503749266 23.0303512986255 22.9215616646889 22.8449086464987 22.8228642656054 23 22.7434164902526 22.7 22.620126536676 22.5
24.1020756271582 24.0121722785484 23.8847092136938 23.7353072282426 23.5998087344991 23.5183699987588 23.5276095867246 23.615119370619 23.8088708798775 24.0956161048479 24.3616651835291 24.576738449155 24.7411756667849 24.8555015474582 24.9012807483043 24.8849432056021 24.8521797452057 24.8 24.8 24.8 24.8 24.8 24.8 24.8 24.8 24.8 24.8 24.8 24.8 24.3 24.3 24.3 24.3 24.3 24.3 24.3 24.1365416727438 24.0061651214199 23.7988409332101 23.6061336616146 23.4251379534473 23.3064474962022 23.5 23.5 23.5 23.5 23.5 23.5 23.5 23.3176744991386 23.2298751660805 23.1430800748846 23.0504437466042 22.9702041701982 23 23 22.7928932188135 22.7639320225002 22.6937129433614 22.6306019374819
23.8337416068139 23.6812205073056 23.4517550762971 23.1531350716315 22.8378780779884 22.6829108017058 22.6557890462571 22.7126261847609 22.9002918748178 23.3092859432913 23.7425824169085 24.1218365993006 24.4309040748811 24.6658344073928 24.8079407332932 24.841367542042 24.8408180110859 24.8248774560693 24.8 24.8 24.8 24.8 24.8 24.8 24.8 24.8 24.8 24.8 24.8 24.3 24.3 24.3 24.3 24.3 24.3 24.3 24.1663961017727 24.0241768513441 23.7685703472228 23.5008237291187 23.2170044875 23.0057126368583 23.5 23.5 23.5 23.5 23.5 23.5 23.5 23.369569539118 23.3339213891367 23.2771849150067 23.202633556244 23.103353863602 23 23 22.8591354766549 22.8693980625181 22.8062870566386 22.7360679774998
23.4756943677938 23.2528588755824 -9999 22.3691780930279 21.1 21.1 21.1 21.1 21.1 22.5200477741463 23.1019997914914 23.6313042937449 24.0665696915785 24.4117723877581 24.6611518030534 24.757544415799 24.7994626287168 24.8121512069683 24.8106665993561 24.8062285679956 24.8028845519642 24.8008811793315 24.8 24.8 24.8 24.8 24.8 24.8 24.8 24.5389635935507 24.3 24.3 24.3 24.3 24.3 24.251696387298 24.1948974921438 24.0504810246247 23.7670103528233 23.4242721377147 22.9523878595029 22.4037321028374 23.5 23.5 23.6531128874149 23.6549703546891 23.6708203932499 23.6888543819998 23.7 23.4412940871621 23.4610440545709 23.4448310650202 23.3971956738743 23.2806841471071 23 23 23 23 22.879873463324 22.8
23.0801332035678 22.7982279328878 22.265639906949 21.1 21.1 21.1 21.1 21.1 21.1 21.1 22.5478417370543 23.1819705040908 23.7039926206192 24.1376948357567 24.4728762950537 24.6367489350463 24.7277504141845 24.7742600502469 24.7942783244883 24.8003672827597 24.8012878781723 24.8007024902033 24.8 24.8 24.8 24.8 24.8 24.8 24.8 24.5988173012946 24.4778382787037 24.399490568076 24.3504162869943 24.3199681913442 24.3016452373067 24.2787540989093 24.250892030863 24.1396651624932 23.883974395303 23.5137468160953 22.8571898680517 21.539188290693 13.2 19.8875244714511 20.2183088170906 20.6933519562155 21.070629309807 23.7468871125851 23.9 23.85 23.8 23.8 23.8 23.8 23 23 23 23 23 23
22.6878392919355 22.4021034624586 21.9414527384235 21.1 21.1 21.1 21.1 21.1 21.1 21.1 22.1724345325276 22.804928731424 23.3689840352601 23.863900856457 24.2576199556304 24.4855918181743 24.6286382723778 24.7139253796286 24.7604734496918 24.7830476120618 24.7932456177507 24.7974355846781 24.7991344862504 24.8 24.8 24.8 24.8 24.8 24.7002222117435 24.6086483312576 24.5172494514877 24.4412264178815 24.3867843479789 24.3513692709221 24.3343330335363 24.3304333134262 24.3442548654726 24.6 24.6 24.6 24.6 18.9 18.1675682014394 19.643650813896 19.8782809329041 20.7750096111838 21.6824492708945 20.8854992004143 23.8617217781463 23.8472135955 23.8 23.8 23.8 23.8 23.4 23 23 23 23 23
22.3506549158177 22.1003267741524 21.7182205478664 21.1 21.1 21.1 21.1 21.1 21.1 21.1 21.9425902354568 22.5315672067584 23.094912473026 23.6113837917881 24.037796019098 24.3176769069415 24.5088173682994 24.6336135869937 24.709910333123 24.7529517622431 24.7763828828676 24.7885319200065 24.7945679167348 24.7975211727497 24.797960324588 24.7903502008929 24.773601485774 24.7427080420571 24.6880650431433 24.6177257579183 24.5429394056807 24.4734929430069 24.4210137940303 24.3893389561245 24.381769713873 24.4073868439284 24.6 24.6 24.6 24.6 24.6 20.7644898483825 19.838374010611 18.9944804209181 18.7 20.5125212942466 23.9 21.8811296894048 23.8612574113277 23.8427050983125 23.8 23.8 23.8 23.8 23.8 23 23 23 23 23
22.0781405264043 21.8742725113195 21.5657603287633 21.1 21.1 21.1 21.1 21.1 21.1 21.1 21.8037423835615 22.3441623644668 22.8821397687225 23.392123716808 23.8271433985156 24.1439094192607 24.3752693710592 24.5368994559964 24.6436625110578 24.7099617153809 24.7498330094518 24.7728019535026 24.785301025683 24.7912699173588 24.7916379561572 24.783303468906 24.7641097104789 24.7320221272116 24.6852025366447 24.6266450381181 24.5629586177788 24.5013228475752 24.4542765697112 24.4287192104072 24.4289589845868 24.4640085281676 24.6 24.6 24.6 24.6 24.6 21.1064631828278 20.0531159620631 18.8213856178698 13.2 19.643650813896 21.290285352134 21.4108646298012 23.8572949016875 23.8387425886723 23.8 23.8 23.8 23.8 23.8 23.4 23.4 23.4 23.4 23.35
21.890132621526 21.7376860825247 21.5000347044249 21.1 21.1 21.1 21.1 21.1 21.1 21.1 21.7642852211269 22.2481703618888 22.7383577534907 23.2156300008185 23.6378558767346 23.9751592722195 24.2361583550508 24.4290294570722 24.5644577684031 24.6547755418528 24.7130356907561 24.749075709796 24.7700546313202 24.7806374867478 24.7824688706339 24.7746317445757 24.7562292687476 24.7262915670937 24.6848940025156 24.6343755020267 24.5793804583614 24.5259752757079 24.485665681924 24.465675612002 24.4701204759641 24.5042530831945 24.6 24.6 24.6 24.6 24.6 21.435026978573 20.5796592590401 20.3896981983523 24.5 20.6664778952654 20.8008130618756 20.9972733859298 23.8527864045 23.8382782218537 23.8 23.8 23.8 23.8 23.6130994332011 23.4 23.4 23.4 23.3617217781463 23.1950490243204
21.7619814163145 21.6555133241283 21.4994285153837 21.3210462571189 21.1 21.1 21.1 21.1 21.1 21.4340460633387 21.7837988065546 22.1936731114244 22.629338498001 23.0648571646714 23.4725768937219 23.8175792525328 24.0978837688095 24.3152374326847 24.4759046128114 24.5893235015156 24.6666313096242 24.7171740826221 24.7482970399452 24.7651563463661 24.7701950595239 24.7644192328542 24.7479480781653 24.7208534321611 24.6840347471235 24.6398116911312 24.5921380246016 24.5464734311851 24.5126832645122 24.4971226331016 24.5029900314196 24.5334600495854 24.6 24.6 24.6 24.6 24.6 21.5317447164463 20.951612212488 20.1220874800324 21.2274820728656 20.9344925973516 20.8008975115842 20.8467001542426 23.85 23.8 23.8 23.8 23.8 23.8 23.5869005667988 23.4 23.4 23.4 23.3690983005625 23.2063378687699
21.6669002720518 21.5950038449684 21.4910428950193 21.3761634770581 21.2750591438103 21.1989136539649 21.1725904398281 21.1976441751569 21.2961746536618 21.4988826348882 21.7900138087789 22.1452449687266 22.5375768518619 22.9411908291438 23.3299368405176 23.673816118334 23.9648018728972 24.199936399754 24.3815342256706 24.5159045762866 24.6117890301522 24.6774351987807 24.719882557549 24.7444857455065 24.7547430664663 24.7526658575264 24.7393997752201 24.715879983826 24.6835807047085 24.6449626287922 24.6037249451617 24.5648940024524 24.5365152472649 24.5221925437658 24.5248296815187 24.5467250524986 24.6 24.6 24.6 24.6 24.6 24.5560392194563 21.0798966897094 19.819386745184 19.98 19.819386745184 19.5324317985606 24.5 23.1180730955828 23.8 23.8 23.8 23.8 23.8 23.4 23.4 23.4 23.4 23.375 23.2125
21.5977721940209 21.5463759215461 21.4724081906905 21.3904301123428 21.3159325077366 21.2506180890673 21.2274494101173 21.2589352209324 21.3606302122345 21.5407737110101 21.7956631318869 22.1108120511453 22.4661816590815 22.8396804711288 23.2074391967609 23.5444280485224 23.8394428974408 24.0863979577666 24.2844236681434 24.4368927629359 24.5500484508387 24.6307012372391 24.6852470086988 24.7190282681856 24.7360594799418 24.7391245652128 24.7301875688417 24.7109036577473 24.6832417006945 24.6498479343851 24.6142627842674 24.581000000645 24.5558908317499 24.5415726994848 24.5399365302038 24.5509825131201 24.5713058825268 24.6 24.6 24.6 24.6 24.6 24.5 24.5 24.5 24.5 24.5 22.9031566977848 23.1285652239422 23.460974142519 23.7145651447926 23.8544747737776 23.881440891163 23.7775077475902 23.4 23.4 23.4 23.4 23.3690983005625 23.2063378687699
21.5505290963523 21.5129309813316 21.4588645074993 21.3984115206748 21.3423329189412 21.2932661685101 21.2788868272902 21.3139164439685 21.4106723718091 21.5744156050365 21.8029306358604 22.0866563297123 22.4104849557068 22.75605829518 23.1023241865599 23.4288535429926 23.7230275200056 23.9768454951606 24.1870519396815 24.3544993068205 24.4831003254584 24.5780811009322 24.6449434100723 24.6887362363155 24.7136619085779 24.7230013940769 24.7193353775779 24.7049090696935 24.6821091604976 24.6537398559449 24.6231839725951 24.594397256537 24.5718377002248 24.5574986876261 24.5525746824221 24.5566845735648 24.5672230510068 24.5444455093428 24.4646150231496 24.3224055832863 24.1395774878892 23.863055166837 23.5234094295845 23.2375496202777 23.0615772037432 23.0065672437564 23.0565791649289 23.1275287207056 23.3625343959754 23.651702530424 23.9190971218547 24.0841929586382 24.118455816345 24.0022915267506 23.4 23.4 23.4 23.4 23.3617217781463 23.1950490243204
21.5186026291852 21.4907296089685 21.450708939677 21.4059081359704 21.364747926844 21.3311606561466 21.3262611455342 21.3641225621513 21.4551167837037 21.6048125535806 21.8119673797675 22.0696838034756 22.3661740553062 22.686164519029 23.0113763550518 23.3256006780508 23.6156699811411 23.8725171550417 24.0912096433105 24.2705886707041 24.4125574713415 24.5207776391744 24.5997157949035 24.6539053019105 24.6874768018374 24.7039614095292 24.7063577243614 24.697357103498 24.6796730736008 24.6562253535106 24.6302438970394 24.6052118872194 24.5846451748247 24.5701068553384 24.5617528920117 24.5577456751375 24.5528718870865 24.52106467458 24.4353333438424 24.290779460762 24.0970022300102 23.8471058958118 23.5631742949853 23.3118698105031 23.1293727003312 23.077082328591 23.1570182460124 23.3531334888922 23.6565895200143 24.0185858755275 24.3590561694234 24.5286770142045 24.5680596856038 24.5052884809053 24.2768094576286 23.4 23.4 23.4 23.4 23.35
21.4951804503178 21.4747132575353 21.445286191998 21.4127661649191 21.3842507719297 -9999 21.3674523868167 21.40903351944 21.4961243337637 21.6341520593619 21.8207163028387 22.0559861827836 22.3285499159705 22.6254030574034 22.931743824869 23.2331103634147 23.5170121092406 23.7740100414677 23.9980970355939 24.1866253953825 24.3398394507641 24.4599620677964 24.5503870650515 24.61498998564 24.6576325526796 24.6818866258854 24.690981745265 24.6879059907505 24.6755994110415 24.657050883496 24.6353467651006 24.6135735062845 24.5945440928532 24.5794133107653 24.5674204312101 24.5555605871835 24.5376352452829 24.5025479617037 24.4215414200805 24.2926460430306 24.120418160066 23.9095968540766 23.6782694025675 23.4729765980364 23.3116523444096 23.2894021896943 23.4062653225678 23.664039655804 24.050582905367 24.5149886792143 25.5 25.5 25.5 25.5 25.5 24.5274794401079 24.153406717284 23.853614464947 23.6283265473325 23.4653001139529
21.4773491747789 -9999 21.4380214588012 21.4173600662476 -9999 21.3903640788855 21.4026350275758 21.4461353478175 21.5298968485038 21.6569079372556 21.8280107451765 22.0442513487698 22.2960964265434 22.5727118959769 22.861602162219 23.1500576390134 23.4264765881155 23.6814834421218 23.9084643264268 24.1037043169859 24.2661292552716 24.3967031188657 24.4977842905439 24.5725207964691 24.6243682122339 24.6567714462645 24.6730255815099 24.6762727538684 24.6695792670459 24.6559614418154 24.6383709351593 24.6195593475466 24.6017509883155 24.5857915909999 24.5702989517725 24.5517287427709 24.5241098382036 24.4783082386339 24.4035338993666 24.2951008353402 24.1540235128003 23.9881977013365 23.8139565067056 23.6477701763053 23.523001406589 23.5444057948448 23.6987701949984 23.9895707176328 24.4472354437223 25.5 25.5 25.5 25.5 25.5 25.5 25.5 24.5461106571554 24.1525833298323 23.849656753239 23.6272859570439
-9999 -9999 21.4323148555675 21.4212106027054 -9999 21.4114608151141 21.4308730762388 21.4773074969112 21.5586716514103 21.6760939757886 21.8344566989116 22.0343920249714 22.2681131167661 22.5266536488718 22.7994062573378 23.0751938192335 23.3433580155893 23.5948319767322 23.8227276414029 24.0226016442462 24.1923664341978 24.3319246359262 24.4426837603805 24.5270514520995 24.5879931853413 24.628701388949 24.6523992629506 24.6622568617086 24.6613762655303 24.6527547451295 24.6392099428687 24.6232133101049 24.6065781076178 24.5897101237307 24.5709926302371 24.5468017506649 24.5117057916075 24.4584439784215 24.3799273792807 24.2726394604741 24.1380453894833 23.9848717615199 23.8285259588328 23.6904600868108 23.600173279717 23.6560517910135 23.8518557683262 24.180746560572 24.6561831542046 25.5 25.5 25.5 25.5 25.5 25.5 25.5 24.7949788425257 24.40165901569 24.067463971908 23.801987834717
-9999 -9999 -9999 -9999 21.423764081712 21.4309796649729 21.4551727931503 21.5034055391012 21.5816561061591 21.6921093942176 21.8399161216456 22.0258299691682 22.2436510249076 22.4859964897441 22.7438583604308 23.0074101596691 23.2669285812939 23.5137910369899 23.7410634439218 23.943837556781 24.1192723015269 24.2664022002571 24.385793071499 24.479139050959 24.5488748410258 24.5978538372318 24.6291199992302 24.6457661035928 24.6508486928152 24.647296605626 24.6377848314951 24.6245407449935 24.6090432402554 24.5915207332818 24.5704604314062 24.5426898795899 24.5036588694489 24.4479575648694 24.3707654837251 24.2699321819043 24.1474193435495 24.0122179339164 23.8793334917162 23.770032490149 23.712806100975 23.7920806565845 24.0041520433198 24.3380244939336 24.7928629114261 25.5 25.5 25.5 25.5 25.5 25.5 25.5 24.9518652584853 24.5873529156211 24.2565890324965 23.9856780544619
