output/BIMAC_interpolation_sd_no_advection.asc
NCOLS 360 
NROWS 155 
XLLCORNER -179.5 
YLLCORNER -70.5 
CELLSIZE 0.997222222222222 
NODATA_value -9999 
[rows 110 to 131 of 155, columns 196 to 244 of 360]
-9999 -9999 -9999 -9999 -9999 -9999 -9999 -9999 -9999 -9999 -9999 -9999 -9999 -9999 -9999 -9999 -9999 5.48587265286698 5.61575555453888 5.62304543747963 5.67560359293901 5.69188112339159 5.63469114212628 5.30878325404294 5.25857698749782 4.96121891609321 5.01811764727167 5.15638946144805 5.45491368854932 5.67959152165398 5.49496980875193 5.36385458545996 5.22366747710544 5.07552547979401 4.87192320567286 5.26751246953958 5.16081674971341 5.46703155452443 5.83809688685708 5.99043094941944 5.7192735955966 5.89974438167619 6.07212179387307 5.82480726754419 5.72643081053613 5.96399350057489 5.96386558456712 5.75495989826091 5.5748756676429
-9999 -9999 -9999 -9999 -9999 -9999 -9999 -9999 -9999 -9999 -9999 -9999 -9999 -9999 -9999 -9999 -9999 5.86320396970677 5.73050653161129 5.70963583918438 5.46008277671963 5.48445870026144 5.62635853043996 5.35607123574659 5.46165857785629 5.44548000228066 5.50701048652703 5.21608586955834 5.59696466844788 5.67876304042499 5.47302188622427 5.26203521368502 5.5591478001662 5.15576363957059 4.92662560953562 5.39746433904922 5.47011529458393 5.60163066970425 6.17738545832261 6.30628790348718 5.9419070094762 5.95060927279115 6.16811795632389 5.93491440106247 5.78940718284775 5.980177290738 6.017109028106 5.74044055533449 5.67518154222097
-9999 -9999 -9999 -9999 -9999 -9999 -9999 -9999 -9999 -9999 -9999 -9999 -9999 -9999 -9999 -9999 5.84737691502229 5.67840208604257 5.39658255653898 5.15376777399285 4.98979122198885 5.02856722686474 5.3284647113582 5.14647387909903 5.50457128307099 5.60898268138008 5.67098331698884 5.2273704889479 5.43537674180826 5.44092964164649 5.26897427940788 5.13561661080628 5.35729661461119 4.99793816007885 4.93172379707786 5.46130272325824 5.44250845643967 5.63747654674641 6.3367418931829 6.35722979794235 5.96130559405639 5.97025259185888 6.09599625541416 5.86531953286647 5.65684411595377 5.60587508856525 5.70140855006578 5.58775892567867 5.47977032809531
6.68085776318585 -9999 -9999 -9999 -9999 -9999 -9999 -9999 -9999 -9999 -9999 -9999 -9999 -9999 -9999 5.89891776982468 5.6786774056374 5.52004234174866 5.28572993706758 4.97972178533327 5.04849846327212 5.12322074661715 5.27499773481065 5.43351580222713 5.86824731959486 5.92824266575456 6.15735994639043 5.79334546725078 5.7695293015788 5.7459286305106 5.57043870548055 5.41572092167476 5.75888584439159 5.4532408102234 5.40124788305161 5.9346924543538 5.83497426458267 5.93498123203249 6.40903052535546 6.4012989649021 6.01491537825974 5.937141866073 5.98717444175172 6.13888506193137 5.87071908134634 5.75989932691801 5.97437091327392 5.94073993455965 5.92513285736941
6.85344687364501 -9999 -9999 -9999 -9999 -9999 -9999 -9999 -9999 -9999 -9999 -9999 -9999 -9999 -9999 6.34155994033747 5.87556144879321 5.59919384575241 5.45951391100138 5.13920551254271 5.24505535273015 5.46535420849759 5.66848800838075 5.61752563875361 5.94191348444816 5.98552185570249 6.21516965027438 5.82215030210259 5.80959032423666 5.73196272866276 5.67351641996027 5.48977732879469 5.63815788733334 5.38781122216931 5.77849342748295 6.21374284236285 6.23121473757816 6.50867913385206 6.81617963116532 6.40895382618254 6.44381115048491 6.312303536557 6.17737423404072 6.39740632389914 6.14848556820516 5.69936734379811 5.78194987146864 5.88082358671809 5.67620793020479
7.19115005450178 7.28783761882552 -9999 -9999 -9999 -9999 -9999 -9999 -9999 -9999 -9999 -9999 -9999 -9999 7.27569812828329 6.73619017480349 6.54049547085722 6.2298380979128 6.12257927609506 5.84424654092295 5.773307675476 5.85112115897805 5.90238517349325 5.79459181286171 6.12343547538639 6.23171040100922 6.3668186215979 6.06486906830663 6.04397685768107 5.97609394936202 5.92267345813258 5.80904342247122 6.02136593486967 6.0721012453567 6.32242789006857 6.72750588211685 6.63746364100952 6.59778276674345 6.58233808703023 6.2691809254679 6.30386730398203 6.33933631912053 6.09307308221112 6.37931150070348 6.28050695588647 5.89492429577313 5.71376179413829 6.02689409626138 5.62986429457602
7.10336577264124 7.19466676498364 -9999 -9999 -9999 -9999 -9999 -9999 -9999 -9999 -9999 -9999 -9999 7.13564828553636 6.90624329112588 6.43621523359767 6.37398401639818 6.18749402193662 6.10567308255323 5.88501291120586 6.09295558589593 6.15418954911492 6.14739402631358 6.08749916309306 6.39737764748369 6.34102802191009 6.47697084309235 6.60128962865246 6.51567186377966 6.54924078139437 6.56725267677971 6.63166127868471 6.59257934231419 6.65531878464114 6.74105316624299 6.88628532177428 6.64001237969087 6.44314651862163 6.42318944415509 6.16157929170516 6.47420304061757 6.52029351423126 6.289571060551 6.51619029960117 6.62517600537947 6.11460864453593 5.99466246419511 6.28753426241301 6.06301088657559
7.13398640543974 7.23351490923033 -9999 -9999 -9999 -9999 -9999 -9999 -9999 -9999 -9999 7.0977332249079 7.18717005351514 6.94333138111697 6.91927144660096 6.79277711488479 6.61074695961202 6.4475153923943 6.43634526146435 6.37031800608681 6.43599492967713 6.57751273595806 6.47831553765863 6.51451616251135 6.51410585097294 6.34375194216713 6.34913204206247 6.31107560790023 6.33594372451293 6.51412673226346 6.65117288623462 6.70764425441202 6.92183717386551 6.9239003082084 6.89511574561867 6.82299855286774 6.68129057888896 6.49369569524638 6.49861606811168 6.39215759292625 6.70139259431893 6.71180696746286 6.23461508942775 6.44173245679061 6.42467989545633 6.17367104963389 6.16981289938202 6.7155310120152 6.39965861111466
7.00447530906678 7.0042013348059 6.85284685654771 -9999 -9999 6.3775730711733 6.33889336397701 6.61734002108651 6.42825241646762 6.57489885932227 6.46199905635511 6.66993024025066 6.78506625463089 6.85504771624715 7.05115816986243 6.85039811522917 6.70426505725199 6.56017627044049 6.36086210711296 6.15175217784346 6.05190760490992 6.33046763378247 6.33134092565918 6.31576443699797 6.29533123059423 6.44323017831656 6.10167118164269 6.01612825828716 6.06420876094822 6.28690280517971 6.39563957274652 6.58155556071262 6.8307754116414 6.76001787128464 6.65503514367335 6.72744350929869 6.55533594473874 6.34734927071664 6.36903259098475 6.37050521522856 6.60295462281821 6.88310688392817 6.42332888022235 6.76353657014935 6.45521579270237 6.24725945849319 6.09516163351073 6.5435702240651 6.12525599202998
6.88562200612013 6.74582965281625 6.70657207532787 6.83416533294813 6.53847285177895 6.51353593089045 6.65681296475747 6.84211427957559 6.6556614184829 6.91939429987396 6.7012016159426 6.7670436291963 6.82042610942155 6.88431358081775 6.94147501370189 6.74123992936132 6.73461034666756 6.6462942776885 6.427866592353 6.32529909029495 6.33424846557137 6.51998161873977 6.33528336653206 6.3691052518822 6.32914435706161 6.40548579508067 6.05260384314996 6.04268095491713 6.16051411821714 6.59995328672665 6.41278136457032 6.60206570828627 7.04190593428757 7.00086790160463 6.53220666916728 6.80827341132248 6.70074759473804 6.36013146770086 6.29164974825017 6.45394291706417 6.64446605048376 6.83239657344726 6.37848347920293 6.71556960268128 6.31599776955405 6.07549492526608 5.92394954453196 6.13801633705718 5.97265817837397
6.76467501000794 6.57449362651997 6.58841438874828 6.6780251731059 6.40800269550888 6.4345295794531 6.61829683212369 6.77098339747647 6.74880748158478 6.83823174766996 6.60380370837379 6.59303936633599 6.54961167578528 6.32897851138689 6.604011451278 6.36029331947779 6.13695957817557 6.09290637536823 6.09205377301083 6.06067175200487 6.17058335681657 6.60001216067357 6.5004293027547 6.63296915849895 6.44673847326197 6.63130149937462 6.38238871225349 6.32019483043425 6.36406167570708 6.7225878135726 6.30761299285508 6.34629027134254 6.6674420130342 6.69045228625943 6.38325591960989 6.85248278252376 6.82075673799989 6.65212790445402 6.54974602045997 6.67928498406948 6.68636026911308 6.7916446168418 6.60255867207264 6.85688772367389 6.58766181176628 6.17381307391442 6.26996078363777 6.16919497832957 6.02823214889533
6.90110727229519 6.79162421000265 6.69932093186205 7.05545655776908 6.74055977832131 6.54517397347868 6.57568187883252 6.69926538459499 6.77690888203514 7.07879151866556 6.89311479687798 6.93835638938603 7.08579309287579 6.71533401483833 6.92475647836315 6.69551725960381 6.34161248296558 6.25752225665728 6.34189388474134 6.10540224123475 6.15648941701787 6.67583254573471 6.22665407229359 6.39379595415569 6.24374498598013 6.4074670027314 6.10814403344782 6.04749698808297 5.94763099627234 6.25222903926203 5.90780713731576 5.87022652299257 6.22419980311838 6.39428508189861 6.28652150775579 6.81063778887629 6.78253077542708 6.88575489825796 6.70309529033594 6.76044153897742 6.66172189747752 6.95491545364085 6.71622601509199 6.98777451208309 6.65184989963409 6.20756916345099 6.16355176199865 5.99167050290664 5.75066336965079
6.76524180456354 6.63231516143921 6.61439809522545 7.14289266140239 6.92686504315181 6.94479252017154 6.98192709259938 6.96577685039123 6.84977083142306 7.13016982921991 6.80717877706536 6.46145009844718 6.40358062212332 6.22644914382099 6.29845282927636 6.05654680845071 6.18541239560165 6.37315954828351 6.41645802433669 6.36082911923998 6.31700819301947 6.64064960462717 6.33361680376283 6.45043695573095 6.32369732684031 6.63642044919183 6.59971911221066 6.72440328671449 6.62440485408228 6.82634834128711 6.58364731022008 6.47947786270776 6.54564901101421 6.77691212501517 6.72669842415343 7.05515480328461 6.90857199915994 7.00748870807819 6.72603265182904 6.75631744943179 6.73597617099127 7.08805475549351 7.21392530057224 7.42526589429333 7.02646515713506 6.6860300471148 6.53644623101688 5.98043885324375 5.86051600461794
6.82077213878635 6.81627696875453 6.4685081922536 6.89491474289744 6.78278703286277 6.9324551796305 6.94231548528277 7.16702641975985 7.16236676828028 7.48086909048634 7.21361488389727 6.51501660788311 6.45973365064254 6.07420278263583 5.92766386508401 5.67540194035031 6.04270395634788 6.21733954111144 6.43554075429159 6.66937906166134 6.67730289424578 6.92238255797749 6.55070364991315 6.67155158963168 6.35546667322908 6.47497444674793 6.60166036130271 6.68829038444811 6.63466016106105 6.90805749329509 6.77821295140636 6.79977720902164 6.82797009098749 6.97656185174984 6.99995502196338 7.18414394826172 6.83177913975247 6.98649118090907 6.86236659162519 6.79577006787864 6.85630956827835 7.17380175120069 7.05170583360175 7.12141233150065 7.01618066904134 6.63668200692197 6.57114301568513 6.24493457173546 6.15771065618929
6.22855507642599 6.30641919101184 6.15732178309252 6.65657263423965 6.58457397248603 7.05244311789457 6.66318528026985 6.92744704884294 6.85424631440445 7.11280190749519 6.84494355614699 6.45644269163639 6.34722996311695 5.72814709229302 5.66102569601776 5.52683080379881 5.85148319199262 6.03777957959841 6.54729757302871 6.82518820062363 6.72037599659911 7.02868067339072 6.68238195451409 6.8498806543839 6.4599529765805 6.52045331435397 6.64560149130611 6.84094025319885 6.73010308889541 6.86224704919631 7.04971048854026 7.09703636268459 6.9586283910774 7.00201977237819 7.12398855994964 7.15200748566633 6.81962096356622 7.06910918499536 6.84965299975457 6.80622058478685 6.69718672540452 6.98079862969849 6.85867937243525 7.02478588466911 6.87703409797206 6.74149243495084 6.7510200426734 6.73594506533398 6.72599713262974
5.27734178771413 5.76931013342192 5.71729957012548 6.55826676464322 6.54190514869704 7.24171643677032 6.7332423198973 7.0051362544651 6.8542220207959 7.12411141603535 6.95176867416121 6.64671887602546 6.46998533093277 6.16509062515947 6.11375974344219 5.94955154089023 6.42523530969742 6.62233540468161 6.7965201299478 6.88840417147107 6.71090240824069 6.49793074903733 6.14791317286655 6.3317441115665 6.09448568545406 6.21468491024324 6.70411197373462 6.85739627219233 6.90468791731503 7.05869325211088 7.3645664136919 7.40700341178608 7.46353115980189 7.28569536483386 7.30199551777014 7.10483370094411 6.76321873958466 6.97150316439096 6.94365090575468 7.0331825451313 7.04941412283868 7.31909758593811 7.16503502595374 7.37584527779714 6.97379172976114 7.17568551315702 7.08766286152561 7.05528567532369 6.89674530222535
5.2139742159497 5.53672720890977 5.69344075114911 6.12344035184964 6.39695876212881 7.3087107578521 7.03980017233079 7.32422003758807 7.24293205607373 7.13042700955066 6.52976087363944 6.11180234898973 5.73884425060786 5.53898790227914 5.68204325412394 5.83936656344003 6.51129459120789 6.71924505361724 6.79691340815316 6.95557992184167 6.68620691350066 6.27315495843715 6.27564123973896 6.46145627038521 6.32435600960246 6.59860911224198 7.29984582042809 7.25442776915433 7.43479066830788 7.46550662836184 7.57780559170573 7.42770560551604 7.51465452115595 7.29735128449573 7.25339936186433 7.07631903824907 6.81458519129883 6.93849289573106 6.82599854613796 6.81844133350949 6.90447868534047 7.03031466728262 6.91443964874903 7.17580668746908 6.82632988892222 7.11561333156703 7.22371101881799 7.25896642377353 7.18175653646793
5.33039004601928 5.68526572561265 5.7971214634161 6.0003596301846 6.11345171722742 6.92081075093039 6.56623408109459 6.99515481781911 7.05416921158994 7.05006421069408 6.49436095510511 6.57510015549265 6.41253429568761 5.98243182104658 5.97170607303993 6.18715736995981 6.31415676039356 6.2657620301046 6.68001799673118 6.90234764730259 6.74876118288332 6.49149979682323 6.42214434806925 6.67002213014859 6.6064989035812 6.8290358762708 7.45498597370445 7.4686767573161 7.45942214661343 7.32161919180868 7.29256158742437 7.21777208750984 7.27275886308669 7.07384184391591 7.14268492839342 6.83317432254414 6.48574176768022 6.56582353069119 6.45100737502059 6.44389875432179 6.64298438712345 6.9124556082395 6.7684144258707 7.10530296650703 6.50689915507954 6.79391937631074 6.79007925245947 6.82979349984935 6.73289650152165
5.30356188057673 5.56284680216329 5.7294671023718 5.93414132583964 5.93933490662305 6.45049323690027 6.13455259498753 6.35933845510222 6.15931737878824 6.23276236372431 5.84086003471385 6.23066501744479 6.30247797074325 6.21236217671548 6.18948940408129 6.56546353558246 6.36862215707197 6.26753131033694 6.66788159038512 6.9207504158011 6.79602016880381 6.73796178416541 6.68295675584139 6.81738009221645 6.7844955140076 6.88964733474599 7.29712301246891 7.38281945398113 7.49649567008525 7.21845200052576 7.17668236955269 7.06567459592372 7.19035559800351 7.01901623052816 7.14355856295472 6.79063908339389 6.54351186248502 6.50167879358369 6.343517385181 6.28149096560846 6.43984278925596 6.72325449083306 6.93223511852326 7.18479923138129 6.72620358649181 7.03417849278026 7.00614151692429 6.90797065510057 6.73538543581617
5.92140186217882 6.1784422602758 5.80774213884653 5.93199107623855 5.84465542480665 5.91792801323038 5.95434687453719 6.43719724069121 6.29237563349445 6.24402592153441 5.98176404170346 6.14501946732097 6.15356498864517 6.27691390340369 6.31843829106806 6.59123519471278 6.43454191815019 6.49743178137091 6.67262867359952 6.54975376336865 6.46682081619272 6.20707299654406 6.03099555524769 6.13171487080846 6.47826601229573 6.84358299195393 7.24920158279566 7.20744627281592 7.30493864175717 6.97609312091465 6.7126898545342 6.64776982740304 6.84205782405444 6.81002610372781 7.01446613323081 6.58029652604569 6.32166315171949 6.28501461459641 6.02730060160178 5.89658887870584 6.19912113952586 6.41739911153598 6.68286293968255 6.98300109866697 6.73900992078767 7.01042188799234 7.03008297741306 6.8578296553603 6.70781159127954
6.65104931674193 6.36544694309592 5.99434485333741 5.99510289234181 5.9132963437692 5.80095008255904 5.99983640243075 6.34495742149746 6.11726213871693 6.1573142168803 5.76734146807382 5.6636944352143 5.79495793327917 5.93013082458594 5.890593509031 6.21222137450668 6.33654571844954 6.43472719154073 6.70835098263448 6.61071397175555 6.62313076517274 6.61337183681172 6.22380041222579 6.27839501397241 6.65045347086049 6.92036988375343 7.01446740548158 7.0745040989893 7.05554147387991 6.68198225850136 6.35137065760473 6.35760286303106 6.38178857740737 6.42010271189591 6.67410664756701 6.32106518496391 6.11195328426073 6.19296908139852 5.86565194129648 5.67221991491592 6.08282013032186 6.23077749709241 6.43006784227663 6.74262529772973 6.59949949585654 6.76794501130575 6.70925661430615 6.67066077510758 6.60421304524884
6.1839064356028 6.00467779458262 5.27333390627561 5.42042540179392 5.24917616547739 5.3141710880642 5.44381093492074 5.99267723810734 5.39473463901636 5.34046331268035 5.10493639855361 4.98929618591926 5.23984709460111 5.58313837748929 5.6132457756381 5.90202933130548 5.92191095795281 5.76233891286695 6.16264485736554 6.1677694441111 6.30407604521667 6.33709860324252 6.19278116055976 6.17871587548621 6.33870531715127 6.51837899650606 6.60422132727287 6.45031061910157 6.35264138625043 6.20264725029689 5.87782057294457 5.94652887668368 5.94218002138752 6.0846660224549 6.2209233500886 5.8482050101703 5.37774541573294 5.73597033057173 5.42927080695972 5.43855563493648 5.77041440568522 6.25421330209623 6.31174572130482 6.65982628478234 6.57977950503703 6.81043611366537 6.58165635785365 6.65009706208768 6.44512102187055
