output/BIMAC_interpolation.asc
NCOLS 360 
NROWS 172 
XLLCORNER -180 
YLLCORNER -82 
CELLSIZE 1 
NODATA_value -9999 
[rows 0 to 21 of 172, columns 147 to 195 of 360]
4.73993165560238 5.89852169556583 5.69805924950986 6.00772102372018 6.3755920156362 5.95796032553516 6.80537055817893 6.24628975750156 7.03294541700512 5.87668673396755 6.15926128669277 5.72976553601074 5.77827923620355 5.1660499182045 5.87345806354658 6.2472415910436 7.00680962316386 6.9290159824084 6.52281977835535 5.18151445160159 4.32390381949385 4.77062577713951 5.73704983460439 5.87250135763919 6.13871051102713 5.49358838675762 6.01111161397902 4.73531015685406 4.98628782903736 4.6403978980978 5.14617866650951 5.5422524041917 5.60918402285253 5.42793327029911 4.71598704947702 5.42280347715201 5.6974993394523 5.96987885015086 5.41526730133639 6.58979938941994 7.70624558373765 7.68848668579988 7.77473361879156 6.59089450566563 7.08000573895475 5.80729650073502 6.21331198192654 6.1071329010095 6.74734180910831
5.58793206754875 5.73070223806306 5.58988566109154 5.90025160185511 5.80612406087397 5.70546016700774 6.18742803467132 6.34089917434687 6.9730728043703 6.20168700690853 5.98377435937826 5.25480597384309 5.4281503287567 5.09036010973657 6.03158020984158 6.21345842628926 6.74562134598997 6.31466764319717 5.9604784571359 4.95129400330336 4.51241695963603 5.48093536775584 6.15675860857563 6.17306166625168 5.91178222252927 5.49827415164105 5.86245127530365 5.02637626634818 5.20169802374171 5.2118231122446 5.4448864963278 5.64658549509538 5.68282308707422 6.00278012934099 5.8121665786917 5.92333729119203 5.69265906425948 5.42615568129817 5.23114999676291 5.80858043391279 6.79327218038365 6.77077262568694 7.06979576482268 6.01223096651828 6.13352595276836 5.14660549494565 5.63653711606663 5.692688526149 6.27806104861982
6.32823359579792 6.56322246192338 6.6053400135396 6.15180725405309 5.46775769166432 5.28997638013173 5.45407779479707 6.73923782024273 6.96197110425084 6.60361121043696 5.74831632161083 5.43606579470803 5.50605682063442 5.63261032810085 6.37572135942754 6.10438336132068 5.78563160520226 5.87670171054473 5.9111782857965 5.41394413799084 4.74272099352543 6.03389048302487 6.43036462991431 6.44596605723238 5.9053049192995 5.72539981692272 6.43080669533582 5.60791987095458 5.87378948061717 5.83873983134735 6.23289995284567 5.96240526273682 5.93461836738355 5.96314771430808 6.52206440063278 6.44197423526418 6.13522872774894 5.59627878166211 5.54211303118099 6.02399842701812 5.9158975098155 5.30867922802378 5.33536970728768 5.19024927570659 5.63134770736062 5.05260506225296 5.39106627096489 5.41927562349237 5.93992828619271
6.35008882236856 6.22590083160625 6.30329441242392 6.30238301455473 5.64512115856811 5.59772432452722 5.35386936498363 6.86145998087428 7.08858785831731 6.7014880233699 5.42437871839652 5.21250807451943 5.36198951369492 5.82338462045398 6.17996919963268 6.16948381614215 5.74683187821907 5.73804265210014 5.46847560125635 5.24774753478254 5.13052437874378 6.43683654037529 6.46563947876174 5.88394451389426 5.30858690720444 5.28051062255148 6.3542584692576 5.8890611176811 6.54047767435953 6.64200860622882 6.90709481270265 6.43319394873356 6.31295533107213 6.69006306890939 7.52092715651001 7.14919940508525 6.4533359370593 5.56786648519835 5.39506466029178 5.52455493408039 5.64535713393124 5.16386902138943 4.97850028434289 5.09382555528164 5.49759449719397 5.36530089966302 4.93034633253284 5.23614838988696 5.6444663615728
5.55179058844654 5.88207282529455 5.98038518209083 6.37221308625356 6.16552558012594 6.08775312895944 5.65573652830827 6.62422381017576 6.98538761940237 6.934811667666 6.30773136193353 6.74093270864134 6.49123650090652 6.76494335487743 6.26923364300182 5.99126578919022 5.50701351014451 6.08714242029177 6.39857239757537 6.42914950621066 6.04986917679126 6.28712787730691 5.98724864646261 5.66610348304915 5.67927958529261 5.60286698815775 6.06107359710755 5.42672563800868 6.73671402151328 6.63222999131 7.27684743687641 6.17017985372813 6.11942150785949 5.97693409112725 6.44936686659189 6.70716429557578 6.35594477198032 5.88090656231233 5.07178223760584 5.59131240396131 5.92856534680241 5.66236306987172 4.88076740234395 5.16458083889041 5.76499951847256 5.89373044592972 4.91899820800969 4.9724425235961 5.539202620965
4.54633932110623 4.4390588674771 4.31005338145465 5.88058544749054 6.22384857175319 6.58873143160477 6.15664137486232 5.71058902555788 6.13846464427072 6.2048407124672 6.38076607458441 6.34668818084312 6.61924059626319 6.86069557471241 6.99572613541894 6.76495632889194 6.75566640096919 7.29811687273449 7.22174797010106 6.95485193314189 6.45797249042382 6.75357411155131 6.54245372819402 6.56895275679865 6.06526622489684 5.59662605516843 4.55045869668758 4.72404491225606 5.89019391662496 6.04978280664466 5.87380563748911 5.49675603013014 5.97832097580391 6.20044466791707 6.36557412730375 6.31345021038374 6.40047322674142 5.67855617264603 4.93208742880601 5.01294774514947 6.01531108393262 5.96300685724555 5.42007302812651 4.94322798809489 5.04894326921612 4.74045121010971 4.39086337186538 4.53811455821931 5.65290093630779
-9999 -9999 -9999 -9999 7.11092486170384 7.30074323185526 6.48739634051208 5.26973158329442 5.97316937063089 6.27485369669556 6.77273951267686 6.40928878277728 6.07296076615139 6.2331923214268 6.17586742125576 6.01506670261407 6.1659751832181 6.5469770768466 6.57068108112934 6.1973384269614 6.09601071839159 6.80554143971854 6.34611997980121 6.16741305092373 5.70689073168026 5.51644281547566 4.22251454824628 4.96137147092577 6.35393997705766 6.64045434744404 5.86319818953898 4.42116385647595 4.74617915254779 4.46865680512253 4.85319076434919 5.14771508275218 5.56583927880482 5.57567213745784 4.72178338915282 4.82871027725826 4.89104917041019 5.28402633742582 4.58766248592845 4.46746695023985 4.30842690627132 4.28960502284454 4.28746069603864 3.99998108536311 4.97538578531402
-9999 -9999 -9999 -9999 -9999 -9999 -9999 -9999 -9999 -9999 -9999 5.55496607563607 5.57653070229826 5.97688809739473 6.23792561554552 6.43366723830395 6.69549767001081 6.75383048059509 6.04297851986698 5.27847812994645 5.32543337505761 6.37838830148926 6.34306641605983 6.52511623300891 5.82173935417097 5.11807233911507 3.57937260917974 5.18197060726227 5.93732729087865 6.49318202468403 4.98804654996217 4.53084086583606 5.03485211031056 4.74396618665891 5.64928087242217 5.25829739606035 5.96398928140427 5.71157562567372 5.54402875643546 5.42367000122534 5.00134022420532 5.07256493046975 4.72033570168886 4.40940916998207 4.44142430405805 4.65456696036815 5.054663865576 5.03211001095623 5.25200185922439
-9999 -9999 -9999 -9999 -9999 -9999 -9999 -9999 -9999 -9999 -9999 -9999 5.85822400916772 -9999 5.79393380262455 5.76831328136319 -9999 -9999 -9999 -9999 -9999 5.54625278806754 5.66426377078908 6.64445570518178 6.09461619687565 5.39657635072663 4.13302410268988 5.64424514711158 6.5277619628754 6.62914727563152 5.25370963978437 4.11524494188486 4.32359350904621 3.90636035385682 4.69048494994254 5.0018838765236 5.25084937518182 5.82183755667711 5.20201639597103 5.7147831200878 5.04235473420422 5.26686641859666 4.47764453027435 4.49766562629607 4.64015035986585 5.50907481103575 5.54704731377381 5.93824651965938 5.67027134196772
-9999 -9999 -9999 -9999 -9999 -9999 -9999 -9999 -9999 -9999 -9999 -9999 -9999 -9999 -9999 5.87974621542535 5.47838618295488 4.55368334660226 4.60085759228924 4.95698906114666 4.91632923686153 5.04397857991796 5.82458850086288 7.84509066006008 7.52990457080671 6.34736445350407 4.28477217927088 5.61682998360998 6.17349091821257 6.09425370463338 5.19826286215595 4.96357008948529 5.53135564794647 4.97274191884337 5.37221760881151 4.95996689012006 5.41036550652573 5.82897028326692 6.06286271453814 6.16532897059244 5.73999625965017 5.2397592120135 4.84872682535114 4.37839495004903 4.98135237043241 6.13419116296798 6.28077105445516 6.54825976500549 5.76741729469195
-9999 -9999 -9999 -9999 -9999 -9999 -9999 -9999 -9999 -9999 -9999 -9999 -9999 -9999 6.89201642174709 5.46694031639183 5.2656587903203 4.94335645715959 4.94581241538481 5.10235005872275 4.91968555900683 5.75101282837154 6.55981039468127 8.76278786830894 7.82270386894797 6.95706591135204 5.24351573506039 5.80757204893413 6.36550904601541 5.54778322267706 5.32883480716632 4.67315363965254 4.94884588242301 4.18582740717632 4.00148678575736 4.17096813589852 4.42768835244133 5.47434382749855 5.86328075110784 6.13298805783946 5.50034086834105 4.61209392446572 4.14837611247682 3.9451342641829 -9999 -9999 5.92843495575445 -9999 5.70281287004799
-9999 -9999 -9999 -9999 -9999 -9999 -9999 -9999 -9999 -9999 -9999 -9999 7.31132753422795 6.18817172245698 5.98494428545212 5.11620989544369 5.35270476871011 5.31600504581656 5.30221779379502 5.15663339306584 5.21781867388331 5.12449243254289 5.60493252494292 6.61306111850736 6.65082637792837 6.53278132373269 5.51556075128344 6.00967082820809 6.23823954530347 5.85801542130483 5.85751701540949 5.24061185074323 5.76939481827526 4.9565576008661 4.83941042423987 4.43733144077608 4.35883213727535 4.73473693017722 5.44400033228135 5.95674301612081 5.88675382548602 5.09906560201927 4.73166439479619 4.85956881689917 -9999 -9999 -9999 -9999 -9999
-9999 -9999 -9999 -9999 -9999 -9999 -9999 -9999 -9999 -9999 -9999 -9999 7.10044412975368 6.36160340257685 5.82977433440337 5.24725985552205 5.42879206569827 5.56437011289604 5.45202478952416 5.38608306111619 5.14290672150894 5.21756110455031 5.51831827754109 5.77062775367093 5.90481784732389 5.85845602221043 5.94592828496609 5.75432799986534 5.66281534248532 4.92828890458277 5.09557925714041 4.1533780108027 4.3680423827104 3.82583484154451 4.54848148545526 4.94689129200159 4.77784091243315 4.9217696570599 5.18128312344699 5.60342153224971 5.42320631726694 4.73603314109131 4.2868079193658 4.62542422980615 5.07546296733921 6.06054344943532 6.06994355861591 -9999 -9999
-9999 -9999 -9999 -9999 -9999 -9999 -9999 -9999 -9999 -9999 -9999 6.64325438933626 5.9913399636394 5.94524725115871 4.85237639858874 5.31764580547349 5.42786387393595 6.05449020565419 5.58667368560452 5.52025082171369 4.81456420597562 4.70660501700625 4.54817315692529 4.52052889032045 5.13181059274949 5.50854168564284 5.77688644158068 5.42814674811346 5.31023605238056 4.96908840751371 5.21692971167909 4.10680425345687 4.63190889934818 4.14511371493594 5.10070310378321 5.20627013359163 5.28394095048114 4.75096368796717 4.70984526532762 5.10843727016864 5.78214514318976 6.02856015502733 5.52083177698167 5.57801280608746 5.2368208568412 5.81198418859205 6.01388730748753 6.30700502237765 6.27870721612076
-9999 -9999 -9999 -9999 -9999 -9999 -9999 -9999 -9999 -9999 -9999 6.67860177100617 -9999 -9999 5.30301741315257 5.63056185231391 5.47117650042186 5.62755369231278 5.14815256744218 5.16260642396954 4.70396458166775 4.91841693648654 5.16681982016024 5.3235939386851 5.81034819589621 5.43864850075378 6.01115631895664 5.13620199971788 5.15986236487249 4.36887415534324 4.83070618075437 4.25274566672583 3.81430667541592 3.33659114466216 4.07860037239135 5.20425515201364 5.80811128438158 5.67682177313972 5.77162406033922 5.55082233413472 5.54499641309 5.33504717306344 5.56402336750679 5.8544797499809 5.77975722766164 6.11214479520419 6.44911231934601 6.36334824796348 6.18176106372223
-9999 -9999 -9999 -9999 -9999 -9999 -9999 -9999 -9999 -9999 -9999 -9999 -9999 -9999 5.38140033814904 5.53957176049611 5.42170897385428 5.74234024029567 5.12272697587095 5.25746827359576 4.66015193686902 5.35261121263123 5.09165529771989 5.79453196206169 5.60977340146624 5.75620278250819 5.59475390776602 5.20542406772109 4.93520182772053 3.93755567076126 4.56294799561551 4.59324377935759 5.06348521038074 4.10716423616514 4.21524613268624 4.38964873119829 5.47393516965226 4.93243594671854 5.25860922965498 4.78993918521961 5.59530345856602 6.24578060078144 6.77340852015078 7.41197705031316 7.02066765249017 7.08349403910629 6.8308916004825 6.88387371113826 6.64658116957818
-9999 -9999 -9999 -9999 -9999 -9999 -9999 -9999 7.49874793509926 -9999 -9999 -9999 -9999 4.51393127500437 5.23220313036762 5.32420827396326 5.41510541759003 4.79317322624599 4.65232994863482 4.71684820125123 5.08787750378343 5.08959686858781 5.09397822725157 5.47434848328153 5.67928996331492 5.68336394011519 5.28044791654945 5.24555687450513 4.83880983838332 3.41619678571795 3.95018699038112 4.40934117810444 5.29349614671059 4.54360064372666 4.57271093783236 5.55914914129932 6.39443733362239 6.2963315998099 6.36021489645401 5.82237694751385 6.03723789619782 5.96160897040147 6.3475274339584 7.30867677731544 7.4151092219547 7.80574764207734 7.24956955559962 6.89792710717298 6.76695432352655
-9999 -9999 -9999 -9999 -9999 -9999 -9999 -9999 7.49874793509926 -9999 -9999 4.9677527595851 4.42386909944344 4.74965152264212 5.36902209797527 5.51818594705708 5.5121088007404 5.2517641863108 5.2914149854246 5.50992172313852 5.29508354504696 5.68719113008179 5.18023203542492 6.29015174636308 5.85272676160092 6.60626737432174 5.21960244922069 5.26670501089943 4.32427933742755 3.44822206881802 4.14467524013467 4.68081543999247 6.42321959259633 5.42114973629263 6.03169046170895 5.88120801990126 6.47693864567051 5.4978809307654 5.55077738092947 5.66508741244582 6.76840419341495 7.34765004499089 7.40698343928217 8.32207350124409 8.33291908792672 8.66652393330786 7.6980018982032 7.42946669908698 7.08749745613254
-9999 -9999 -9999 -9999 -9999 -9999 8.99119667615029 -9999 -9999 -9999 5.23392598947841 4.57551974161751 3.77551545195995 4.00079953717693 4.93338765447234 5.07070921290589 5.67544790376762 5.40025807056042 5.73999838272704 5.65736836584944 5.3490400940615 5.20095098673589 5.18396198285554 5.93597115620892 5.93127940235053 5.9039336676288 4.78789448636419 4.68897836762296 4.10004690889596 4.04738664412071 4.73321534702727 5.29123301288812 5.92757209875908 5.95512038089768 6.74766976640438 7.57058292689018 7.52655959576519 6.5454166507483 6.36889856537276 6.42923857098639 7.39078724061374 7.43771949978274 7.35774199991798 7.5914816996525 7.30514098501068 7.64956612319073 7.29890945367541 7.38290251599037 7.38642204192462
-9999 -9999 -9999 -9999 -9999 -9999 8.99119667615029 8.06423107587695 7.81403956693061 6.21478521649984 5.5448232131733 4.91141603052617 4.23924682444632 4.81494243785282 5.45040931701073 5.71553997170035 6.16519306225814 6.28000880561577 6.03223759306196 5.65475767355508 5.07245259870018 5.15284586701115 5.16662849892075 5.10662779379988 5.26683780910886 5.15553256920196 5.20443661125798 5.05973987031865 4.53110332083018 5.00524601230899 5.79831276392352 6.58062690713811 6.37148673896282 6.26704295593576 6.88669668581077 7.41773151113042 7.1526741621764 6.02193208390479 5.79030303356482 5.98491836760247 7.26068618433114 7.69248447301511 8.12019754727542 8.01949210493335 8.19935633336366 8.75804524906875 8.45489426597271 9.13282543186184 7.88601875641643
-9999 -9999 -9999 -9999 -9999 -9999 -9999 -9999 -9999 6.09831205913923 5.64791270811913 4.8004249965748 4.02004397995544 4.04399994327206 5.0392027507662 5.38003498092417 6.32590496262012 6.1355237425664 5.90864483205893 5.23988527183117 4.84494195898621 4.62491701869084 5.3197374535906 4.17156270329793 5.00519052984945 4.11969981965408 5.03993797646249 4.56309517691932 4.38900030487714 4.61378744423672 4.9920108322066 6.23710862046974 6.22345684587703 7.21906810717579 7.01367050077604 7.76631123315724 7.07248786546005 6.46095618327032 6.43895001307619 6.33282782785244 7.15691350423447 7.34750346788891 7.62482414355567 7.17780125078256 7.41124523753416 7.92403804765122 8.38057672885179 9.09796790973493 8.5200068225187
7.32347009999847 -9999 -9999 -9999 -9999 7.37454148234188 7.20612757485355 7.588201340451 6.94109219194496 6.24998511790518 5.98192828262729 5.31023315887313 4.96090379211781 4.93601568417603 5.27977576122573 5.738714220007 5.98642355175676 6.14089942432271 4.92881514057427 4.60628068486919 4.26112576289545 5.27333643006512 5.82406352185818 4.98696176401662 5.68303065278628 5.4027651963754 6.22499740648636 5.2790883074143 4.90381320401554 4.82064895140781 5.19231323571388 5.94324092001031 6.20139880754075 6.83227777815886 6.96600396985673 7.60939995196532 6.92353602888836 6.36621805463191 6.1757254230587 6.56206960626755 7.33818057176864 8.22568487908309 8.55838468905745 8.75008652140312 8.93193242302674 9.33247958410202 9.11511735155238 9.64048630637842 -9999
