output/BIMAC_IDW_prior.asc
NCOLS 360 
NROWS 172 
XLLCORNER -180 
YLLCORNER -82 
CELLSIZE 1 
NODATA_value -9999 
[rows 125 to 149 of 172, columns 56 to 111 of 360]
20.1 20.2416407864999 20.8868329805051 20.9131670194949 21.4 21.0936190827873 20.4832815729997 20.5 20.5514718625761 20.614589803375 20.6 20.8 20.8 23.7 23.7 22.7666666666667 22.4745264995171 20.7559576704068 20.7643239303291 20.8980977675898 22.2965962665517 22.4 22.4 22.4 22.4 22.0313377839854 21.9183311531048 21.960303038033 22.5 21.9 21.4030100326437 21.153500118215 20.5532651348592 20.489193891569 20.5381099052922 20.5216415617435 20.5980295954182 20.5794101914784 20.6268197652261 20.5608424241918 20.3539645978524 20.5 20.4 20.1127745989685 20.0417367706006 19.0564536070678 17.664560747735 16.574418427208 15.8942928426551 15.8354903222035 15.6437905353504 -9999 -9999 -9999 -9999 -9999
20.2 20.25 20.2837722339832 20.4 20.4 20.2 20.4562305898749 20.4485281374239 20.5 20.8 20.614589803375 20.5675444679663 20.8 21.4066437033337 22.3780193260012 21.2851767721859 20.1014582030677 19.9960702677209 19.9002380891645 19.507683037826 19.77975042154 21.5860144659373 22.4 22.4 22.4 22.1269521380179 21.8985265747984 21.8749460698631 21.5 21.5172482769434 21.2098249968641 20.6339368157272 20.1583204086258 20.3 20.3423060581968 20.3178476917575 20 20.3421424049273 20.3678885895916 20.1794780545014 20.1157099670263 20.1 20.06897596292 19.9347363542652 19.753456414595 19.3182593437166 18.9 17.3510116674213 16.463758164289 16.0438264014236 15.3595435125489 -9999 -9999 -9999 -9999 -9999
20.1927050983125 20.2757359312881 20.325 20.4 20.4 20.297366596101 20.4324555320337 20.385410196625 20.2 20.5 20.5514718625761 20.5437694101251 20.8 20.1733260898064 19.7676190233249 19.4238751899165 19.5036738042529 20.9 21 18.8352640605667 19.0074242596642 19.3372889594216 21.5656541151876 21.5 22.4 21.95 21.9415184401123 21.6420482177297 21.3963225877005 21.2208385642183 20.5852517299138 20.1673816516963 19.7942496570873 19.9139460540127 19.9397273495225 20.2 20.4 20.2532130937555 20.058417166885 19.9215277882506 19.9320784236145 19.8792985901489 19.6 19.6812010808484 19.3 19.1955778759874 18.7599342165762 17.4793038634591 16.8106304308535 16.426856432436 15.1 -9999 -9999 -9999 -9999 -9999
20.2242640687119 19.5707574020704 20.4 18.6178409210751 18.4 18.697366596101 20.2 20.4 20.385410196625 20.4485281374239 20.5 20.5167184270002 19.0727924922236 18.7 19.1012675180211 18.5659071539323 18.5998916489037 18.2890887344888 13.6 17.7208638583258 18.6254795494248 18.8689536462959 19.7041630560343 21.05 21.1252329215011 20.9863811202668 21.5 21.4540116116039 21.1519352977728 20.6312245666456 20.4 19.7 19.5395687552822 19.7082007194223 19.8265963241993 19.9170901470022 19.6 19.9893468358585 20.026055119442 19.7591917029257 19.7509432314834 19.6655911527486 19.1 19.508439166738 19.2533819468744 18.9753606070678 18.4270220313842 17.767018161984 17.3355601046711 16.6743416490253 -9999 -9999 -9999 -9999 -9999 -9999
18.7179880260737 19.0839991772935 18.31332314861 17.8309848245164 17.3364811045365 17.4710678118655 17.8 20.2 20.4324555320337 20.4562305898749 20.4832815729997 18.2154054242928 16 16.8631670194949 17.1342200396259 17.7364951811746 18.7 17.9228564492244 17.5576669647385 17.4996654222689 17.3489637300038 19.7 19.2510302761727 19.3928351420617 19.7 19.8230129561584 19.7273508823395 20.95 19.3614636797372 19.3089231317906 19.1684009807733 19.402625231201 18.4 19.4348737258617 19.6857628908499 19.766788954555 19.9515215935694 19.3934776014888 18.7912908657066 18.2333333333333 18.9365087084792 18.9848281011395 19.0636423598964 19.2954685459607 19.312779612533 18.5699828326627 18.2603605935715 17.8381251160894 17.6 17.1138497867053 16.7671729424062 -9999 -9999 -9999 -9999 -9999
18.304038315136 17.3052442562666 17.0947293340732 16.9051641374194 16.5803513979217 15.6472135955 15.4 17.8 20.2 20.2 17.2513444160245 16 15.4260260278541 16.5881255281606 16.8221359549996 17.3269450314731 18 17.9179478855311 17.6142358263324 16.7721078491032 15.9 17.0186053646233 17.5990568974574 18.0772062641256 19.7 18.3536741760696 17.7906975073271 15.3 17.5517440445725 18.2788163035328 18.5058922725483 18.6233266291278 19.1155198119951 18.8333333333333 19.2894169338446 19.6520231886561 19.0568684652293 18.4791300749057 17.4911688245431 16.3532147520898 17.2594305849579 18.3149330018761 17.9066718260351 18.1423097233216 18.1261480907887 18.1911442511247 17.6527864045 17.6585786437627 17.7 17.2586973637174 -9999 -9999 -9999 -9999 -9999 -9999
16.5874258867228 16.8434984136218 16.2 15.9922024586816 15.4 15.0632282822407 15.4 15.4 15.7042884382814 12.7501450199456 14.332281606095 14.6673783297575 15.4963463472604 15.8582620536454 16.2189190511759 16.7374258867228 17.223191540511 16.5608306767594 15.828117163373 15.7963766766041 15.8939333011575 16.2769503405446 16.4381260715915 17.2304951684997 16.8697964166406 16.4112019818734 15.3 15.3 15.3 16.5252906740954 17.748465442455 18.1923732435755 16.9811388300842 16.3928603793132 16.180961011502 17.8 17.5373835392494 17.1124611797498 16.1922024586816 16.3099407093782 16.4900592906218 16.860819595046 17.0147361775224 16.9799243469169 16.2142135623731 16.6970583144992 16.9605831383351 17.109772121718 17.2371894259245 17.6612574113277 -9999 -9999 -9999 -9999 -9999 -9999
16.2 15.9527864045 15.3337844282668 15.0792407799439 14.466787461882 14.2119471831773 13.5295511497632 15.4 12.7501450199456 12.7501450199456 14.0500870119674 14.5266352826789 15.0294332732661 16 14.7 16.1980356844522 16.75 15.9432301623428 15.399569877945 14.9638190241399 15.8 15.5639971522361 16.031427118138 14.8263340389897 15.1324486949396 13.2 14.25 14.4864056378821 14.5552154726087 15.3 14.5552154726087 15.654442920678 15.585301384114 15.5209016675971 13.2857864376269 14.1247449658039 14.7214945738148 16 16 16.2666666666667 16.40565091041 16.8 16.3857864376269 16.1333333333333 16.120377241017 15.5350889359326 16.1611684692924 16.1680065641083 16.2430348352321 16.2669174292421 -9999 -9999 -9999 -9999 -9999 -9999
16.2 14.7916738879315 14.8136110798824 13.9735398054463 13.6736854210432 12.8060503941058 12.6697099475974 12.027861553264 12.7501450199456 12.2402221655993 12.7598459194255 13.2523711539515 14.1639911597092 15.0377601180908 15.238477631085 15.0607745236587 14.8649316837203 14.6231311217225 14.4688905250458 14.5866452864796 13.8 14.6955324170439 14.5830165696153 14.7736659610103 13.2 13.2 14.0135943621179 13.669234192097 13.8881946403669 14.2666666666667 14.013182848813 13.8484090935723 14.1944271909999 13.4387961250363 13.3125741132772 13.8799243469169 14.1802174812736 14.9 16.1922024586816 16.3099407093782 16.3354401329567 16.3854142157154 16.2142135623731 15.8 15.8774851773446 15.5167184270003 15.0644837806204 15.3693475419763 15.3839301188425 15.4466718186394 14.6193495504995 -9999 -9999 -9999 -9999 -9999
9.44 14.4552321337175 13.4832892928952 13.4757957900341 12.8 12.2206293698226 11.6334736859996 11.9299311655643 11.7197578156404 12.0556237488548 12.7501450199456 12.6136502978801 13.1835514015521 13.9644067357767 14.3043581654583 13.9574061231822 13.225554322311 13.1400010989835 13.9064323228628 14.1 14.32 13.8325397360045 13.6458352432348 12.5666666666667 13.2 13.2 12.5607472869074 12.943962457149 12.6244147051325 12.8355845230126 12.9827678901205 13.6191746335626 13.2157176415965 13.7 13.2857864376269 13.0333333333333 13.7760878847634 14.35 14.7214945738148 16.3532147520898 16.2636765505301 16.3278640450004 16.1874258867228 16.0612038749637 15.6077736553898 15.1370589029766 15.0286315031309 15.2 14.65 -9999 14.5697560814373 -9999 -9999 -9999 -9999 -9999
9.66786091643825 10.6820253233708 11.6555229090395 11.8100956486514 11.8173762078751 11.7 11.4545084971875 11.5431125174545 11.2895739149362 11.3759972681863 11.535686063382 11.6661589988755 12.366531002679 12.4588143130087 12.6382885773501 11.9659053651247 12.2006326833801 12.568564716807 13.2881946403669 13.913842362548 13.6853128011104 13.4261811381696 12.5560650451818 11.7676274578121 11.5144650771304 12.0381914225579 13.2 12.1233796494226 12.2841523583302 12.2 12.5769000174355 12.3080057449659 13.0933982822018 13.3666666666667 13.1142135623731 12.7 12.5256583509747 13.0568477523762 13.2078543818843 16 16.8 16.2852813742386 16.2142135623731 15.8 15.5514718625761 15.0637381282206 14.7443650813896 14.65 14.1 -9999 -9999 -9999 -9999 -9999 -9999 -9999
9.63740005489288 9.69123571563268 10.7097865426138 11.31461545457 11.4985281374239 11.3495531792613 10.9 10.8690455222077 11.0906486507431 11.107660586692 11.1 11.3 11.2867527707145 10.9742734431017 10.94375 11.1210236587188 11.6 12.2530096874094 12.7803398874989 12.7332437672775 12.7800958390645 12.2850146862073 10.7 11.0328006697609 11.1589620576542 11.4039714696659 11.6672045093609 11.4804328183683 11.6032839634646 11.561249370906 11.3494908013026 12.0874258867228 12.4540249418646 13.2278640450004 13.0874258867228 12.5136038969321 11.9638908152267 11.219739137823 11.0408572061388 10.3231426854504 13.1706789499213 14.1980061623131 15.8 15.8 15.8 14.6806504495005 14.65 14.5556349186104 14.4399186938124 -9999 -9999 -9999 -9999 -9999 -9999 -9999
9.64962194104281 9.75005245739999 9.93694266393906 10.8825376591977 11.1371748808434 10.8 10.8445165649045 10.7772474419105 10.5727644546499 10.758393357764 10.9656290539981 10.9991530415392 10.6815462619383 10.8230175783532 10.6672395659415 10.825 11.1210236587188 11.1210236587188 12.6355339059327 12.1426150719739 12.0172480148575 10.7 10.7 10.4095240252875 10.8509349256282 10.8219154866908 11.0091273914296 10.9 10.9736309165285 10.7 11.1141913071619 10.6721697195787 11.0615342125268 11.8406687563063 12.4363961030679 11.1389347532189 10.7688339823205 10.6574818841876 10.3816443020032 10.295 10.2668573145496 12.2089538132848 12.9892710595213 13.4191003826029 13.6118750960799 13.7824551328314 14.6193495504995 14.5697560814373 14.5261684753951 -9999 -9999 -9999 -9999 -9999 -9999 -9999
9.6287287748879 9.99010491479998 9.90126987934919 10.1183235845908 10.6342901458115 10.9936041976585 10.7647782938078 10.4017872829546 10.2768148227263 9.6 10.3756021814146 10.5383748140493 10.5274786744866 10.3765048437047 10.05 10.5289763412812 10.825 10.9380709761565 11.6 10.7 10.7 10.1344989002938 10.146 10.0115781338144 10.2028162172387 9.76 10.5119277059137 10.6379708872232 10.5176242494898 10.6554412528251 10.3891485505499 9.81 9.60961807836657 8.92 9.97645977757223 10.1814029445583 10.2548374051108 10.8 10.1229968349784 10.2083556979968 10.2213214929561 9.79 11.1121715236145 11.1161669871877 11.1807738630914 11.4889619508234 12.3156311633769 14.1 -9999 14.1 -9999 -9999 -9999 -9999 -9999 -9999
9.5763456229781 9.58 9.74987101770602 10.0525978108116 10.195702706053 10.8387425886723 9.65760048384914 9.25086993415437 8.54452181231404 9.57481731736302 10.3648056072634 10.4374442672049 10.2843145750508 10.05 10.05 10.5289763412812 10.7119290238435 10.825 10.693496516892 10.3066670917668 9.785 9.785 9.7789936731662 9.77666666666667 9.57285218258752 9.68677113811008 9.70783989912015 9.99810068453329 9.90936943352097 9.85758466098155 9.59333333333333 9.43218380213903 8.92 8.66771593375003 8.98950516435751 9.19882256391025 9.44786565993382 9.66070263577812 9.79 9.93137127927506 10.18130014559 9.79 9.48441660225887 8.25 8.25 8.25 10.0131681306165 10.9273692599212 11.4929439896292 -9999 -9999 -9999 -9999 -9999 -9999 -9999
9.51159410380476 9.52457406767272 9.73888526026576 9.76106888226486 10.19 8.73597831069667 8.29875045692383 7.95946162265839 8.11432171093183 8.27582495047382 8.88032494261703 9.6 10.05 10.05 10.05 10.05 10.05 10.3718055684244 10.0854325129324 8.87 8.87 9.43550109970615 9.3275 9.34744131608022 9.10333333333333 8.90257270956936 9.2108329449928 9.2228364985448 9.16 9.42 9.43882010176439 8.98 8.92 8.64727313918532 8.58514718625761 8.91638108247439 9.15 9.30768447954925 9.42129787118985 9.54653565078303 9.79 9.79 8.25 5.7067287270292 5.794 5.7067287270292 8.25 8.98285900529792 9.67724730550457 -9999 -9999 -9999 -9999 -9999 -9999 9.50570580790864
9.34727477537075 8.74558394970513 8.67098914270339 7.98418047210142 6.79 7.27877200360025 7.2471625463329 7.27877200360025 7.81237172066601 7.855946971405 7.90557630567048 7.62 8.87135919308053 10.05 10.05 10.05 10.1081912470258 10.0742324537979 9.72463631885318 8.87 8.87 8.87 8.87 8.81128677106876 8.72044009627029 8.72895452886528 8.70343942385229 8.60710325571113 8.75149172879469 9.08583592135001 9.04 8.71698153935018 8.56321732940813 8.50748743515011 8.28043872248211 8.49 8.70078977354233 8.8823250745837 9.12216967778504 9.02809863936902 9.02986111245068 8.25 5.53907677771077 5.87120505552205 6.20333333333333 5.87120505552205 5.53907677771077 8.25 8.04916061753536 8.32363961121136 -9999 -9999 -9999 -9999 -9999 9.5005570250709
8.09438653790614 7.64343232296197 7.50949949712304 6.2 6.48631601080076 7.262 7.18333333333333 6.79 7.97 7.50623499808294 7.4125 7.56893568818739 7.27 8.53587510277307 9.09007087028003 9.52687159307531 9.78363252833031 9.81810088169338 9.5323935121669 8.87 8.87 8.87 8.8225 8.55645390616445 8.48406357867517 8.68 8.31871889377411 8.37377975505267 8.51119879284166 8.53867965644036 9.04 8.45024391856267 8.39883036880224 8.04944878776783 7.82 8.12598454455851 8.18455870095002 8.18 8.66806199940921 8.8037556776237 8.18 5.84339316948895 5.7907189390768 5.91510622778839 8.25 5.7067287270292 5.35108523630258 5.26084549969845 6.83821626791532 -9999 -9999 -9999 -9999 -9999 9.40599954243914 9.47078425239166
6.2 6.2 6.2 6.2 6.44438600180013 6.96280699909994 7.2471625463329 7.27740102364746 7.43737935031978 7.4205899491178 7.36144630078495 7.48631189606246 7.27 7.27 8.47594167502824 9.05427788616533 9.43600920921805 9.56770650605958 9.43468660938159 9.13988998735678 8.87 8.87 8.79638908152267 8.47228081388795 8.3962579888982 8.17 7.66 8.18766116114848 7.91913244252848 7.6678085520717 6.26 8.37 7.92941992893986 7.74110321616908 7.61858883846369 7.73840332528084 7.98880619551267 8.09479488251845 7.82772062641256 8.18 7.57823498869952 5.89054082449885 5.71063745432793 5.14873032680915 2.11 4.6532712729708 5.00891476369742 5.09915450030155 6.24641629255941 6.71792631778365 -9999 -9999 -9999 8.72418271186682 9.12138039134868 -9999
6.2 6.2 6.2 6.2 6.2 6.50368398919924 7.31099175933246 7.32704556014712 7.36351589466879 7.34960157559096 7.27 7.27 7.27 7.27 7.95066037982565 8.54188955453609 9.03241947020673 9.30702253962542 9.26949999225088 9.0344975799112 8.69514555507976 8.87 8.87 8.41380662205906 8.17 8.08249783362056 7.97519733426245 7.21321780455925 6.6016239231678 6.47780780835622 6.26 6.26 7.13514904809345 7.1298019328967 7.29840852485219 7.04 7.42414029646215 7.47 7.50772211187843 7.64176501130048 7.04 5.51654621773151 6.053218569132 5.45793004456876 4.81887746367674 5.03740797653789 4.82092322228923 2.11 7.18 7.18 7.18 7.22805648017376 -9999 -9999 -9999 -9999
6.2 6.2 6.2 6.2 6.2 6.2 6.79 7.33353297124467 7.34434891234101 7.48631189606246 7.27 7.27 7.27 7.27 7.34382264486205 7.91085942911267 8.49528416209993 8.91133110200282 8.98930636860276 8.74764332789639 8.27186820650348 7.70514896837687 7.02061162280851 4.96 7.0843451924462 7.19152186072667 7.09853338470548 6.52 6.37852339809481 6.06840946348753 6.05333333333333 6.3759820669519 6.60443877762639 6.96731155428462 6.9223810023804 6.99651611365716 7.11371480979289 7.18209133595611 7.37804040507107 7.04514718625761 7.04 7.04 7.04 6.00672071513217 5.717325005656 5.67730986946737 4.25821859524809 7.18 7.18 7.18 7.18 7.18 7.18483511746487 7.41260748487621 7.78317281067015 8.27016678852802
6.2 6.2 6.2 6.2 6.2 6.40553867783282 6.55491677690521 6.63690530874375 7.27 7.27 5.72029645310883 5.56179606750063 5.38145618000168 5.74224831653507 6.3232666734346 7.04962707360171 7.78341125226547 8.38760651832263 8.56317339219933 8.24641990985559 7.56629307488928 6.6936291342665 4.96 4.96 4.96 5.94997907958947 6.07585186505275 6.26283107088711 5.95 6.26 6.06840946348753 6.17063889051854 6.42800328741641 6.67060598536604 6.54000547902734 6.78552232679414 6.89315650094268 6.94712782423259 7.05 7.04585786437627 7.04414213562373 7.04 7.04 5.8101590460599 5.5631040877389 5.49556594763405 6.87539105243401 6.43221048753783 6.5200228835049 6.68507866889479 7.18 7.18 7.18 7.14304058040909 7.44153675924869 7.89090704722933
6.5308388301589 6.2 6.2 6.2 6.29959371510339 6.30984886528667 6.23052982971457 5.95954993089658 5.53362244230307 5.15854381999832 4.97820393249937 4.81970354689117 3.27 3.27 5.13882407922351 5.99854380870319 6.8106182728886 7.45244195136569 7.69797986699006 7.40323922812716 6.66351097579649 4.96 4.96 4.96 4.96 5.17785652389159 5.55448433358251 5.67529323383058 5.64 5.95 6.00318759132868 6.15230134491978 6.42402341207544 6.54000547902734 6.73891313038664 6.81373380954539 6.91887073984091 7.05 7.05 7.05 7.04485281374239 7.04 6.89277816304534 6.85 6.78666666666667 6.66 6.14529140274007 6.10125612887866 6.30401288004203 7.18 6.51277612173771 6.692 6.58606376378373 6.76221270883881 7.04726256996061 7.48566201525367
6.62595991966104 6.4327139866224 6.31382548312068 6.27386976663861 6.28803419768031 6.16673792595719 5.86586140597468 5.22095253511816 3.27 3.27 3.27 3.27 3.27 3.27 3.27 5.0527701211593 5.78774191870715 6.25245193579863 6.43011194973971 6.28361719375679 5.85875740746077 4.96 4.96 4.96 4.96 5.12337208987939 5.28105244939971 5.63464591156884 5.83159053651247 5.89681240867132 5.95 5.96727570790026 6.54000547902734 6.54000547902734 6.73759055853894 6.2582280608916 6.36828212356216 6.49501540055678 7.05 7.05 7.05 7.04 6.85 6.80722183695466 6.66 6.66 6.09714219917193 5.88880858792106 5.89931600491017 6.08604382773175 6.2640902417841 6.18159260538985 6.46534054609518 5.96 6.69494400830044 7.14434045449372
6.64366992870375 6.50564446244763 6.39090210478892 6.31401444901842 6.25180775594046 6.02550438898768 5.5791129695503 4.78161234512463 3.27 3.27 3.27 3.27 3.27 3.27 3.27 4.31528843672052 4.72095549371949 4.77574445607124 4.79399840660351 4.83089966212033 4.96087557421094 4.96 4.96 4.96 4.96 4.96 5.26023253927633 5.3583347775863 5.88020404976813 5.9047716095374 5.93272429209974 5.97360104686394 6.01453038936467 6.54000547902734 5.61350913249935 5.98075788279512 5.83063405604903 5.95936594395097 6.0300924033407 7.05 6.53646282068803 6.63319441224116 6.66 6.66 6.16248263905633 5.96732113705286 5.66301515190165 5.60095001418559 5.12 5.69398048005003 5.87770478627185 6.04971268454323 5.96 5.96 5.96 6.82311373036874
