output/BIMAC_interpolation_no_advection.asc
NCOLS 360 
NROWS 155 
XLLCORNER -179.5 
YLLCORNER -70.5 
CELLSIZE 0.997222222222222 
NODATA_value -9999 
[rows 0 to 21 of 155, columns 294 to 342 of 360]
6.14882862878409 5.84000061285081 6.28101921714209 5.69050190104487 5.83635223140956 5.61295345872804 5.91126434881213 5.61112787662287 5.79939497172289 5.65077233493469 5.71234362016469 6.28916102190932 6.47373074419197 6.59335184184719 6.1077941200431 6.5711562617312 5.95282594089519 6.05859948548834 6.34498140699475 6.13693738599355 6.05548891359052 6.42502264577404 6.27518429689444 6.09461414654429 6.36838152469507 5.83843096104551 5.53248019336227 5.59104732359016 6.55625290951753 6.54676215621691 6.76697190756861 6.66874359422072 6.46781579913685 5.66562677591992 5.48549757901005 5.37219473630943 5.3813008791402 5.25916004790728 5.06539079797052 5.10441558883373 5.64159498177477 5.60912592685458 6.34282652486449 6.37689620451944 6.92353875367708 6.97061704990905 6.87777144297599 6.43321596561496 6.78462811352112
6.29937066736292 5.86912764311592 6.13493570205906 5.8108371551457 5.96621336826598 5.667229576732 5.92820113392694 5.80918440710318 5.772084395381 5.51884654681799 5.63954731385927 6.16797063617379 6.39966460316663 6.50758388397671 5.92359260230663 6.35763562513657 5.97824660494426 5.96767777933049 6.12858739213309 6.1807210785319 6.43086440952207 6.59144862995851 6.44852834276731 6.35427976762388 6.41237535265974 5.5460742630491 5.47290639480698 5.58904722609461 6.50486640526816 6.44830737751781 6.68581388971628 6.55571439617941 6.3783299142405 5.61730637217821 5.59284058851932 5.43886952237129 5.25644437949233 5.28427606538292 5.34405210897524 5.51387519512872 5.89886707214003 6.02428978926195 6.62787894278289 6.53841270052764 6.88244401840199 7.03405147716389 6.90293535200366 6.45382816355969 6.6520862231895
6.5765135574777 6.21653359175506 6.45225866431312 6.28210453931231 6.26503190394963 5.71106967957417 5.98987979768229 5.64085065941177 5.5379913284577 5.40965778968797 5.68905662458213 5.99598302152132 6.32103464514854 6.46118936215655 5.9221488344827 6.12376853298392 5.79036124917656 5.76958368381078 5.97020231426282 5.9774464296278 6.43788659120218 6.82552528581501 6.66389536374868 6.4459661690278 6.4384503623845 5.51677674876135 5.30084678518004 5.54720046942408 6.30348417252974 6.32759770636971 6.68419830168017 6.55305442531286 6.45229206413792 5.82966840198783 5.89749714933145 5.66232433461558 5.57429982680064 5.73473324855381 5.82697307591992 5.97259673646499 6.29822994118234 6.35891921075578 6.84979183072501 6.7014317891685 6.86115731458897 6.97147269143938 6.82060307809444 6.18993011393644 6.45647916893967
6.76782310544953 6.34789067124912 6.55039171155745 6.62325123361416 6.26761151286837 5.79099294834002 6.05254622432766 5.60413462202048 5.37928902062426 5.31819274259057 5.66285678048584 5.60501030520869 6.04212418491741 6.18510937619261 5.85452747298006 5.73234619570975 5.9106591214366 5.80683100713784 6.00593949600685 5.86237654115482 6.32981391760397 6.45054283830821 6.57110057182653 6.2357990668244 6.17318878864386 5.32399928176859 5.09222915912986 5.13382279332886 5.75101861417334 5.98229193878167 6.41955875459927 6.29092508284155 6.34701153883353 5.84434812730883 5.86242256848551 5.54345642004238 5.64581643101719 5.80956047618082 6.09529789907231 6.53787999982744 6.96879962364348 6.86277509877732 6.9902935347913 6.79323051927763 6.72337547836804 6.77057667361613 6.77368710964298 6.30310380428563 6.56087348156118
6.03200207248338 5.79963313372468 6.04667214621509 6.32008781102722 6.21904461630273 5.81727198614216 6.02217925029268 5.69606595035538 5.43288730002883 5.27800255343315 5.63988952656736 5.57400142013113 5.89969474758036 6.11462702110567 5.85903951835423 5.94331620410781 6.00806687768589 5.87455715919678 6.03282191955144 6.01906594547694 6.25865328940074 6.37569926081116 6.52343840570608 6.28644583477469 6.15890721204843 5.46894970626238 5.42033363517876 5.64187805131215 6.10471712895555 6.31553091565902 6.76922734441642 6.44990031157875 6.26438154090212 5.71270606775485 5.74752500211943 5.33727992987689 5.43041444039238 5.65103078651833 6.156606595878 6.60447670752694 6.89268240801486 6.88880087749808 6.96475449051933 6.5372072516209 6.42403901171357 6.37025993164766 6.40385419223866 6.10644674413459 6.40835929227045
6.40625556481702 6.17822110319608 6.37873294353198 6.48788673378541 6.16564977721169 5.72584115068372 5.73128523897205 5.45513983072566 5.25051962819027 5.21577017014257 5.69799953555596 5.56820674405304 5.7580798062751 5.94211981827611 5.78236834170534 5.73971984972296 5.92841134022253 6.05148226524956 6.36728280116307 6.41858458458698 6.72617718132129 6.77869142707202 6.67472083882846 6.26357640593066 6.06934963403807 5.55272257546456 5.53609688100337 5.8141106657272 5.97793617449494 6.02861610490279 6.23877886950229 5.92622412513718 5.69793190291895 5.397168955154 5.77867165169485 5.6427533391722 5.8102547512553 6.23370839450268 6.6952170945245 6.94580759621624 6.99964735093356 6.79919301061519 6.63083421021537 6.28864965300109 6.29840533853886 6.12854416378224 6.27255547120054 6.07131100781871 6.23791406719513
6.1638780332789 6.02092230246958 6.32393336167878 6.31455550845063 6.00862159310598 5.69861463803843 5.6893024445532 5.35364181978014 5.35151487318349 5.24341929940463 5.76757123592827 5.63534303076628 5.80059989242282 5.84526753715713 5.92826315602942 5.68567629997636 5.76467339334585 5.69809198138289 6.22746436947016 6.14946978378879 6.33520528707701 6.51612303328729 6.59868526938637 6.06668776737844 6.03347471681751 5.77365217706573 5.59657485146893 5.87187659875701 5.88474349498867 6.01308360642534 6.19437337505836 6.12530578228838 5.94223950058059 5.83382139463437 6.0832183886989 6.07614661583456 6.09310180701541 6.44189760585155 6.74479037439863 6.98900403728004 6.90023388756226 6.61727131055664 6.39698001871281 5.98089750037085 5.92398599539184 5.73360814070082 5.95652612186643 5.84496389118307 6.12769691406326
5.96107381830462 5.79137689625825 6.15080169458236 5.99113670342994 5.8312289972381 5.76699196366758 5.71567275702016 5.69731963653133 5.76549536663816 5.61800590615617 5.96258798234718 6.00409733085691 5.82847633906078 5.89147317580817 5.99090911189139 5.84111162974839 5.83416339874832 5.80117876368759 6.13263831649227 6.2723799890017 6.32818444351104 6.4499040149061 6.70134586425624 6.24514925157119 6.06902939455973 5.97430609845627 5.80283640797888 5.80779690565181 5.92660449607136 5.99449063657172 5.88210708770846 5.85176639121477 5.531452550029 5.38496057880457 5.54914291329543 5.73934841051324 5.62313660437302 5.90565528841526 6.12983344331845 6.44193153005034 6.2427938406624 6.29746831422428 6.02218948812889 5.77347634625647 5.77562596288542 5.7221113061927 5.78386286866441 5.9130955846022 6.19257922402983
5.84528710297538 5.77513871299577 6.06795018239021 5.8533860975078 5.9271306401246 5.66909750565491 5.73477668964003 5.77375377768254 5.906941334019 5.83291624336794 6.11667098350431 6.08056587765345 6.00120590838964 6.06096937637867 5.73363058242602 5.82072801052257 5.76433412744788 5.65574805633952 5.87093112705536 6.16401722726247 6.16234427027485 6.27424790203055 6.18920550165832 -9999 -9999 -9999 -9999 -9999 -9999 -9999 -9999 6.27931379717774 -9999 5.84152094411682 5.81552211785651 5.93399582618879 5.7565185990912 6.11296806307067 6.06329550832495 6.33858907910835 6.03408355846462 6.17890249730284 6.07689500026283 5.93465364714877 5.95185654967435 6.15429159137117 6.09249440979921 5.94351795881312 6.18127000496808
6.34173791798679 6.09412642659138 6.43179879007532 6.1134952314405 6.35893307477878 5.92215057511929 5.98654279349452 6.01079857760966 6.07690444286137 6.02590356385879 6.25311376954568 6.29893335432812 6.17690635646552 6.167415650303 5.73436458578204 5.88448921661375 5.64661685123755 5.60476114809931 5.90217873618284 6.06558836697954 6.16807651694025 6.40448560514281 6.30427667219462 5.85655288090062 6.0395395255454 5.90368512290464 5.64715308376141 5.68297541244174 5.76044207018711 5.96627978664189 5.61126842131279 6.05236991740645 5.95726399515955 6.11009980037945 5.98600165190603 6.13025887205537 5.74148382404582 6.08580926142329 5.95556374107189 6.21778550804877 6.17652543476382 6.33066152019271 6.29070505421386 6.08826375453109 5.88704815570194 6.19564165536053 6.19855302284995 6.00170704595342 6.20811483826672
-9999 -9999 -9999 -9999 -9999 5.94165319377069 6.08608445685747 6.24473630114424 6.30269124413205 -9999 -9999 6.47462186756093 6.34857625837366 6.13657917105514 5.89577560765001 5.80354859462541 5.59937040736988 5.57466414262488 5.71032997210351 5.80495917161683 6.07318603930549 6.43388564738716 6.1465469914897 5.87760017437635 6.08822826213581 5.83382715241468 5.40926319564197 -9999 -9999 6.1763137095591 6.02405088612759 6.53788030472665 6.44032576043083 6.40594418702504 6.20904423945129 6.18576297174037 5.82698512898406 5.9455465171276 5.92483987070734 6.13274885056956 5.99483862798845 6.17648966328707 6.23817381723963 5.990528026105 5.64366192727136 6.05143728052084 5.87357811841578 5.83756097566021 5.96511406867218
-9999 -9999 -9999 -9999 -9999 -9999 -9999 -9999 -9999 -9999 -9999 -9999 -9999 -9999 -9999 5.9150150408772 5.70629733227042 6.00800701133575 5.95507123079296 6.03786501035596 6.21173151377906 6.63166462120449 6.06978807074643 5.82829370315011 5.98805425445775 -9999 5.40926319564197 -9999 -9999 -9999 -9999 -9999 6.02097230221201 5.9187699978079 5.81725541671174 5.70926376817324 5.69667262054928 5.82580344938377 5.79907422804416 5.92637700837877 5.95014427839074 6.130568860061 6.21927596179321 6.117109676281 5.88753585560739 6.21207873950113 6.07149110289111 6.20424224607133 6.10221961460846
-9999 -9999 -9999 -9999 -9999 -9999 -9999 -9999 -9999 -9999 -9999 -9999 -9999 -9999 -9999 5.89207787162436 5.83964211525055 6.19206622493587 -9999 6.13746737584825 6.12042335281501 -9999 -9999 -9999 5.66804253021088 5.62917424977145 -9999 -9999 -9999 -9999 -9999 -9999 -9999 -9999 -9999 -9999 6.1585099350598 6.17239382628656 6.17080820795964 6.21112922261783 6.39736531023687 6.14128450839157 6.33787103919966 6.05067877732131 5.8417000802332 6.07925678758948 6.19469482134769 6.39614905226402 6.12815889281727
-9999 -9999 -9999 -9999 -9999 -9999 -9999 -9999 -9999 -9999 -9999 -9999 -9999 -9999 -9999 -9999 -9999 -9999 -9999 -9999 -9999 -9999 -9999 -9999 -9999 -9999 -9999 -9999 -9999 -9999 -9999 -9999 -9999 -9999 -9999 -9999 -9999 -9999 -9999 -9999 -9999 -9999 -9999 -9999 -9999 -9999 5.85788716695931 6.50047315973732 6.14091207778213
-9999 -9999 -9999 -9999 -9999 -9999 -9999 -9999 -9999 -9999 -9999 -9999 -9999 -9999 -9999 -9999 -9999 -9999 -9999 -9999 -9999 -9999 -9999 -9999 -9999 -9999 -9999 -9999 -9999 -9999 -9999 -9999 -9999 -9999 -9999 -9999 -9999 -9999 -9999 -9999 -9999 -9999 -9999 -9999 -9999 -9999 -9999 -9999 -9999
-9999 -9999 -9999 -9999 -9999 -9999 -9999 -9999 -9999 -9999 -9999 -9999 -9999 -9999 -9999 -9999 -9999 -9999 -9999 -9999 -9999 -9999 -9999 -9999 -9999 -9999 -9999 -9999 -9999 -9999 -9999 -9999 -9999 -9999 -9999 -9999 -9999 -9999 -9999 -9999 -9999 -9999 -9999 -9999 -9999 -9999 -9999 -9999 -9999
-9999 -9999 -9999 -9999 -9999 -9999 -9999 -9999 -9999 -9999 -9999 -9999 -9999 -9999 -9999 -9999 -9999 -9999 -9999 -9999 -9999 -9999 -9999 -9999 -9999 -9999 -9999 -9999 -9999 -9999 -9999 -9999 -9999 -9999 -9999 -9999 -9999 -9999 -9999 -9999 -9999 -9999 -9999 -9999 -9999 -9999 -9999 -9999 -9999
-9999 -9999 -9999 -9999 -9999 -9999 -9999 -9999 -9999 -9999 -9999 -9999 -9999 -9999 -9999 -9999 -9999 -9999 -9999 -9999 -9999 -9999 -9999 -9999 -9999 -9999 -9999 -9999 -9999 -9999 -9999 -9999 -9999 -9999 -9999 -9999 -9999 -9999 -9999 -9999 -9999 -9999 -9999 -9999 -9999 -9999 -9999 -9999 -9999
-9999 -9999 -9999 -9999 -9999 -9999 -9999 -9999 -9999 -9999 -9999 -9999 -9999 -9999 -9999 -9999 -9999 -9999 -9999 -9999 -9999 -9999 -9999 -9999 -9999 -9999 -9999 -9999 -9999 -9999 -9999 -9999 -9999 -9999 -9999 -9999 -9999 -9999 -9999 -9999 -9999 -9999 -9999 -9999 -9999 -9999 -9999 -9999 -9999
-9999 -9999 -9999 -9999 -9999 -9999 -9999 -9999 -9999 -9999 -9999 -9999 -9999 -9999 -9999 -9999 -9999 -9999 -9999 -9999 -9999 -9999 -9999 -9999 -9999 -9999 -9999 -9999 -9999 -9999 -9999 -9999 -9999 -9999 -9999 -9999 -9999 -9999 -9999 -9999 -9999 -9999 -9999 -9999 -9999 -9999 -9999 -9999 -9999
-9999 -9999 -9999 -9999 -9999 -9999 -9999 -9999 -9999 -9999 -9999 -9999 -9999 -9999 -9999 -9999 -9999 -9999 -9999 -9999 -9999 -9999 -9999 -9999 -9999 -9999 -9999 -9999 -9999 -9999 -9999 -9999 -9999 -9999 -9999 -9999 -9999 -9999 -9999 -9999 -9999 -9999 -9999 -9999 -9999 -9999 -9999 -9999 -9999
-9999 -9999 -9999 -9999 -9999 -9999 -9999 -9999 -9999 -9999 -9999 -9999 -9999 -9999 -9999 -9999 -9999 -9999 -9999 -9999 -9999 -9999 -9999 -9999 -9999 -9999 -9999 -9999 -9999 -9999 -9999 -9999 -9999 -9999 -9999 -9999 -9999 -9999 -9999 -9999 -9999 -9999 -9999 -9999 -9999 -9999 -9999 -9999 -9999
