output/BIMAC_interpolation.asc
NCOLS 360 
NROWS 172 
XLLCORNER -180 
YLLCORNER -82 
CELLSIZE 1 
NODATA_value -9999 
[rows 22 to 43 of 172, columns 98 to 146 of 360]
-9999 6.19260493743172 5.85450304471056 5.79147731974111 6.97769156238453 -9999 -9999 6.5605056034094 6.56348494547487 5.36975449681056 -9999 -9999 -9999 -9999 -9999 -9999 -9999 -9999 7.47327339533487 7.23283451145034 6.72143508022838 6.65615357471548 6.15975658936936 5.80580595015968 5.60596998785742 5.97439955188091 6.87734497826299 7.35152413804083 -9999 -9999 -9999 -9999 -9999 -9999 -9999 -9999 -9999 -9999 -9999 -9999 -9999 -9999 -9999 -9999 -9999 -9999 -9999 -9999 -9999
7.26623160911585 6.29674987628427 5.60201726481632 4.96805357240025 5.35935672277878 5.8680814585972 7.37412757423827 7.07777810964339 -9999 -9999 -9999 -9999 -9999 -9999 -9999 -9999 -9999 -9999 -9999 -9999 -9999 6.22011900116785 6.32888682485952 5.434794542519 4.88701610779201 4.63084360397767 5.87049388183402 6.11616533142166 -9999 -9999 -9999 -9999 -9999 -9999 -9999 -9999 -9999 -9999 -9999 -9999 -9999 -9999 -9999 -9999 -9999 -9999 -9999 10.5385923111075 9.68729192658806
7.02274616249956 6.56469027529715 6.05551280757252 5.52373961629442 5.56606044710982 6.68769953445888 7.19936335451551 7.35907425629888 6.98105264600883 -9999 -9999 -9999 -9999 -9999 -9999 4.85491373956007 5.56915884390342 -9999 -9999 6.12909054422748 6.14449203966305 6.71192608644019 6.13976079617679 5.36917327050612 4.35588248478757 3.70907280120704 4.56793218033254 4.87944956308506 5.37284369077038 -9999 -9999 -9999 -9999 -9999 -9999 -9999 -9999 -9999 -9999 -9999 -9999 -9999 5.76279770955278 7.60581649000097 8.75740716090017 9.56243862351755 9.10425214641767 9.00059398017228 8.6251772141104
7.19044796651022 5.82406218444457 5.76179719524434 6.01477249716922 -9999 -9999 6.97229992493047 7.43780372365554 7.24733054295095 -9999 -9999 -9999 -9999 -9999 -9999 -9999 -9999 5.86778436476759 6.65055320835353 6.6400738052006 6.78179032399655 6.48489467799141 6.17487681767317 5.27892691111819 4.0212749314389 2.87090423780377 2.92655990581789 3.67374881253207 4.28509229992469 5.02736973242338 -9999 -9999 -9999 -9999 -9999 -9999 -9999 -9999 -9999 -9999 -9999 -9999 7.26377287410006 8.85591936711227 9.23357575358647 10.2024345769613 9.35487148964468 9.47185010550074 8.59677611093268
7.50858141568814 6.60734035546751 6.43398250446858 7.24279526093534 7.72183656291136 8.06164292609079 6.97680732015209 7.73138811868026 7.56273069853649 7.93548518305044 6.5075249483185 -9999 -9999 6.48500558762268 -9999 -9999 -9999 6.45600318519505 6.87611025043027 7.33740198467061 7.41270182149778 6.95288237571353 6.13557007651855 5.58052947585123 4.53236705617874 3.67618742756075 3.13088133531081 3.51457958111008 3.82709578339058 4.59546582974327 4.65713786854004 -9999 -9999 -9999 -9999 -9999 -9999 -9999 -9999 -9999 -9999 7.10491309467313 7.3199955845995 8.5102091967614 8.04742423103579 8.5452677887765 7.31840415334758 7.26941386868721 6.44209176161389
7.61359476154189 7.09002054035695 6.80102647352875 7.43365970066428 -9999 7.63498477713312 7.0054256733669 8.07892722020832 8.26464158538311 7.57426248096767 6.39089089333548 6.67315559231416 6.95966878252418 -9999 -9999 -9999 7.77333353847054 -9999 7.97134248022252 7.59331912033767 7.70387357439385 6.47935102352813 6.21473222679238 5.48215788656634 4.82265444645191 3.90416846321606 3.36462335459535 3.08677823278012 3.54649958709532 4.69741993208759 4.75039823295789 5.85789672179177 -9999 -9999 -9999 -9999 -9999 -9999 -9999 -9999 6.48980433193109 8.05714781273583 8.53888372669591 9.39573186598095 8.19491694291371 8.39166761553106 7.77478617168707 7.98526784579045 7.37717118582515
7.56987322012938 7.80934569390691 6.93704062423953 7.0677156262909 -9999 -9999 -9999 -9999 -9999 -9999 6.04084093954756 6.33832434119133 6.53282818439201 6.04281094084568 5.65682041980824 6.42910908607577 7.07690844822497 6.65830662520488 7.04058258151507 7.88420054749609 8.22351179266161 8.09530604404953 6.57162058920403 5.75055188963334 4.7696709846599 4.14597143868066 4.10062503556181 3.62147395483463 3.71310250094468 3.97000344512248 3.90735149851338 4.28849498552562 4.5207171317252 -9999 -9999 -9999 -9999 -9999 -9999 -9999 9.07682559140938 8.58389485583354 8.09418725168526 7.68966486818342 6.44807844097109 6.36611982313348 6.25886855948414 6.50795103395758 6.81151575176767
7.25850688873134 7.15599112930667 6.40231189092824 6.73936390797646 -9999 -9999 -9999 -9999 -9999 -9999 -9999 -9999 6.57782234266495 6.22040296008018 5.84311006973044 6.41942792835195 6.81750433078017 6.8538087300218 6.93317562648243 7.34887773648355 7.68242494378821 7.82423123715987 6.08534527928408 5.02366234902272 3.68061610131093 3.41065867481196 4.02096479485182 3.7499850211792 4.29299907480578 4.17234832379983 4.15886541112847 4.31359539277672 4.31283819491052 5.39857084103218 6.93000063465706 9.33136695258803 11.5492693795815 -9999 12.0213696366754 9.733000002182 9.03127607370434 8.25088868956371 7.69730881694217 7.21612251287159 6.67265711758056 7.13885320639961 7.60776821128778 7.43355762565153 7.45446614935141
7.00127787493009 6.59454847099046 6.17673162442546 6.40997139991855 -9999 -9999 -9999 -9999 -9999 -9999 -9999 -9999 5.7140833954189 5.6015267180266 5.3700713604436 5.79841918264681 6.04393430802645 -9999 5.97527682226808 7.95624154672194 8.08511808149207 9.23476674780999 6.51879933373236 5.56176361988578 3.61516958912653 3.85148853026566 4.33994977973402 4.4202288978767 4.65244106784048 4.41346593329589 4.65385106166893 4.20745526988723 4.5628242894269 4.93881752717698 6.54660003945684 7.73172256748797 9.6333985393613 8.99264623809971 10.0128726825938 8.9826191994086 9.56988355825785 8.28501657143754 7.1620146130338 6.5922536440499 6.19226892008224 6.70186643173288 6.67580491947695 6.35946384285078 6.56419690448923
6.06512111959755 5.55103562514999 5.78896440456768 5.47010731215602 -9999 -9999 -9999 -9999 -9999 -9999 -9999 -9999 -9999 -9999 5.49674824870315 -9999 -9999 -9999 -9999 7.43779437190893 7.37959851781559 8.23884101400885 6.45305000568563 5.41945637316768 3.56136428268333 3.80686369444187 4.19487013344609 4.62931747163001 5.22887067436965 5.36879602888802 5.39304810077739 5.35388634578465 5.27280202968218 5.08334766640719 5.74050078356511 5.27226835848908 7.23188457393141 6.62189318420647 8.22884445241614 6.74586870345042 7.07258033502235 6.56244254012634 6.76659906088353 6.66038985856395 6.72128756808022 6.90911137054002 7.11946752883612 6.93046514590086 7.05413688189703
5.34852809064345 5.31767894661133 5.38035624083923 4.97809860355112 4.93859763808377 -9999 -9999 -9999 -9999 -9999 -9999 -9999 -9999 -9999 -9999 -9999 -9999 -9999 -9999 -9999 7.65544489864668 8.97779650861779 7.0674814407849 6.14809056283602 3.84502069487064 4.66039363301697 5.29055286302582 5.658241906332 5.14264377660169 5.41368142506605 5.1315790606483 5.46063580270995 5.49183154292578 5.42107492178793 5.40945194242231 4.71401699909672 5.67556145636946 4.89772346905962 6.01317987098074 6.03660252417011 7.60075904981215 7.36470336726902 7.61005423024763 7.20652431262035 7.11041717763937 6.41175983682166 6.14917164425558 6.32468714082976 6.74353023071696
5.54913612282721 5.39976177450614 5.33659424079671 4.88799405592473 4.96594291491449 -9999 -9999 -9999 -9999 -9999 -9999 -9999 -9999 -9999 -9999 -9999 -9999 -9999 -9999 -9999 -9999 7.3355420650006 7.37693523393515 6.3926947970679 4.6668046508738 4.35596503465775 5.23301030912595 5.92823722432658 5.29910481603357 5.02613449813706 4.36799782684098 4.70885245429029 4.82822277360236 5.45790035906998 5.57358951849968 5.39736712253449 5.84379828847096 5.54085390961576 5.53857774139336 5.33825402630009 6.20594815862936 6.67894391880815 7.69193549646527 7.47232267842361 7.79231853017519 6.85105960435985 7.12665362194687 7.04200652048632 7.4339182752349
6.09994283468592 6.15688048018979 5.52004677314279 5.41942240886548 5.08680976138327 -9999 -9999 -9999 -9999 -9999 -9999 -9999 -9999 -9999 -9999 -9999 -9999 -9999 -9999 -9999 -9999 -9999 7.89829146750486 6.91408056008327 5.57578895797032 4.31370691913037 4.66794307768243 5.18375071230438 4.91761145071221 5.0047200010951 4.50934923705005 5.09312273204628 5.77316290658431 5.7929524949249 5.90305931016297 5.19362222233671 6.13915134877728 5.90011408548031 6.07058571847883 6.09169040157237 7.164141427137 7.79701865754822 8.37284757570013 8.77124478149677 9.06525707196536 8.18573468006892 7.46212838308345 7.18642197261857 7.44834599886994
6.75412473710564 6.71568295552242 6.15235716872126 -9999 -9999 -9999 -9999 -9999 -9999 -9999 -9999 -9999 -9999 -9999 -9999 -9999 -9999 -9999 -9999 -9999 -9999 -9999 -9999 -9999 -9999 3.95638771441606 3.36802129824738 4.1947043724153 4.64166842084975 5.2588706368762 5.11289499428189 5.64730885039003 6.41162118194389 6.16442549429732 6.43297163784236 6.09697972674607 7.07259378269578 6.35705451488615 6.03935960267403 5.45148701218958 6.28620842152927 7.4974186737459 8.19183209667725 8.75135323800448 8.56516216531973 7.94848402533687 8.07109536574627 8.27979634643537 9.27320906705866
7.77543870960279 7.4099587323237 6.50760722654264 -9999 -9999 -9999 -9999 -9999 -9999 -9999 -9999 -9999 -9999 -9999 -9999 -9999 -9999 -9999 -9999 -9999 -9999 -9999 -9999 -9999 -9999 -9999 2.97459358091614 4.09725219077244 4.38139420884355 5.78671441148791 5.23574178110583 6.08192658650408 6.77962875310281 6.63412306456229 6.46122043684951 6.26884606171384 7.25799753164018 7.21657338544917 7.19330041092081 6.65173506417143 6.84725362154965 7.37823063036245 8.01312525121457 9.10265401520702 9.30284321338162 9.06241365729864 9.16216776948607 9.79335366907604 10.8296694493512
7.66551565197807 7.48060233322182 7.02517878142913 -9999 -9999 -9999 -9999 -9999 -9999 -9999 -9999 -9999 -9999 -9999 -9999 -9999 -9999 -9999 -9999 -9999 -9999 -9999 -9999 -9999 -9999 -9999 4.41216392042243 4.98639515653637 5.0637740078795 5.78920547367731 5.50916106074524 6.00507723763859 6.35671312320697 6.90709308037611 6.90589434897831 7.52259381707939 8.09756869014011 8.33090081613496 8.20428094441074 7.74686229407253 7.3546366755552 7.45316478139842 7.90425123498112 8.52175004785772 8.88388584088531 8.87961307569311 9.79509407168787 10.6099100893029 12.0544590695968
-9999 7.57906889761721 7.15119961852267 -9999 -9999 -9999 -9999 -9999 -9999 -9999 -9999 -9999 -9999 -9999 -9999 -9999 -9999 -9999 -9999 -9999 -9999 -9999 -9999 -9999 -9999 7.3715648505001 -9999 6.87822177738402 6.72847505008359 6.63994456475824 5.47564684210751 5.92001978204775 5.87325833107069 6.63890512039958 7.20423034076148 8.11633820207962 9.57137508000924 9.72050380946305 9.95784990983621 8.98805692406758 8.21208332713251 8.13347023056708 8.38899655206899 8.98913747574387 9.42703638604795 9.86842958743533 10.9668592363841 11.7287712084147 12.9989516236039
-9999 -9999 -9999 -9999 -9999 -9999 -9999 -9999 -9999 -9999 -9999 -9999 -9999 -9999 -9999 -9999 -9999 -9999 -9999 -9999 -9999 -9999 6.80150014146092 7.89287850631764 7.2238721124397 -9999 7.69721989744562 7.95206156323517 8.32390399028035 7.67305507485904 7.06192956155509 6.86820545327333 6.74988234697108 7.17821230847653 8.40823987295776 9.24333359532731 10.4965347381998 9.84454397670414 10.3278785325511 9.91467017064452 9.89228587980187 10.3061894945544 10.3248211657577 10.2865105657113 10.3212678922742 10.5373249877151 11.1741678122717 11.5390798653985 13.2117598241283
-9999 -9999 -9999 -9999 -9999 -9999 -9999 -9999 -9999 -9999 -9999 -9999 -9999 -9999 -9999 8.51087842256494 9.58655049656084 11.8158169371852 -9999 -9999 6.2210733530525 6.75355707126834 7.35958178074466 7.65810835874884 -9999 -9999 8.24292658713843 8.56569134728574 8.98382599016486 8.46503768715876 7.30130163877648 7.16500559408182 6.97477691591432 7.69989458834582 8.99877381050859 9.98014595456025 11.5550956094922 11.1442557632356 11.6475915214007 11.0110378183935 11.0668170778592 11.6884983812311 11.8124331988075 11.9205404345656 11.6997217550063 11.896556247751 12.6454212615473 12.8556991026301 14.4491476581097
-9999 -9999 -9999 -9999 -9999 -9999 -9999 -9999 -9999 -9999 -9999 -9999 -9999 -9999 -9999 -9999 -9999 -9999 8.82197432546243 7.27340337114771 6.58892867447605 7.62931217772161 7.90486107344469 -9999 -9999 -9999 -9999 -9999 -9999 8.5559555115672 8.00533528564537 7.19090485195885 7.4651079457964 7.99511249916944 10.1799372782242 10.7763087909114 11.5771500081736 10.9751834495301 11.7510120250498 12.0345841222611 12.164159398793 13.0029591428924 13.4051554233294 13.713913216498 13.5502627475664 13.412052240762 13.2630711867471 12.7428680812636 14.5780955653244
-9999 -9999 -9999 -9999 -9999 -9999 -9999 -9999 -9999 -9999 -9999 -9999 -9999 -9999 -9999 -9999 -9999 10.7302844013134 9.25275843093459 7.61806295789761 7.2098375227193 8.28012362528414 9.48367130592797 9.53931098608166 8.68959175317007 7.34823476945343 -9999 -9999 -9999 8.5959814071775 7.86896451986937 7.02152269919307 7.50333812256328 7.98047778492495 9.57403513867881 10.1261927699473 11.4302382074939 11.4803114275335 12.3065800554432 11.8979585674097 11.869188451839 12.7656712374604 13.6960723906051 14.1244348355839 13.7239297962222 13.63190648383 13.6008371994542 13.0034728380746 14.224970118697
-9999 -9999 -9999 -9999 -9999 -9999 -9999 -9999 -9999 -9999 -9999 -9999 -9999 -9999 -9999 -9999 -9999 10.5276898355416 -9999 -9999 8.7565183871096 -9999 10.9089282661236 10.639684072028 9.80643697400753 8.89722857878573 8.12065333644094 8.28872454321288 10.1114795764447 9.50866623346179 9.05838070715862 7.35518243118483 7.46052718241651 7.21225984089458 8.7983498809998 9.79485870210085 11.7466701140721 12.1770185644205 11.7662420367416 10.9141829593159 11.3950357562536 13.2694274219974 14.3092666384671 14.058324590846 13.8370631624101 13.616692107584 13.4122641067782 13.0590358894707 14.3706726353304
