output/BIMAC_IDW_prior.asc
NCOLS 360 
NROWS 172 
XLLCORNER -180 
YLLCORNER -82 
CELLSIZE 1 
NODATA_value -9999 
[rows 125 to 149 of 172, columns 112 to 167 of 360]
-9999 -9999 -9999 -9999 -9999 -9999 -9999 -9999 -9999 -9999 -9999 21.7628107250728 21.8107770570804 21.9178802456489 22.0426837023915 22.0995872258586 22.0822726697145 22.0529727051137 21.9247881166425 20.8 21.8420882304405 21.8337878998266 21.919691404494 22.3677554851033 22.4511785213721 22.5341357272341 22.8 22.4051848844287 22.1418440519688 21.9490090345158 21.7 21.8956131365547 21.2018975543928 21.0139539332665 20.3636657031526 15.8 19.2506661499841 19.6646687701285 18.0394317103236 21.5554004656974 22.5331490058632 22.945789305746 23.040157387363 22.8720368775118 22.4 23.120606076066 23.2201010126777 23.8 23.8 23.8 22.0401908716554 19.3 19.6894663844041 20.8203449016496 22.3677669529664 23.2601886205085
-9999 -9999 -9999 -9999 -9999 -9999 -9999 -9999 -9999 -9999 -9999 21.6953056837304 21.704844511736 21.7257450458692 21.762763824436 21.7862040381287 21.7714452124199 21.7317209620843 21.6229958954008 21.0573593128807 20.974618198455 21.5221288916688 20.8 20.8 21.9393133784997 22.3120339410216 22.3 22.4600813061876 22.1508448620653 21.997367525088 21.7666666666667 21.8721565872768 20.9180197644036 20.7537514156643 22.2 20.4 19.7297450753892 19.2620623684386 18.1605682896764 20.7176222026866 21.612460728113 22.1380063749914 22.4163404695822 22.488576939231 22.6106889693959 22.99465237921 23.8 23.8 23.8 21.722371769674 19.3 19.6532147520898 19.6777087639997 19.7222912360003 20.7738315246049 21.244495290494
-9999 -9999 -9999 -9999 -9999 -9999 -9999 -9999 -9999 -9999 -9999 21.5103780306554 21.5056530287297 21.495071067562 22 22 22 21.5 21.402633403899 21.212132034356 21.0404228602427 21.0320917563659 21.4043298620283 21.4392664131713 21.8100102379374 21.5387961250363 22.0251482265544 22.8 22.25 21.7828427124746 21.78 20.9977231490509 20.6973606804325 20.131390479498 20.537807549065 20.2184950087013 19.6181258161572 19.4535894498146 20.4 20.3683208938359 20.7576277398741 21.016254862213 21.2498723199169 21.4607980196026 21.8208818058617 22.3359884087941 22.6833069036063 22.5939988571973 21.7865385617411 19.3 19.6313708498985 19.6099407093782 19.6313708498985 19.7686291501015 19.7900592906218 20.5451757417212
-9999 -9999 -9999 -9999 -9999 -9999 -9999 -9999 -9999 -9999 21.2822946073938 21.2623543844999 21.2482537426575 22 20.0117749006091 20.08 20.4828308557617 21.7207592200561 21.42 21.3944271909999 21.237867965644 21.3 21.0567771718293 20.9727457514063 21.8960910360199 22.9258346414215 24.0170824512628 22.8 21.3729477059772 21.7 19.7440692221066 19.4740115370178 19.6811183182043 20.1491551379347 19.510367428043 19.8312204847525 19.6674525828668 20.4 19.5989484432722 19.6488746513316 19.6172275542091 19.4587609909921 19.4901178766148 19.7490699922076 20.4098212784773 21.1669512585803 21.6824886055659 21.730217089781 21.0417434746127 19.3 19.62 19.5666666666667 19.3 20.1 19.8333333333333 19.8130102783954
-9999 -9999 -9999 -9999 -9999 -9999 9.13 10.0420067152438 12.279489980548 15.7926581050623 18.6278393339248 19.982079421117 22 19.8807114874612 20.1403557437306 20.591523634385 20.5200238662975 20.6400654285933 21.5581138830084 21.4225148226554 21.3774851773446 20.5048394651749 20.2005251192966 21.0932617241184 22.8104076400857 22.394305849579 22.0971176265637 21.7589803375032 20.4392044130633 17.9 17.9 17.9 17.2753420092847 18.2634734294812 18.8920085743316 20.1707993494751 20.4 18.7693376104965 18.6357086022859 18.5603150719851 18.3019361630165 16.8 16.8 16.8 18.9167676069537 19.8112610227728 20.5180954643817 20.8283480571536 20.5312764413873 19.3 19.6313708498985 19.6099407093782 19.6313708498985 19.7686291501015 19.7900592906218 19.7686291501015
-9999 -9999 -9999 -9999 -9999 -9999 9.91417732893111 10.7038356261078 12.0809291723011 14.1157577378204 16.2856770379838 18.16103845911 19.6632016935753 19.733747416002 20.0117749006091 22 20.3489187832877 20.6408141025123 21.5 21.4477592250073 19.4173477096092 18.7516076726891 19.2336240837756 20.2793656471595 21.275 22.9823725421879 22.1933982822018 21.55 21.3410196624968 17.9 17.9 17.2208699250943 17.9 17.0333333333333 16.6724465170011 16.5617315730203 16.9513020215767 16.832017667031 17.1462631562872 17.3274072771216 16.8 16.8 16.8 16.8 16.8 18.5229765949823 19.3358555911744 19.9231563323125 20.078412610008 19.8000062266267 19.3 19.6532147520898 19.6777087639997 19.7222912360003 19.7467852479102 20.1
-9999 -9999 -9999 9.46731157163581 9.55171127801739 9.75426471019768 10.059419451545 10.5815414807748 11.1700704437056 12.1786677847938 13.702762285424 15.982196994446 19.5367983064247 19.466252583998 19.1882250993909 17.2 19.3240085208523 19.8163083911401 20.7269340912396 19.1137054151952 18.5162532390226 18.0586254679207 18.406683171256 18.7463930833322 20.8074003872148 25.3 21.55 19.4313481109549 17.7534057038887 15.3839371724299 15.4085324033889 16.1846296092455 16.7725559464886 16.3970562748477 16.3487440857835 15.212132034356 13.8118156434649 12.4 15.6201440025655 16.8 16.8 16.8 16.8 16.8 16.8 16.8 18.4683840136073 19.2079727085963 19.5464388909558 19.4283033773423 19.0823593791411 19.3 19.6894663844041 19.7105336155959 20.1 16.5459408281016
-9999 -9999 -9999 -9999 9.61986224822778 9.74343790144795 9.91569573110127 10.0499307518111 9.13 9.13 9.13 13.7545062954128 17.2 19.3192885125388 18.6001635714833 18.1288053418922 18.6309875322037 18.8517524701939 18.4740739277541 18.1143071287227 17.5638592649977 16.7306019374819 16.7 18.201295671206 19.4308750178082 20.4087241010659 17.8 17.5767060937735 16.1008044496196 14.6552344761202 14.7182898392084 15.4578688431451 15.8370450628247 15.3 15.4998729168056 14.6291224580823 13.56 12.4 12.4 16.8 16.8 16.8 16.8 16.8 16.8 16.8 17.9482389115435 18.5960554109229 18.8531749472889 18.6050733557032 17.9803401931379 17.138500270913 16.1599363988207 15.616903027587 15.1809291620874 13.4
-9999 -9999 -9999 9.5943509022898 9.6121579661469 9.6190861229893 9.58452621623838 9.13 9.13 9.13 9.13 9.13 13.9984648802539 17.1527864045 17.5134892194169 17.4318776891449 17.3616720985639 17.7105515358406 17.7945317707104 17.641471413383 16.7 16.5 17.1 17.982083202916 18.7557969719777 18.6762063944491 17.5985412935503 16.1525916595977 14.6124393638187 14.4224046541653 14.3791073881146 14.895837370182 15.5039832570727 15.4924738639587 15.0591142432679 14.3546854596071 13.7559906035298 12.4 12.4 14.6 16.8 16.8 16.8 16.8 16.8 16.8 17.6825158196507 18.0746448758633 18.0232651854847 17.3844471382839 16.2472568506304 14.7672863636674 11.1 11.1 11.1 13.4
-9999 -9999 -9999 9.5677697427807 9.53828729854168 9.45274621307073 9.13 9.13 9.13 9.13 9.13 9.13 9.13 16.2449076372847 16.4649150533297 16.5015783326571 17.1 16.477664647544 16.7020502480175 16.7534417971139 16.724845635474 16.7384542212807 16.8171572875254 16.8207592200561 18.5044273972237 17.906715210576 16.5380162123702 14.736451640248 13.8 13.899958080413 13.6 14.5388639588591 15.1576453885626 16.5 15.1716114140854 14.0591401404068 12.4 12.4 12.4 12.4 16.8 16.8 16.8 16.8 16.8 17.1285084421954 17.4987613188477 17.5364374519575 17.0392331535144 15.9041068265478 14.2743906530371 11.1 11.1 11.1 11.1 12.185912696499
-9999 9.57975747993556 9.57769413877448 9.5318270440932 9.46457311560093 9.3474775701699 9.13 9.13 9.13720759220056 9.13 9.13720759220056 9.13 12.1337594897167 16.153298904407 16.0711403651041 16.1274450283567 16.4 16.3324069382528 16.2910185813677 16.6559177220993 16.7649110640674 16.7624369603551 16.7863359853596 16.7968444658106 17.1 15.6619436005998 15.0425605987392 14.7724934745093 15.4 14.5 14.2161737913508 14.3160836617144 15.0070274692298 15.1704602878957 14.995085610253 13.9884461355634 13.3850376007434 12.1527864045 12.0583592135001 12 13.610992230229 16.8 16.8 16.8 16.7901301481691 17.0926490648576 17.2862261302393 17.0126832650897 16.1450374203937 14.5176378548203 11.1 11.1 11.1 11.1 11.1 11.1
-9999 9.56855898941109 9.55568603882227 9.49604387163677 9.41105091602449 9.29745375030219 9.13 9.14324555320337 9.14162277660168 9.14 9.19503399939941 9.04662307902547 10.5993659208816 14.529856727235 15.9343545659155 15.3 15.6040876580199 15.533824207634 16.2115081840248 16.2 16.5 16.7920997883031 16.8079002116969 17.1 13.6460305339418 15.4 14.6387695530725 14.5568771161672 14.2787690459727 14.1411145689476 13.9709658802426 14.2812431681027 14.4110007772476 16.5 14.6897743955398 14.2102256044602 10.9930835227535 10.0007245178211 9.88769968613104 9.42952093316498 11.6 13.0521103622364 14.3085348364303 15.4074783657837 16.2052434147785 16.7775976905738 16.9346140694949 16.5400860787797 15.5220533703359 13.7944900874793 11.1 11.1 11.1 11.1 11.1 11.1
-9999 -9999 9.52441186352169 9.46243871900283 9.37811972954627 9.27707691272001 9.16 9.14675444679663 9.14837722339832 9.19577845675933 9.07554560411438 9.03551326784223 11.1727005673372 13.0048749455097 14.2814793215301 15.3297048695885 16 15.2334655650088 14.843847165343 16 14.5966944888093 14.0058202271302 13.1146705171225 11.6770802492134 7.05 7.05 9.97029651983117 11.8957253449236 12.3320527409846 13.0933094298775 13.6137709773993 13.2661896766219 14.1568542494924 14.5526680779794 16.5 10.5979906210821 9.60439824726796 9.64855464108028 9.44835123897688 9.22289674428887 9.2864433738118 11.6 12.6533055626451 14.0384699924139 15.2116305286356 16.0804693792988 16.419456327493 16.0785641968495 15.1155562095313 13.5290098618348 11.1 11.1 11.1 11.1 11.1 11.1
-9999 9.51701869238638 9.49626836462354 9.44154730873005 9.36537257607154 9.27257254478223 9.16 9.16 9.19874258867228 9.16 9.09165643722983 9.03353720951178 9.87165225471173 12.0604176250133 13.2840115254479 15.9 14.418293359114 14.3740272807426 13.8966168267338 13.15 12.3522907092266 11.1647405039616 10.1228276333102 7.05 7.05 6.95473088065419 6.91658547438356 9.23510418709803 10.7086530169576 11.2992348328381 12.5 10.8225 9.90037230009006 12.5 8.09 8.65796164947623 8.68318647924206 8.93470449575136 11.6 9.15145088413655 8.86670441199342 9.04899518215308 10.7924511518211 12.2689837148063 13.7135014485796 14.9062957484758 15.5814486068999 15.5595030145513 14.7447758464335 13.4284643740245 11.9990571793844 11.1 11.1 11.1 11.1 11.1
9.51053106051664 9.49979771551292 9.47612194270239 9.42856762224608 9.36063684673233 9.2770368348071 9.16 9.16 9.23368676543392 9.09181818181818 9.10109936088814 9.39 8.44 10.3132643503958 12.6329673724909 13.2531592054917 10.3 12.9675681457476 13.5366137842806 10.3 9.85765660534588 6.08 6.55222799108998 6.6482128444981 6.97892609129376 6.95939300373981 6.91938355023212 7.60297934922381 7.89786023781338 8.48482810264006 9.19112112850197 9.12886768234689 9.145 8.95803225804718 8.09 8.55390991514405 8.45191187337305 8.09 6.36 7.93558629620165 7.78104671218973 7.46016312251934 8.62697610710091 10.1070833195542 11.8024389862445 13.3507922093739 14.4698229149521 14.734731811221 14.0209449269826 12.7565181470956 11.3402626432121 10.3681937009551 11.1 11.1 11.1 10.0203401013254
9.50073443399173 9.48775231552952 9.46330862256013 9.42288541001754 9.36524264641998 9.30032333344913 9.24087381086463 9.16 9.25526911934581 9.06120248681959 9.196034438225 9.16461424923839 9.05471943890174 10.3169863442225 10.9023452328608 12.4822118188959 12.7736197982076 13.0470625239633 10.3 10.3 6.08 5.8521825406948 6.2 6.32621224076223 6.80124977297504 7.05 6.922 6.82 6.87 7.32913282416947 7.38731615082971 7.19075041279153 8.02666666666667 5.79 6.94 7.37341053709455 7.34415138248852 7.45476621663634 6.75531110431351 7.03433360487762 6.78627063594443 5.25872149726142 4.48 7.90308618269219 9.79234743466707 11.6655876027611 13.0193183327553 13.4706819622947 12.6764652740402 11.2327359522098 9.4593688139013 7.88181872045635 7.27328658062774 7.29543481107741 7.91051963135622 8.27700651567221
9.49408541196181 9.4804699525787 9.45733234028484 9.42079788120243 9.37249472149517 9.32008281048786 9.28197050639206 -9999 -9999 -9999 9.24885614440376 9.31270658729192 9.36175451109878 9.30519975318804 10.908026011139 11.8606806660983 12.4695849656476 10.3 10.3 6.08 5.83716485793826 5.86691576230246 6.09747629544611 6.19728112757643 6.20470861336072 6.52236368582335 6.29314106762534 6.53387274237217 6.20379821919731 6.92614479691898 6.70473933164658 5.79 5.43998680754859 5.79 5.79 5.2 5.52862845715486 6.0278819897253 5.56159783975128 5.40209596944578 4.42593434891421 4.43666666666667 4.48 4.48 8.17126855316355 10.2187491196415 11.5995149908786 11.8824941704875 10.8129012264037 8.94321097438863 6.69768875014715 2.11 2.11 2.11 5.38941670603717 6.28215365012272
9.47874431298282 9.47056879316351 9.45204063287848 9.42060168112802 9.38148816588798 9.34134542094197 9.32310896562338 9.35351973777842 9.47060576704266 9.81 9.64728112757643 9.46249420608373 9.81 9.4808532895077 9.81 10.0485481604475 10.3 10.3 8.00236969325465 5.81224186072217 5.82032522475023 5.8521825406948 6.08 5.7294847435953 5.67510782434851 5.63453764685481 5.88681833787631 5.7291231517963 5.66098339264446 5.51374499405812 5.32502166379443 5.23495382642005 4.85778844755743 4.36842826749231 3.69532177629867 2.74076891792819 4.15605158404836 4.03583751810377 4.18848651090689 3.97564122048198 4.48 4.00007144475553 4.42963463472604 4.48 7.06870308831239 8.96761777190473 10.1622259867477 10.0687169743433 8.60290379906526 6.32543119703476 2.11 2.11 2.11 2.11 2.11 4.45170953858616
9.42971553116837 9.4478664898898 9.44273528884124 9.41941803290376 9.39054309829155 9.36420821974496 9.36287747034838 9.40622151751699 9.52357591932873 9.81 9.81 9.81 9.81 9.81 9.81 9.81 7.80651509777197 7.01621277110158 6.34587891481 5.79775813927783 5.78967477524977 5.7578174593052 5.53 5.40272695162076 5.2920155232779 5.14755445199405 5.15929539334899 4.81657069224121 4.85396744439065 4.74158486613382 4.45 4.60164994532875 4.28890626391675 4.10229328797501 3.07926991045379 2.95022491107831 2.81566216823011 2.31 3.23973173491814 4.35 3.66908555946743 3.82435493086751 3.78310879395684 4.48 6.30328522804244 7.73135334083695 8.45916089229186 8.02869257912066 6.32487979412365 2.11 2.11 2.11 2.11 2.11 2.11 2.11
-9999 -9999 9.4337347689632 9.41700986297947 9.39846483727066 9.38588456694023 9.3960003090257 9.37504770436058 9.37106251947294 9.4141470689839 9.81 9.81 9.81 9.81 9.81 6.7997984372395 3.49 3.49 3.49 5.53 5.77283514206174 5.2606005851296 5.03580109230534 4.92702615996741 4.83120263649812 4.63 4.1479749568193 4.27 4.08605221646343 4.01172739221036 4.2403926643215 -9999 4.00884955436798 3.5219083142157 3.18744224937932 3.05957553263802 2.97147664782357 2.83406153045963 3.06862915010152 2.2 3.26805680475459 3.62076706539562 3.68137769156604 4.48916058462577 5.48078982715927 6.30442974734641 6.50083005935876 6.00560561087718 4.70454171220701 2.11 2.11 2.11 2.11 2.11 2.11 2.11
8.76202200510616 9.11468023293979 9.29696790891337 9.36290875703019 9.31184562093938 9.21275601383176 9.08801540661504 8.88464758591757 8.68221797923955 8.50968309356057 8.49240098961132 9.81 9.81 9.81 6.30384519712692 3.16422619105029 3.19533482164386 3.22267613816127 3.49 3.49 4.735 4.78309773307457 4.73470558959643 4.71944169495412 4.82 4.15271876377588 3.97295018174616 3.83714069793083 3.66721045411491 3.7727804746507 3.78701919652541 3.59470043216183 3.55980933896036 3.35 3.34996816391101 3.15160951166975 2.83096623089233 2.79665728320412 2.7034123303363 2.92409439436751 3.35719755123788 3.52600363027308 2.2 3.84232923037068 4.42393355702467 4.62369631813546 4.2873264617519 3.88311179717938 3.30241731280027 2.11 2.11 2.11 2.11 2.11 2.11 2.11
8.38880226709011 8.82044684806943 9.103986997781 9.17016323187256 9.01544882247169 8.71967353005167 8.31267811563568 7.81289719330701 7.37544991265907 6.93577031222741 6.47098903862828 6.29583883611004 6.05496576840495 5.46136480288167 3.12577380894971 2.89816233815926 2.9868970278721 2.92954804571106 2.9754458286845 3.20589357775095 3.74083261120685 4.31957947148638 4.24587593494313 3.96823747203841 3.87661324755028 3.70301395964139 3.62395563712158 3.53812523026269 3.03 3.41156739346886 3.52977875798293 3.52068180358906 3.34998766587499 3.34998681306017 3.34998135085084 3.34998049803602 2.80970121419186 2.44210041724345 2.61760311681726 2.72124069499726 2.77386019295082 2.2 2.73124990731253 3.00375947172805 3.14586130898028 2.93890329143724 1.33 1.33 1.33 2.13322075017394 2.11 2.11 2.11 2.11 2.11 2.54586137547351
7.99280313133476 8.48732335582459 8.7822967568953 8.75036090875485 8.38274033404981 7.76556380139918 6.92190705963418 5.97695812139805 5.44180901463739 5.02215360047055 2.93 2.93 2.93 2.8 2.81575518967588 2.84634642949487 2.84622518201402 3.49 2.84905666950467 3.0495869182862 3.35599803078754 3.86333333333333 3.94 3.71 3.57609169013807 3.35631682323748 2.62 3.03163363448386 3.13302806363943 2.89864533118301 3.03 3.19891649440013 3.34998594377965 3.34998496903772 3.34998319487329 2.9932738632296 2.64629917832109 2.09 2.11642783806872 2.12524149651187 2.13556349186104 2.09 2.07625846882784 1.90911520089918 1.86960286705073 1.33 1.33 1.33 1.33 1.33 1.8241547465095 2.11 2.11 2.11 2.30503795846502 2.60501416639233
7.65862191941341 8.15080036453213 8.3767438851122 8.14319174902597 7.45021946453998 6.40818802574019 5.14461889618827 2.37 2.37 2.66560386520024 2.93 2.93 2.93 2.65667167579138 2.76032186354247 2.65973438403428 2.8 2.72664430200317 2.60770050112849 2.7826199636362 3.25145706961199 3.20636060697268 3.45970882228331 3.14224502027427 2.90121539621135 2.84695145551264 2.71820552919624 2.60921088132045 2.83642425845017 2.86017243942703 3.03 3.23472669513154 3.35 3.34998450114191 3.3499836627691 2.70339405657838 2.09 2.09 2.09 2.09 2.09 2.09 1.26406277040588 -0.409 0.437602553098435 0.609682615033188 1.33 1.33 1.33 1.33 1.33 1.65537150127592 1.78838004673786 1.9388199007777 2.16465871523941 2.45972416756844
7.34744086844223 7.81208084135703 7.86369116763242 7.34726051847238 6.28817825215802 4.8865049760613 2.37 2.37 2.58695849656476 2.65 2.74333333333333 2.93 2.93 2.6706550823509 2.59509109144012 2.54963111113552 2.2 2.49286959642935 2.07 2.4575092617347 2.84457936163769 3.01685733482941 2.76107848158385 2.52548073584001 1.99 2.18571322079688 1.9599496811729 2.54674282483872 2.81896536343781 3.03 3.00203075855339 3.15995201735303 3.21216399794985 3.14105748057874 2.87003647561437 2.09 2.09 2.09 2.09 2.09 2.09 2.09 -0.409 -0.409 0.2866 0.508955574255732 0.875766461438054 1.33 1.33 1.33 1.33 1.25181902194614 1.3182372238719 1.4845779775192 1.74165822548931 2.05161388830185
