output/BIMAC_interpolation_sd_no_advection.asc
NCOLS 360 
NROWS 155 
XLLCORNER -179.5 
YLLCORNER -70.5 
CELLSIZE 0.997222222222222 
NODATA_value -9999 
[rows 44 to 65 of 155, columns 294 to 342 of 360]
-9999 -9999 -9999 -9999 -9999 6.93307267004183 6.93769260091646 -9999 -9999 7.30684833669843 7.25498801525015 -9999 -9999 -9999 6.20737110274406 6.49769609423909 7.00781468905293 6.93230993607579 6.72913501138677 6.83494369235996 6.20701204221329 5.37286307637572 4.5822621157895 4.19595314098934 3.90162769431491 4.60549408885007 -9999 -9999 3.1859663066384 2.87083064815438 1.95485314611435 1.5605933234934 1.73661839889459 1.78750599641123 1.53267887623234 1.27514655897964 1.18252545789799 0.767361348899269 1.04098797355274 1.05861001396217 1.36993904978436 1.24863901979347 1.24496076405053 0.689414909076571 0.709780820235377 0.398437638190197 0.693166937716637 1.29742161586969 1.29769366962588
-9999 -9999 -9999 -9999 6.66839435454113 6.87398692765319 6.85442348954888 7.02654222720576 6.93910511608869 7.03016158440628 6.98332644504782 -9999 -9999 -9999 6.11050856175699 6.23770657988186 6.65316171949522 6.62202827803065 6.3459304357802 6.19377276377749 5.33359107719897 4.54935901569606 3.52232420708574 2.92367035697024 2.34415330234109 -9999 -9999 2.88949976829041 2.42148265402316 2.15162668036881 1.00672621981288 0.529572294050821 0.948137416758375 1.53115243933241 1.57866271335533 1.57946750780424 1.48643036788539 1.07130528585735 1.31976912771907 1.33716918516848 1.64620388507988 1.77964526825953 1.77694410463356 0.946051290297267 0.965834354096408 0.927482146944585 1.27918492896616 2.12609402982157 2.37098970292197
-9999 -9999 -9999 -9999 -9999 6.71130997717326 -9999 6.84971510586825 6.86795254340828 6.95055456255152 6.89195623951014 6.95787755632729 -9999 -9999 -9999 6.62210096551429 6.92988249587412 6.7893072733837 6.34673144780288 6.14238441647607 5.01872419274877 3.84013051308976 2.56865411574287 2.0523819587386 1.79897499961345 -9999 -9999 4.05909515110514 3.62487993431488 2.71724899487686 1.30371209717935 0.59963969123103 0.849933992007407 0.865009999223734 0.866037872313282 0.866841627030187 0.775465064426169 0.526680563647564 1.05521066997029 1.33611575317503 1.89289394035343 2.32498089553928 2.32277503200001 1.49188310311336 1.73507006882474 1.4495311049801 1.5024059191274 2.248625401027 2.81824518392679
-9999 -9999 -9999 -9999 -9999 -9999 -9999 6.99794839701879 6.8905324968767 7.02578940859801 6.9463018966091 6.87073290516581 -9999 -9999 -9999 6.29679893749628 6.58438980407127 6.64149026093834 6.45339482097581 6.09818205516507 4.78544608259133 3.97419256253383 2.9510477549184 -9999 -9999 -9999 -9999 5.52279240301514 4.79900761132102 3.75831345445569 2.38639460027704 1.33636416589142 1.3376034800828 1.09653665216195 0.893919712192038 0.615164504651452 0.522028917927073 0.523812888199866 0.938597318362251 1.22078148380975 1.77870766889317 2.21188167179385 2.21038251981443 1.49481311710229 2.11846602504818 1.83349861010868 2.12899325502568 2.8692914785793 3.43638142055638
-9999 -9999 -9999 -9999 -9999 -9999 6.67555252337781 6.78962515343364 6.82200556865529 6.75231862708132 6.61596982521853 6.39054068449258 -9999 -9999 -9999 5.84514149246771 6.20521060456914 6.35222484190227 6.14810804914388 -9999 -9999 -9999 -9999 -9999 -9999 -9999 6.19068453934403 5.19431117010044 4.78849387674846 3.93814799660583 2.97815572718098 2.05874595268485 1.80821146873549 1.23791983575657 1.28395917802796 0.92016260849128 0.92156197584126 0.919853543299702 1.1265231130678 0.879529542416122 1.05357009730338 1.60786196522351 1.60702161827387 1.36062359350461 2.26553681524071 2.46301057850627 3.03906914490862 4.01169606979318 4.60249242513984
-9999 -9999 -9999 -9999 -9999 -9999 6.79090358446972 6.85576228949899 6.67609541242536 6.63296074254944 6.60724532702354 6.44912085187724 -9999 -9999 6.78372376356366 6.708071183144 6.92901356324026 -9999 -9999 -9999 6.2131613905567 -9999 -9999 6.38860347764759 6.76819130268727 7.45001848441791 7.24057561120495 6.20960263680207 5.81046462121882 4.74084494956012 4.14288711173715 3.21001737910343 2.60515040073044 1.9982313786872 2.3479346004183 1.66027713562162 1.6971136268806 1.69388239131151 1.87706742257062 1.32489031590305 1.49918384293459 1.79309771188724 1.793766577137 1.60515642701406 2.21037428797076 2.41000120841219 2.69004506826069 3.93121462166273 4.27458198981958
-9999 -9999 -9999 -9999 -9999 -9999 -9999 6.90997088620203 6.84163602577553 6.77277212532536 6.70501388965285 6.63936257243372 6.43786407947744 6.71874077482461 6.91564220881689 6.99406971874459 -9999 -9999 -9999 -9999 6.98910229670527 -9999 6.75731018221153 7.30312106801646 7.24540002801229 7.17360640999996 7.1285001214357 6.43343066558611 6.20503543816382 5.21993343946774 5.12260414583733 4.46152375963914 3.66339680353615 2.79132530305366 2.88096107566508 2.04398570570197 1.82744600815583 2.09241926947712 2.04857696062591 1.75306943079306 1.97744673969915 2.28444953043664 2.01656681934155 2.10486686495398 2.45427643345437 2.49858355519711 2.45413902138881 3.65862240956291 3.99883182269669
-9999 -9999 -9999 -9999 -9999 -9999 -9999 6.95662530676352 6.82871171511627 6.77888362083509 6.87049684397247 6.84775985510521 6.76300860931087 7.12511750962881 7.21836740350426 7.01204619418147 -9999 -9999 5.93123122705909 5.713034258388 6.08080934792116 5.90149840545823 6.02060677532687 6.64748559369693 6.99007941769567 6.59257279225088 6.39554558205595 6.13642513083219 5.6929318317484 4.89587214513003 5.40498784034069 4.97197611215429 3.8759915685518 3.57415714681993 3.44199345304012 2.61536868066883 2.60431982167175 3.07531962799615 2.74994866338246 2.45326335303443 2.14236546340034 2.1910611431092 2.00572157962053 2.40744254116409 2.5342820082748 3.10309382643556 3.37025194318182 4.02230783042955 3.72515260427625
-9999 -9999 -9999 -9999 -9999 -9999 -9999 6.59868489565604 6.60996746615783 6.68693151550142 6.77524268167646 6.83656829343341 6.88814561069509 7.09494926370365 7.08192958957775 6.93016925697453 -9999 6.99349098764367 5.66014742840837 5.23453837661723 5.28484088623829 4.93930882035305 5.06274729118842 6.12185218212142 6.67834330176324 6.21604565275365 5.89985677700014 5.47928899319174 5.06227867864933 4.38218446582428 5.17952530923272 5.09201951180032 4.28799623342264 3.87623951252108 3.91809354049209 3.39847188334879 3.78276859333613 4.22066460313334 3.98668065876972 3.70884421026466 3.36921843915715 3.31987147788138 3.14159042669762 3.45034899121095 3.32249572161335 3.89433396434766 3.93214178674582 4.42385215300049 4.35475258266597
-9999 -9999 -9999 -9999 -9999 -9999 -9999 6.55169421643013 6.53332469740099 6.63563540645917 6.68200667568058 6.83679281844069 7.05334307448434 7.43244427823036 7.35919752829152 7.1904889760906 6.94490102073271 7.00789269770601 5.84254496900955 5.26159501713635 5.38580651275302 4.84010493460632 4.83773302712502 5.4580453431144 6.55172939139791 5.65643158004431 5.56905438913418 5.25533222159099 4.83211434271046 3.85655023260866 4.7509128567506 4.6634213012172 3.74742342600346 3.66330272861422 3.84795907657765 3.59596270462449 4.29287509003126 4.95112017231618 5.0986234486624 4.67823326066817 4.37585382301058 4.34449385175639 4.15032216202402 4.13151746731016 4.21169115084737 4.31993387674963 4.02461124362279 4.34050455745997 4.12589062507123
-9999 -9999 -9999 -9999 -9999 -9999 -9999 -9999 6.20070235381963 6.40941139975528 6.22532377466606 6.17127204802964 6.37278099791223 6.50014554793843 6.26833577154197 6.54965186077518 6.49642776516095 6.27549758914921 5.10338490176169 4.50712798961052 4.24517937339346 3.73608011508419 3.71708669609823 4.24747601796723 5.06580381744301 4.25300136809547 4.27275635893941 3.9858612789008 3.69404277543572 3.08376022124178 3.86528685947415 3.82478167594107 3.26190728303328 3.21719520476729 3.09788124278325 3.16905471545612 3.79560574560834 4.45499901626293 4.91612890055478 5.10140717962879 5.07404991372058 5.28972818714137 5.36972128725421 5.00079692052562 4.9715481415944 4.80345161281079 4.24368168648051 4.29093870071432 4.61932385335804
-9999 -9999 -9999 -9999 -9999 -9999 -9999 -9999 6.22616499264523 6.4953363001105 6.31198632790893 6.07519751051322 6.36866741443937 6.4842348397106 6.02838436850835 6.27903509826639 6.27318633035998 5.81378123088 5.11570799633816 4.69486909698099 4.40565045218312 4.01290325052034 4.21480413268284 4.15196320574283 4.77737949031411 3.82249293222075 3.62863241266127 3.30071351036075 3.26419819593155 2.48051981963597 3.13348771143819 2.90940956249447 2.37666549160625 2.12054861112988 2.46433177169925 2.68412887478598 3.56380406516588 3.95533306794764 4.87649931459312 4.89777304428053 4.82046788137046 5.04799467785739 5.64130563393419 5.2620074984272 5.19427010351522 5.09001528637612 4.51963245218499 4.30717163499792 4.48060908365641
-9999 -9999 -9999 -9999 -9999 -9999 -9999 6.55948697120031 6.39124418126962 6.65758273269017 6.2393219921682 5.85047936249956 6.08331596853351 6.19073348951104 5.67087542505017 5.8759124170568 5.7172201454384 5.25631468072818 4.94145988878921 4.52645647484404 4.12737118190771 3.7999808647894 3.84651355233471 3.5466520781195 4.09135466968583 3.70540804517639 4.02269622571719 3.82689190186998 3.89492261758644 2.96729311031042 3.07724935300168 2.7867946559486 2.57122622998716 2.07628242537324 2.87652947502908 3.38080731344818 3.82047899183423 4.11266000225736 5.3903138834863 5.34770230321239 5.46982884210218 5.65724891404002 5.99558562527527 5.30907298213975 5.2286289786956 5.01475690355166 4.69694986899124 4.76954161559873 5.20107635593438
-9999 -9999 -9999 -9999 -9999 -9999 6.17504714625689 5.83530040962908 6.05293106224128 6.21067853031324 5.9111592082074 5.55244934121482 6.10240388680388 6.24961356087849 6.04311713409423 6.20789000198873 6.18417354572824 5.51012120032737 5.31697212996805 5.02833063841144 4.81142389416625 4.60693100378598 4.57475823421904 3.93644403132174 3.90199650943716 3.60665841236691 4.01798729391091 4.26692776917135 4.4077520352268 3.85023469793422 3.6844481699105 3.12661940921176 2.57493586867258 2.12339733148653 2.90472199777921 3.41828483380558 3.71011864223185 4.06655760442492 5.36856030180708 5.44881351897134 5.5860782623475 5.62386709413545 6.04189515712034 5.5419861177508 5.1583498004 4.89041130971226 4.56117261902862 4.55027305017712 4.71253388225928
-9999 -9999 -9999 -9999 -9999 -9999 6.08662146991175 5.89697575654602 6.27972468275767 6.43874842358483 6.21508639878214 5.69678739980461 6.1423110021763 5.96898723344925 5.88529989762463 6.0318533634775 6.24077221661822 5.5315799531043 5.46669147097332 5.25825676487887 4.85390209737819 4.55291594687792 4.42047620673779 4.09344581624499 3.53528914796063 3.58808900898167 4.2219375691027 4.49547704174471 4.39463595632758 4.35450504561115 3.85061765193193 3.3083368147743 3.13798947518347 2.97204957916175 3.34023195645426 3.95541062755803 4.01076073412401 4.24120144265178 5.132020378956 5.62496253642576 5.7561666880353 5.46177490094561 5.89224202162877 5.20463661019946 4.64939091648408 4.43134100904358 4.32054634647204 4.16491453682187 4.80239835986654
-9999 -9999 -9999 -9999 -9999 5.59532748816988 5.84884608741065 -9999 5.75164723396231 5.97965994157158 6.00802065352281 5.50616503254191 6.04011737044204 6.18950006589693 6.20077817870267 6.06042601739179 6.21616558090597 5.49981889661856 5.61626772385747 5.40920810234795 5.0496633398635 4.79925032421257 4.89428319067463 4.67733373749316 4.26038747636554 4.31187243914028 4.88073325529482 5.20454620370224 4.77381745046435 4.87992491295034 4.37463388738668 3.7587112611395 3.30913985295271 3.34152694698618 3.66845252884842 4.55220005389405 4.67906430705701 5.12567985716957 5.73649555504059 6.01221750865324 5.93551880090024 5.77823737304708 6.02027711010612 5.73469677099614 5.23322710368615 5.20984227016112 5.29848682830279 5.04216336717885 5.36686148236214
-9999 -9999 -9999 5.64534797869741 5.72558174888746 5.77158901327572 -9999 5.0445058483731 5.17812668913617 5.28289131715195 5.30163789547276 5.1437433633394 5.59282294632472 6.0544198754811 6.26480577118062 6.16536567294688 6.26091590907604 5.86838618697241 5.54734124751971 4.82734005660804 4.16730595653735 3.67024871550636 3.63080735679291 4.09567707811172 4.0123172498274 4.52394908992411 5.13666906730379 5.5881375701724 4.97651733132621 5.47814480395191 5.07000519906337 4.92057805938502 4.55303639650344 4.72198081761089 4.8065886063804 5.63031470107505 5.8483332909248 6.27251512883587 6.55650147856512 6.75615027562166 6.78003743343169 6.30483948485507 6.36611562857871 6.25779604045599 6.08008225507267 5.74033257840875 6.10221732002981 5.58590143438062 5.71855076041999
-9999 5.79839286847873 5.25959508319268 4.73355855907026 4.71677743411191 4.93044884401887 4.75595689581008 4.61933189881825 4.74324236675919 4.8343488011335 5.03084502668957 5.03107701594829 5.56806734821383 6.01897759282267 6.4394334291766 6.54445345835459 6.89600037680543 6.50174122976105 5.90480207257833 5.32270444977522 4.72039987727754 4.1854591783825 4.5414953740755 5.29567798596131 4.96721446609545 4.91015829278264 5.22955635155557 5.19215287908754 4.8003758899159 5.66907421259852 5.7088737085062 5.53712696856498 5.17840610319565 4.92721930077351 4.63787690384515 5.25786877860701 5.76101427738022 5.87850761805915 6.38897506153179 6.62345608890633 6.74345566370704 6.26086133345657 6.76846933099219 6.57087652080122 6.44481278133693 5.94485553352642 6.00710297478862 5.43846137153002 5.58787576403315
6.06488970874266 5.80738192647116 5.09424903675677 4.54045983438582 4.54373974110276 4.63949235720177 4.63809683912874 4.85658263363606 5.0275657161037 5.07998897361067 5.21849946182856 5.17030667976598 5.4131343793044 5.96979279088234 6.28572072251921 6.14180762718558 6.49576404430671 6.21644269126849 5.35760372784211 4.76665986849695 4.54043229121831 4.05968259679368 4.49720933182263 5.36119180838227 5.10573368567465 4.65826923976273 4.86635781980208 4.78527073928921 4.18391758855908 4.9977837662953 5.28353441002349 5.28234416411128 4.97663584201224 5.25993309991446 5.00850319126047 5.66456549714349 5.94858453973652 6.02159583243286 6.26222819148029 6.26091584288794 6.41664282925411 6.14298984399498 6.55488958966176 6.46449490675759 6.5676786934534 6.0840061815195 6.21187767912076 5.57097885931831 5.50117503659009
5.92683058961842 5.65082373842998 5.06760483102952 4.50215351210768 4.53727012089002 4.6135124468567 4.58146361926208 4.93327937735271 5.10630757291914 5.08348304013799 5.15665779764068 5.34061067587861 5.24254704699363 5.8909154381251 6.15516305644509 5.96962786721831 6.09869903235221 5.81803470811542 4.91325930302866 4.33286937791444 3.94984006606557 3.55638715372438 4.42862410566731 5.22653266437627 5.38318927083712 5.2122626522176 5.48816549746806 5.3098274218461 4.96542324973849 5.42535918187584 5.85761850388639 5.8605734107116 5.57104363754667 5.61263700840982 5.3246486053919 5.67554739153109 5.57295599468583 5.50295516859866 5.78227407582878 5.87084463688765 6.1618097817397 6.54371023127147 6.91346536657153 7.07500173361378 7.08885032592574 6.90325032418869 6.85260619862429 6.32321786246501 5.82265188067993
6.14628519056887 6.04838665928123 5.28763808313296 4.52925684131909 4.51142484851477 4.57739303298317 4.45546258099254 5.0179012148441 5.48784972869996 5.38494849781648 5.49270744136772 5.59581617006102 5.39860177687215 5.75336405554923 6.05865510455977 5.79034883102059 6.01674083924741 6.00298979018713 5.17071904082827 4.5328532938919 4.18454517167786 3.67865988783864 4.3964587061883 5.06262433815232 5.06120371910433 5.11463027713611 5.41576839611429 5.09355364918498 4.90001860369915 5.43749733845758 5.64794059931154 5.72265193571027 5.81640757851904 5.83331477789006 5.61862445846896 5.83158424422538 5.619260850972 5.08398360831596 5.43640248506986 5.45967811726234 5.7825059044442 6.11219010876173 6.78731260940492 6.81437821799031 6.85766121856232 6.69414722726457 6.70981472315976 6.26798580048048 5.76582297473015
5.81652863713529 5.70293894184939 4.6758798841214 4.26631473831216 4.13157952683438 4.11110705753201 4.24121277971014 5.44620693670509 6.09646472667318 6.02424492990326 5.938725506995 5.9739947251771 5.69299677138677 5.61599223223268 6.05482339842603 6.08533924400378 6.21330622005421 6.19936304457888 5.46605107847963 4.96906377804688 4.75520558192936 4.20782090658105 4.58467217376617 5.03835683509063 4.82868640620742 4.66818783455926 5.19539894592105 5.04341506642071 5.08924157941102 5.56235641942621 5.789484770591 5.43035194348677 5.63764439278271 5.48370300641853 5.30864556548474 5.41900298476845 5.401709920969 4.9467265396969 5.22518350162909 5.26106605201344 5.55772572659412 5.94686692630904 6.5645588600645 6.68091095113605 6.6542284602913 6.62402173534635 6.55967037607549 6.37939778623735 5.92618062690715
