output/BIMAC_interpolation_sd.asc
NCOLS 360 
NROWS 172 
XLLCORNER -180 
YLLCORNER -82 
CELLSIZE 1 
NODATA_value -9999 
[rows 0 to 21 of 172, columns 98 to 146 of 360]
4.9028122800088 5.32443121069907 5.14722571700453 4.79364682355469 4.75961654432572 4.68637895301706 4.84807382415506 5.68459652114788 5.55075858578592 5.53193493098969 4.80609966680503 5.27768822935534 5.70538249565333 6.00914985035835 5.78078581708593 5.29159093497416 4.51615312504851 4.95745678099105 5.47598278808758 5.52452897644186 5.42460239302499 5.14894490177999 5.79551983561116 5.87458244546657 6.08495926821135 5.18076704895349 5.731610761355 5.91958721780267 6.25133856001065 5.5983488612862 5.35814397746214 6.02405994847209 6.57518272970845 6.6684983248726 5.74415648533574 4.8492590701377 5.10371211678467 5.18075403467495 5.20395757060589 4.73766165250728 4.69402037660284 4.93307979697483 4.71394260098177 4.77148159808487 4.79745586889318 4.91954608334798 5.41092171751981 4.78347376949347 4.98492214352897
5.08900351417075 5.51187127740514 5.33329241527132 4.94227304034493 4.76150524632388 4.76403426787178 5.00581413578609 5.63733536591737 5.36064984255346 5.41104548474034 4.95709024877998 5.10291980631584 5.10618862284129 5.39694429159015 5.54748807437383 5.4114970683856 4.73907290616417 4.88997313179185 5.0617612216458 5.10051144471241 5.26519031457179 5.17516279342262 5.67281634779073 5.63176926011405 5.94800678099568 5.41693780562449 5.71027232957864 5.51160544272323 5.65296339762072 5.30768584151227 5.13331906290262 5.60270493715713 5.73160339644336 6.07629653809936 5.42603362027292 5.39618525626012 5.6521206188072 5.77266390531695 5.39471292373732 4.96023312711018 4.76126612980579 4.74922562808325 5.06195873329986 5.42114475003392 5.77020032770519 5.26373046430032 5.40073795778835 5.13101149345002 5.37456372029675
5.30064714508206 5.45955015535448 5.38715869085952 5.15731413349365 4.86251705329813 4.75752228396336 4.9129016176318 5.34992186435226 5.063839538172 5.12008438125614 4.81137825531271 5.02479296661667 4.80370940115141 4.87325312362355 5.08151855984763 5.05320026379737 4.99910773472019 4.95519907011025 5.01902639744727 4.90891669460621 5.26586465257455 5.77601063407704 6.20413902906403 6.03688166072604 5.99294943488376 5.59649980894632 5.42807639903219 4.94716566902919 4.73045602320419 5.1183101786114 4.97351642184863 5.11169397409427 5.25584652400736 5.83792857648515 5.88354430911906 5.38538084846678 5.48802879177279 5.52469109807569 5.75088053768969 5.43213534286846 5.4045914639396 4.86071270124598 5.10117570719495 5.53585311612673 5.89164942478129 5.6979961336036 5.75038782215564 5.48080908453676 5.49794981687451
5.46776089063316 5.46331086162396 5.44634911461825 5.4412709090963 5.39596680693821 5.48085483007911 5.57936461585937 5.27684807400686 4.55270890792686 4.50036793377572 4.57188893897505 4.67938274637944 4.24700756512569 4.42525212316118 4.87962522430556 5.195196559898 5.196998904411 5.13113284717434 5.03127217877478 4.95567091366899 5.46827871108328 5.65134672137766 5.81930041401807 5.37662357034115 5.46681754303519 5.2604401012128 4.7389812045494 4.35880709205928 4.26126193252087 4.8741477496163 4.99831128066912 5.13981958298544 4.8926282516544 5.10197659763587 5.14869562558851 5.43413973470818 5.315834622667 5.29899101073878 5.49600494747819 5.42808196451341 5.4539314061912 5.10270325993774 5.66411013933038 5.99247628474589 5.92094615268249 5.68615879095556 5.57975825420816 5.54450396387046 5.25368481366085
5.25992648824753 4.95704824620778 4.96935783079326 5.2072277160525 5.47417014383955 5.77643929164849 6.05924263051734 5.46235198840683 4.54775649818692 4.35177112026538 4.42557672516308 4.91012140019065 4.65592614856858 4.81621124054129 4.7959696635945 5.00066886879259 4.94836020797485 5.2793693955096 5.23523826005363 5.46260388691609 5.7392709516599 5.76129847381749 5.73142918770767 5.33731516109643 5.41274054841487 4.99046588330432 4.76427395773957 4.64449843379931 4.65248490274662 4.99562413434095 5.11620553863837 5.44780132283233 5.69148705098417 5.56325803892434 5.41410931567005 4.66343437370247 4.38151227991949 4.25376324298217 4.73418232793048 5.05791175250383 5.31466063311412 5.36933529463752 5.4252125141859 5.40494745236982 5.08070442628552 5.57758558483087 5.84032232591809 5.53674107680674 4.86629751029598
5.13576074895541 4.99833038565007 4.87173371016894 5.32990559956825 5.94885907501763 6.65838402221866 6.37393927874311 5.66674133879716 4.62120566451018 4.50436449945401 4.5161373297146 4.69188277888808 4.93878860487865 5.0846750898532 5.45154886442025 5.64786588921476 5.74857730423848 6.00004403275191 5.50941381382662 5.37641436230769 5.47557768318956 5.46506723006477 5.51638784729957 5.14385318872198 5.12683501412009 4.93858275457516 4.81478271822928 4.8720731221764 4.65961624183086 4.75561062484502 5.01794218126325 5.74036616429183 6.06596390294248 5.79956277153399 5.21685093495585 4.48172069308898 4.46619384201476 4.4327909736994 4.69991288045827 5.06452933128821 5.24117361420753 5.50350509881367 5.33155612795513 5.28426966776793 4.99448872905025 5.26029090162024 5.59454850129559 5.47546346514184 4.7184731222695
4.75345178542781 4.75850977590323 4.5422234183273 5.29314790594781 5.90461310704962 6.83090715778738 6.36837083001561 5.68354769743724 4.93358891194402 4.81708927878856 4.92701853203317 4.84464581771808 5.27141527253034 5.27006351747234 5.38927722952014 5.67299666219404 5.84162118237174 6.25471775508397 5.45062567480923 5.17059772444265 5.30998906499358 5.52867835867893 5.44407785888307 5.05473900287236 4.89620710308517 5.08188407286387 5.25752690541168 5.31401199734685 5.00408107556863 5.00892815227237 5.04391953873126 5.43827393431308 5.92013390806406 5.7968919027912 5.48105143204916 4.27339584692953 4.23944705195588 4.28692256833081 4.56727090246868 5.07523878972451 5.44309712576713 5.62588542116148 5.20033608033916 4.90175612340228 -9999 -9999 -9999 -9999 -9999
-9999 -9999 -9999 -9999 -9999 -9999 -9999 -9999 -9999 -9999 -9999 -9999 -9999 -9999 -9999 -9999 -9999 -9999 -9999 -9999 5.03607510841092 5.65910398386086 5.58421894171527 5.06799967347112 4.58837524327607 5.08314777667528 5.01455349531931 5.19466003712806 4.69118062159389 4.96799775033938 5.04720330425122 5.31544083443567 5.60760157616102 -9999 5.4023182857921 -9999 -9999 -9999 -9999 -9999 -9999 -9999 -9999 -9999 -9999 -9999 -9999 -9999 -9999
-9999 -9999 -9999 -9999 -9999 -9999 -9999 -9999 -9999 -9999 -9999 -9999 -9999 -9999 -9999 5.13370312590077 5.19503086667306 5.07553041649345 4.64172061309405 4.4561151108753 4.61085438466703 -9999 -9999 -9999 -9999 -9999 -9999 -9999 -9999 -9999 -9999 -9999 -9999 -9999 -9999 -9999 -9999 -9999 -9999 -9999 -9999 -9999 -9999 -9999 -9999 -9999 -9999 -9999 -9999
4.22602138048611 4.02929971789948 -9999 -9999 -9999 -9999 -9999 -9999 -9999 -9999 -9999 -9999 -9999 5.49067208819453 5.51020437857804 -9999 -9999 -9999 -9999 -9999 -9999 -9999 -9999 -9999 -9999 -9999 -9999 -9999 -9999 -9999 -9999 -9999 -9999 -9999 -9999 -9999 -9999 -9999 -9999 -9999 -9999 -9999 -9999 -9999 -9999 -9999 -9999 -9999 -9999
-9999 -9999 -9999 -9999 -9999 -9999 -9999 -9999 -9999 7.00019185409086 6.30772591222686 5.43919862702593 4.82056684626893 5.49067208819453 5.54652733077915 5.42641212795871 4.89074431519846 -9999 -9999 -9999 -9999 -9999 -9999 -9999 -9999 -9999 -9999 -9999 -9999 -9999 -9999 -9999 -9999 -9999 -9999 -9999 -9999 -9999 -9999 -9999 -9999 -9999 -9999 -9999 -9999 -9999 -9999 -9999 -9999
-9999 -9999 -9999 -9999 -9999 -9999 -9999 5.12688375143018 5.57972620874424 -9999 -9999 -9999 -9999 -9999 -9999 -9999 -9999 -9999 -9999 -9999 -9999 -9999 -9999 -9999 -9999 -9999 -9999 -9999 -9999 -9999 -9999 -9999 -9999 -9999 -9999 -9999 -9999 -9999 -9999 -9999 -9999 -9999 -9999 -9999 -9999 -9999 -9999 -9999 -9999
-9999 -9999 -9999 -9999 6.0991870486887 5.34836836130692 5.2189689608054 4.67765494457197 4.97718644670226 4.67478860058788 4.52104426547814 4.04768013042261 -9999 3.7409100400607 -9999 5.81375137103833 -9999 -9999 -9999 -9999 -9999 -9999 -9999 -9999 -9999 -9999 -9999 -9999 -9999 -9999 -9999 -9999 -9999 -9999 -9999 -9999 -9999 -9999 -9999 -9999 -9999 -9999 -9999 -9999 -9999 -9999 -9999 -9999 -9999
-9999 -9999 -9999 -9999 5.68986967567318 5.22755009634442 4.98804325588688 4.33632994489707 4.43176566468563 4.35940035533669 4.26644205037419 4.02554203501756 3.94019897979879 -9999 -9999 -9999 -9999 -9999 -9999 -9999 -9999 -9999 -9999 -9999 -9999 -9999 -9999 -9999 -9999 -9999 -9999 -9999 -9999 -9999 -9999 -9999 -9999 -9999 -9999 -9999 -9999 -9999 -9999 -9999 -9999 -9999 -9999 -9999 -9999
-9999 -9999 6.14674184599727 5.52113200716839 5.07110610838089 4.67890055403238 4.29997962563339 3.96442564180459 4.09159961681394 4.3381024888761 4.41880568667087 4.38809287022556 4.27303997566395 4.39208119476863 4.24656529646866 4.28643183023303 4.2421480238747 4.24914579703989 4.48840768766558 4.45908866248495 4.39893096882266 4.71425124586101 5.10679929661832 5.30120975026904 -9999 -9999 -9999 -9999 -9999 -9999 -9999 -9999 -9999 -9999 -9999 -9999 -9999 -9999 -9999 -9999 -9999 -9999 -9999 -9999 -9999 -9999 -9999 -9999 -9999
5.58460044357949 6.42064684461441 6.14674184599727 5.63787990938461 5.43651809197696 5.16468363729089 4.67350072871465 4.04064053826223 3.68624998055463 3.90030380283989 3.90401262040223 4.18055306378714 4.16307725028327 4.43409816188323 4.21628794909145 4.26789272996324 4.12172260175369 4.38441210617102 4.73902341410619 4.85627471941131 4.78215795256551 4.82298750064195 5.08982882166698 5.3881332858443 5.04864786792179 4.82110217439341 -9999 -9999 -9999 -9999 -9999 -9999 -9999 -9999 -9999 -9999 -9999 -9999 -9999 -9999 -9999 -9999 -9999 -9999 -9999 -9999 -9999 -9999 -9999
-9999 -9999 -9999 -9999 -9999 5.27194567981376 4.5639578126988 4.03776415877793 4.05713392712407 4.30264354151449 4.31953574988811 4.36434310351526 4.46894228072023 4.60241628078385 4.37729790367246 4.20198950375576 4.1608523015353 4.28412054231391 4.62328690823141 4.54690201406209 4.57472903860229 4.66005190119726 5.09746453255528 5.23996412835946 5.08147391204905 4.89573228375884 -9999 -9999 -9999 -9999 -9999 -9999 -9999 -9999 -9999 -9999 -9999 -9999 -9999 -9999 -9999 -9999 -9999 -9999 -9999 -9999 -9999 -9999 -9999
-9999 5.5512383818748 -9999 -9999 -9999 -9999 -9999 4.6397846660325 4.47237302715166 4.65339848347562 4.42676449822529 4.10818498312264 4.37920933579395 4.28738044964849 4.50309080090759 4.22143459962491 4.16151405997427 4.21910870013704 4.47173027694245 4.95417607229584 5.11929501952277 5.50424148586905 5.34683724167392 5.42921791370642 5.1452182479628 5.20175206210688 -9999 -9999 -9999 -9999 -9999 -9999 -9999 -9999 -9999 -9999 -9999 -9999 -9999 -9999 -9999 -9999 -9999 -9999 -9999 -9999 -9999 -9999 -9999
-9999 -9999 -9999 -9999 -9999 -9999 -9999 -9999 5.30755742074191 -9999 4.88722620098049 4.41067127366013 4.70627590015847 4.39906136233087 4.56750444684775 4.16093466426613 4.2141271926812 4.11703700882061 4.20321010505324 4.5445182179804 4.73252036660176 5.63724996628737 5.44121782813138 5.3338678281173 5.09687750740992 5.6773159591145 -9999 -9999 5.22819634783885 -9999 -9999 -9999 -9999 -9999 -9999 -9999 -9999 -9999 -9999 -9999 -9999 -9999 -9999 -9999 -9999 -9999 -9999 -9999 -9999
-9999 -9999 5.50884774587152 -9999 -9999 -9999 -9999 -9999 -9999 -9999 -9999 -9999 -9999 -9999 4.3881426943517 4.22722568099717 4.09511935316753 3.97612748276142 3.92466404833309 4.56130688684557 5.01190930250743 5.92366499560765 5.51284466153081 5.25723865699232 4.94119187975744 5.48482143524017 5.89294585506519 5.7697981227634 -9999 -9999 -9999 -9999 -9999 -9999 -9999 -9999 -9999 -9999 -9999 -9999 -9999 -9999 -9999 -9999 -9999 -9999 -9999 -9999 -9999
5.88079905836598 5.73974745348709 4.69396926744764 -9999 4.33943239613343 -9999 -9999 -9999 -9999 -9999 -9999 -9999 -9999 -9999 4.23663733586796 4.20050942323142 4.16485640509261 4.09422872404344 4.03044634304025 4.07740002794382 4.36959674512351 4.92202089469485 5.08681261017118 5.14861372802585 5.05776128735695 5.62730534642065 5.87241788033264 -9999 -9999 -9999 6.6489747507745 -9999 -9999 -9999 -9999 -9999 -9999 -9999 -9999 -9999 -9999 -9999 -9999 -9999 -9999 -9999 -9999 -9999 -9999
5.50239826637904 5.48729750350963 4.42715146119296 4.85505301079606 4.08996137777985 5.21605816922757 5.11774010533877 5.90299756131722 -9999 -9999 -9999 -9999 -9999 -9999 -9999 4.29122624316187 4.22792902982269 4.33974539423012 4.26535290466663 4.47358996776572 4.36832368793538 4.74298743073139 4.69529355003644 4.88846879725991 4.90146394885275 5.10164979608927 5.3348775878241 5.40284255034427 6.12825715607384 6.34062743144602 -9999 -9999 -9999 -9999 -9999 -9999 -9999 -9999 -9999 -9999 -9999 -9999 -9999 -9999 -9999 -9999 -9999 -9999 -9999
