output/BIMAC_IDW_prior_no_advection.asc
NCOLS 360 
NROWS 155 
XLLCORNER -179.5 
YLLCORNER -70.5 
CELLSIZE 0.997222222222222 
NODATA_value -9999 
[rows 44 to 65 of 155, columns 294 to 342 of 360]
-9999 -9999 -9999 -9999 -9999 10.3019220321004 10.3034401408664 -9999 -9999 10.3091829571294 10.3107464800554 -9999 -9999 -9999 10.3643451953689 10.5532147871416 11.0802052237531 11.9223877961346 12.9133679232598 14.1157894839216 15.3281738375985 15.8902316174419 15.9208307019173 15.402146602473 15.2297484829073 14.9507847351401 -9999 -9999 13.8339261909535 13.3779030790216 12.7350491496604 12.31867712468 12.777504053819 12.3636587635647 11.8459773353906 11.4736834370412 11.3418189148424 11.4303113590498 11.9889449947005 12.6014970413981 13.1702957436331 13.2000706491109 13.0319321982044 12.9133440146418 12.2538760873398 11.5716959847186 11.1177654632357 10.8634326454729 10.3422022609656
-9999 -9999 -9999 -9999 10.3006368539749 10.3066652572378 10.3067073717696 10.3073821150799 10.309385280531 10.309385280531 10.3074398708076 -9999 -9999 -9999 10.3 10.4863729716502 11.0388561585388 11.8839609178546 12.9604388290738 14.1058091224845 15.3850154610814 15.9192218687161 15.6993877985871 15.1248639745466 14.9903771787615 -9999 -9999 13.8443689162449 14.0293792098208 13.91686434862 13.419894432043 13.0105961253044 13.6030482326491 13.5648475943319 13.5305451041424 13.7247902311118 13.9981374052479 14.3121631633862 14.8124778356669 14.9676265199931 15.0572902812397 14.8780333975706 14.5065579637505 13.9571121456182 13.1375278867545 12.3217057458116 11.6501265942382 11.3681359776255 10.9636414035987
-9999 -9999 -9999 -9999 -9999 10.3060593247616 -9999 10.3062165179621 10.3075976080489 10.3075976080489 10.3056893129705 10.3058596199901 -9999 -9999 -9999 10.4863729716502 11.0673454563592 11.82399035571 12.790956236588 13.9161874606591 15.3296428078185 15.9527004371254 15.6079568669947 15.0740829522937 15.1417740827291 -9999 -9999 14.1455235100376 14.6235184235571 14.6185157123971 14.5043260716232 14.5610694389031 15.1305767548861 15.2846546547249 15.3685283215056 15.7097744333989 15.93620306184 16.4778657441798 16.851926651642 17.1877165531299 17.0614928373076 16.5996880440949 16.0252177598548 15.5098395328606 14.4412751128569 13.7844734263606 13.2495704489688 12.9703842519844 12.3757485243135
-9999 -9999 -9999 -9999 -9999 -9999 -9999 10.305905692064 10.3069369464795 10.3066479070428 10.305090437921 10.3054410757051 -9999 -9999 -9999 10.5119794749251 11.0639960819981 11.6914551005993 12.8205562320538 13.9896207014471 15.4045613382781 15.8181616633248 15.2720868807881 -9999 -9999 -9999 -9999 15.2814989732034 15.7833453964874 15.8982264261795 15.9668817925384 16.2506725230161 16.5857990938703 16.9511179693277 17.2809431589724 17.6486205746822 17.9218018453591 18.4420495709784 18.7180635592039 18.845587861788 18.6306965451726 17.9340856180362 17.1998802347613 16.6166872634745 15.5930905671661 15.083809439438 14.7354994962905 14.5475630294188 14.1907885954381
-9999 -9999 -9999 -9999 -9999 -9999 10.3165733252124 10.3313331217786 10.3547458895617 10.3902142903991 10.482983418888 10.6312869130415 -9999 -9999 -9999 10.8440199972018 11.2245528344945 11.6575304586868 13.1620057923339 -9999 -9999 -9999 -9999 -9999 -9999 -9999 16.0191383591115 16.6988944080592 16.8571180579551 16.4721016876566 16.4007624745533 16.5734599713789 17.1044588485501 17.9559292157783 18.7158862715433 19.3365043391218 19.7093891710338 19.9062065057218 19.7193229139772 19.7898607109449 19.3835643438518 18.7208209350731 18.1124842243662 17.681621706842 16.7339424858064 16.3977866022481 16.1615832836247 15.9804991952472 15.7622434656764
-9999 -9999 -9999 -9999 -9999 -9999 10.3890690458749 10.4521118284179 10.5355450255264 10.6684346164259 10.9508012910768 11.3335517961753 -9999 -9999 11.9463738200886 11.6606250785248 12.2161315772621 -9999 -9999 -9999 17.8452885808188 -9999 -9999 17.40897020083 17.5108067900912 17.3218369495127 17.3238462279283 17.7990542658848 17.5587422803772 17.23728252762 17.0326384685881 17.1788411269389 17.5300459105344 18.3863264862093 19.1244813349863 19.5802492588729 19.8294213626764 19.6529089349958 19.2973203895483 19.0473299391751 18.70437182257 18.2490604272877 17.6980560966692 17.2248146987462 16.6556455426527 16.5954786179911 16.5673631330648 16.7842998149318 17.0682016378134
-9999 -9999 -9999 -9999 -9999 -9999 -9999 10.7958835814407 10.9982580712771 11.3143551315722 11.8783345431718 12.5469421070621 13.1435494393319 13.519730231609 13.4998472888807 13.5489629200804 -9999 -9999 -9999 -9999 19.4961365057344 -9999 18.9145616150769 18.6367565097171 18.4666007116065 18.3330976247157 18.3486750143194 18.5696958994524 18.3701316837224 17.9712025804767 17.7618746590843 17.9177084688438 18.1294298637091 18.9445767165372 19.4962998437279 19.6601996491426 19.7439752501142 19.3348158479693 18.8277859247302 18.6539291230518 18.3613619394344 17.9491976880177 17.7535108079535 17.8389936764695 17.6156681141993 17.8259621554823 17.9133822795532 18.175225979374 18.212958412886
-9999 -9999 -9999 -9999 -9999 -9999 -9999 11.6162458756822 11.9813063690278 12.5624674939617 13.4895695861918 14.4535255829409 15.2000407651391 15.6519724394669 15.9004155868007 16.2683024675503 -9999 -9999 19.4343669279353 20.136727292845 20.1123590634491 19.6665222475613 19.2330764456595 19.0288205091099 18.9863908910598 18.8411273166374 18.8326868598047 18.9680550137422 18.7850106091778 18.2591083805558 18.2297581445351 18.414483922718 18.7394837093688 19.4132886901765 19.8877022645562 19.7559507357758 19.5844176751255 18.9091134617685 18.2991976761287 17.8936728565285 17.6562761109003 17.4710900323113 17.5914576878726 17.8099509956528 17.9052465970091 18.2442615051935 18.4124206950834 18.9383346017119 19.0737295207692
-9999 -9999 -9999 -9999 -9999 -9999 -9999 12.9185132767648 13.5717757100855 14.2768578443218 15.4005012746151 16.3620586211465 17.1899506060878 17.6754456313395 18.1398721687947 18.6254848905334 -9999 19.8474744514992 20.4982658930981 20.5618071901257 20.4354360751878 20.1746316850481 19.9757255257765 19.8799808514194 19.7827043726624 19.651726314131 19.6011131242178 19.440727735213 19.2083938718568 18.7566944299728 18.8618951687418 19.0045137933916 19.3802873672666 20.0288082905501 20.2822117768787 20.0346337733253 19.7608632950502 19.0535675294591 18.2667223227346 18.0322833961027 17.9054789919545 17.8942119809435 18.1283707564364 18.4997934853013 18.5585151200069 18.7566379752269 18.8854114738257 19.4375288304641 19.4337517073788
-9999 -9999 -9999 -9999 -9999 -9999 -9999 14.7510573415972 15.5637223331547 16.3395312952899 17.552241704908 18.5167946370171 19.3248506164307 19.7632269712302 20.1590008632449 20.3844306626433 20.5726394196079 20.6740748734113 20.8049973757988 20.6907213472949 20.5974882100207 20.5249423360625 20.4708109151105 20.3969054443967 20.3116020409584 20.3141139032056 20.2728174829895 20.0955227673716 19.9098577875679 20.098717344125 20.1902606162691 20.3688721983221 20.6015968493994 21.1147680211996 20.7901217443886 20.4261583163538 19.9841360865169 19.4412801002573 18.7653797297453 18.432990566253 18.315602720574 18.2704097457087 18.4508410919924 18.8334181848038 19.0755511372967 19.2892126478071 19.4443781094916 19.9490789249904 19.8964161837048
-9999 -9999 -9999 -9999 -9999 -9999 -9999 -9999 18.2335740936138 18.8142025901151 19.6332518579626 20.4094013205534 21.0798117889697 21.4164106353453 21.6082377192851 21.5799030247119 21.4396161597256 21.2867614491103 21.0856140616192 20.9101198864959 20.7881128723639 20.6897559324684 20.5699337941478 20.5038920362225 20.4455113820119 20.6606899544716 20.7287012122352 20.711802383616 20.595861924601 21.0067266980907 21.0614410173813 21.2440993561052 21.37326478973 21.8059456329319 21.2801015228014 20.9282004906704 20.4610410161258 20.0615251557237 19.4755081436349 19.1892399694673 18.9698630149108 18.92018655208 18.9897392219466 19.3325280109464 19.5139164813498 19.6922350440008 19.8475078411381 20.3091929108078 20.2073492832731
-9999 -9999 -9999 -9999 -9999 -9999 -9999 -9999 20.8573095909976 21.0109816476536 21.3339808423959 21.810682850265 22.2728528601446 22.457975899008 22.4286547976808 22.2798406015171 22.0123698511002 21.6860057278131 21.3424580905844 21.1356429014008 20.9548881687721 20.8089029659738 20.7181366575107 20.6796100359982 20.6695178225037 20.949732455394 21.1021701871949 21.193223799111 21.1648953093918 21.6687919008096 21.7781560947943 21.977573399499 22.153704561671 22.4769181285645 21.9459944960318 21.6426146870325 21.2033253609928 20.7264573859398 20.2317998944371 19.9209943794459 19.611225906672 19.5224628821208 19.574844277056 19.6465783184802 19.7500225189106 19.8930489223443 20.0680729996427 20.4619068447011 20.5238452761172
-9999 -9999 -9999 -9999 -9999 -9999 -9999 22.8954481626212 22.8544233499769 22.6723192413338 22.4436159476386 22.5285882287242 22.6327471697631 22.6670257733699 22.6489888998531 22.6237583292126 22.3453667753354 22.0666977856716 21.6805801367078 21.4460335243515 21.1002036475952 20.9638410292981 20.9041862150503 20.8587661107113 20.8463827306865 21.310345345287 21.6128603075781 21.7378208148026 21.8340908238741 22.3806283494809 22.3719201556285 22.4200749444498 22.6586054658918 22.8759462563129 22.3675331238512 22.1200250078492 21.7550952059678 21.2392926709934 20.7954073954257 20.4408491727388 20.1153352092084 20.2143404978284 20.2219752601303 20.2458530101969 20.414722961676 20.5371539335151 20.4781525955603 20.5837960204947 20.7234592270114
-9999 -9999 -9999 -9999 -9999 -9999 24.0352100301028 23.850825118219 23.7095277299076 23.4601072497846 23.2181551935358 23.0259771202695 22.9474846827835 22.8452412836247 22.8101723820146 22.7950803118034 22.5436007811124 22.2754261856968 21.9830771860167 21.6754932935939 21.3812682828656 21.3096421049593 21.2469363483648 21.151622051992 21.1919548517753 21.6513220085642 21.9424515628324 22.1675920298024 22.2958812187592 22.8436954796876 22.7659611687446 22.7905650866566 22.911766084671 23.0265628103979 22.5396223114606 22.2968915884121 21.9250950358151 21.4624314824137 21.1276698076264 20.7698087474743 20.4697581656043 20.6319429130426 20.6069318199687 20.6398414350579 20.8153524379999 20.9463797031966 20.7931698740597 20.9073026108742 21.0676500328356
-9999 -9999 -9999 -9999 -9999 -9999 24.4858612183429 24.3655106232029 24.2405139406461 24.056869518453 23.8162674330946 23.5058114415436 23.3344665668144 23.1798727186839 23.0344720054708 22.9691874161773 22.7202875209321 22.5081343558643 22.2691446026346 22.1298505923747 21.9045258727668 21.8058975992107 21.7115245019391 21.607597321359 21.5468836623146 21.8464365160084 22.0920462768482 22.3103150456347 22.4709380344164 22.8167667029963 22.742803664023 22.8210730470698 22.7609648811802 22.7725040599175 22.5046908724361 22.3699642610606 22.0178020061206 21.7472767553902 21.3973945998485 20.9801762536137 20.5718245336358 20.2842148151563 20.1668804610443 20.3258316370843 20.54971609385 20.8800746987428 21.2168629511698 21.4500691863002 21.5863435378583
-9999 -9999 -9999 -9999 -9999 24.7144425167452 24.7314742134446 -9999 24.584094689427 24.4651298653117 24.2330220312416 23.9106582849873 23.6941823802019 23.4870395966226 23.2895232330551 23.1814148536301 23.0176725908906 22.7702808428378 22.6548245218877 22.6075484634144 22.4385489478067 22.3568872848596 22.3656485490384 22.2451467929603 22.1575805147851 22.2791249461701 22.4700123907551 22.614564918668 22.8416589579773 22.9798580057123 22.9191023715989 22.9677677685191 23.0742497162519 23.0416878355505 23.0222504002629 23.0506336969492 22.755864768024 22.3878649532406 21.8344621222735 21.1951276556807 20.5694885397546 20.0622924879251 19.8022655571972 20.0372359474892 20.3794722694259 20.9514797444228 21.5287001787547 21.9234056676867 22.1617023757887
-9999 -9999 -9999 24.8144375054305 24.7926900600393 24.8235359971363 -9999 24.8957570968263 24.9037494586367 24.8207982243165 24.6316037441843 24.3319947911138 24.1077787589813 23.9114023413532 23.6838534577578 23.5988636478091 23.4921870413363 23.3448463758019 23.3419683298552 23.4047638965466 23.2998804512723 23.2515815086183 23.2219848764676 23.0082785342672 22.8380786219419 22.8639493117132 22.945523881958 23.0205050344014 23.1816994929343 23.2643571104747 23.147229928186 23.1683353501683 23.2503005672569 23.3134422500349 23.3952462321754 23.5040632632619 23.3606653061515 23.1612564146577 22.6502348371236 21.787242178628 20.9721783835317 20.1405266864243 19.5701469720513 19.5619598150872 20.1176949338751 20.8768498534451 21.6941149581261 22.3191060023984 22.7641797581815
-9999 24.8695731174111 24.9083634458254 24.8610630537645 24.8647926493316 24.9297141534068 25.0120141863268 25.0396055440802 25.1027255156595 25.0483635192056 24.8888279815262 24.6362347535067 24.4517417997188 24.2919893761606 24.1255162506029 24.0323395394445 24.0293048889723 23.9746213079857 24.0835658599682 24.1765489125601 24.2296211184321 24.1865453506296 24.1109428026054 23.8130811905341 23.588398329422 23.4705229106478 23.435905799619 23.4694534043402 23.5850375530802 23.6426812972394 23.5487445486885 23.5650336198092 23.6567763270216 23.7662993874615 23.9271303848991 24.1088061034693 24.1166094196243 24.0173087700376 23.5708742552889 22.7734757500116 21.6796897944887 20.0080349981238 19.0687457057909 18.9649305964629 19.3925732975354 20.3906889148897 21.9553461863646 22.8917675131421 23.3612740090504
24.8863065707103 24.9009795594359 24.9606109671301 24.9492838162218 24.9792538588012 25.0372997298501 25.1296511238174 25.1739749864082 25.2310353230639 25.1963097437868 25.0939903099814 24.911631213628 24.7580420873476 24.6725241420736 24.5756028683807 24.5256644895783 24.5749767060639 24.6112478458493 24.7728312933685 24.8974067716225 24.997275055715 24.9667144711638 24.888450408779 24.5830390382609 24.3157864388444 24.1357590656088 24.0085659148075 23.9875344949271 24.0804999625174 24.1447244236429 24.0747559606251 24.1098593247716 24.2302016941152 24.2917362334084 24.4713649583133 24.7133971372306 24.8224635642622 24.796200372399 24.5167543529102 23.8404749948819 22.795004931834 20.9085187958603 19.8008954337458 19.5144054687825 19.7826138422415 20.6719061182432 22.4157671810188 23.4267715827268 23.9508728374916
24.9484105428868 24.9770358078356 25.041090644898 25.0577835290808 25.0871198547222 25.1435274950574 25.2234638579573 25.2655934361829 25.3153073942831 25.3316007861136 25.2636903091395 25.1312811567886 25.0718370962475 25.03916343655 25.0021099368006 25.0324504958183 25.15100603055 25.2105168247397 25.4201916836902 25.5459451922074 25.6568776049587 25.6230856854876 25.54344250323 25.2478511918254 24.9651998052125 24.707894579254 24.5170318564718 24.4515660213287 24.5575040654209 24.6769909101716 24.7547044315845 24.8590519502691 25.005180817083 25.0343419947 25.1681618983267 25.3306180521792 25.463916550456 25.4946096006315 25.3710624778683 24.8933607831117 24.0449687891634 22.5768650165511 21.475264425712 20.9706821437959 21.0665296768868 21.7024314181219 22.9662657635939 23.8947424856577 24.4459442028467
25.1340944427008 25.1816060868325 25.2545260295044 25.2777482357061 25.2488308613492 25.2552855551868 25.3351511781355 25.4217978029638 25.498424000826 25.5529079778791 25.5289311635174 25.3635812105169 25.3161200329466 25.321568129793 25.3167692207889 25.3984377680167 25.608978325857 25.7465242558574 25.9500166487573 26.0808084733047 26.1777667387486 26.1755980190778 26.0654797021233 25.7931299242133 25.4699726758698 25.1660326741234 24.9201760705586 24.8292258940113 24.9321219274276 25.1435741944202 25.3419309139297 25.5197878280098 25.6182455139558 25.6392201728493 25.6873595780172 25.7691685291469 25.8794418160742 25.9607245048969 26.0368495769947 25.826125659803 25.2293710269005 24.0226726742543 23.1066433364481 22.5621781769796 22.5345908319217 22.9548236277562 23.9504102536216 24.6790149222969 25.0606719426818
25.4330949107688 25.5302621088 25.5840857554285 25.6023859435269 25.5227915639148 25.4482697650208 25.4696006180677 25.6268792804045 25.6926029824575 25.7778120227346 25.8214262687882 25.6980076411365 25.6414596509949 25.6631472680533 25.6804349184254 25.7342155434948 25.9407709053153 26.074861466681 26.2296564115727 26.3491986092556 26.4475538287462 26.4747193194793 26.4263249964465 26.252932779186 25.9434233412547 25.6499699758483 25.4000522499148 25.2791113876876 25.3939144527692 25.6498409605586 25.901687844196 26.1243034676066 26.2404150372125 26.2255722033152 26.2011118552196 26.1820310208807 26.1949636092733 26.1938270239454 26.2349049965191 26.2908795987958 26.00692399735 25.1565656097973 24.5672407960796 24.2583605144448 24.0270885305932 24.2303494718114 24.9429681008667 25.4096715467933 25.583017791532
