output/BIMAC_interpolation_sd.asc
NCOLS 360 
NROWS 172 
XLLCORNER -180 
YLLCORNER -82 
CELLSIZE 1 
NODATA_value -9999 
[rows 132 to 153 of 172, columns 294 to 342 of 360]
4.95194248331045 5.24695719035105 5.88419293354106 6.21588492530989 6.13172643328789 6.56505582885865 6.21556946798274 5.74564009558472 5.56757798476647 5.56539097556647 6.44881168434121 6.17117415506638 6.30835597650326 5.81897773666931 6.29419526440953 6.23075211022412 6.18895438776704 5.9487104552338 5.46004017918774 4.62438640835511 3.18118043167886 3.8615826029049 4.55196349774969 5.71267211039811 5.42949398405423 4.08854926083696 4.19931432281138 3.59132955602766 4.72152585891959 4.97964145810831 5.68017828771822 -9999 -9999 -9999 4.09855744315223 3.0979407440963 3.43013404875441 3.29333617184476 3.97822606086672 3.76391793951812 3.76805348056754 3.60127323233759 3.76354276594115 3.99611911206709 3.9889212513575 3.40156046869986 3.65434682381014 4.41511213376135 4.96266509821842
4.55723744095253 5.03546167468624 4.94158748437727 5.22986362146861 5.40955554201759 5.60396644184591 5.43291363467864 4.59838053793798 4.99017250009134 5.1415259520223 6.47431034278459 6.48078049731124 6.63719535741374 5.64004539555798 5.78288683984473 5.68682551153948 6.13730260056638 5.64037725567103 4.85210355563494 4.11397992183797 3.42754994449658 4.48745398461967 4.64822305509338 5.04609578455231 4.73739898590676 4.53153865389573 4.81367376010959 4.66661781178477 4.9351908574708 5.47033239803983 5.01484231480216 5.13395496119178 -9999 4.13839646843801 3.96114952402756 3.13645136833247 2.74865546837315 2.86762973603728 3.44166450886065 3.88138420978382 3.7774507620727 4.09973046108627 4.57188993838508 4.78923790590207 4.84606197093095 4.05437247157413 4.43322629244929 4.78917901820109 5.42952242436388
3.68985323298735 3.83085582866236 3.89042725720553 4.22874630321057 5.04695433484866 5.13498533144246 5.27656093530446 4.47791762127355 4.98551296677426 4.81297539967514 5.8679753625017 5.79809386724195 6.11479957304219 5.36451468906176 5.5734956068667 5.69595789636272 6.20974200250602 5.84253202257969 4.96147631506003 4.62568688811881 4.40513481656417 5.37954323553902 4.44086336764831 4.63176950195753 4.16925272247986 4.63739611719282 4.54895946000594 4.25857628409175 4.54780918505203 4.36139355556386 4.25589276171547 4.06673935816162 4.0118553612081 3.93194743000638 3.83658813446514 3.11009919415057 2.86492658324347 2.44720161181944 3.11288100248768 3.58816629754033 3.87835698344497 4.1062537842553 4.56382304005661 4.58356431906149 4.73138341021338 4.26178934362595 5.10754604381489 5.39364762237253 5.59164700205369
2.1020901589155 2.42167555054775 2.37693348943237 2.80348252143781 2.97826347475628 3.25406031069551 3.40958197138917 3.21225958601517 3.69325917205294 4.3259481477517 5.33227779637902 5.52369090137592 5.64156147626064 5.28897750531547 5.43142283309247 5.27735378307258 5.65941593452792 5.02913199309276 4.28843424791253 3.85499299668316 3.93475398464484 4.50079957844 3.52779419235144 3.71708360693708 3.75688640591961 5.09812293463871 5.01504411617396 4.6696756333607 4.40716050647649 3.96555715833089 3.62064378036395 3.50534137606382 3.60842920677662 4.2321924924327 4.56305304852449 4.41893897380873 4.21768527002312 3.38571615761885 3.70109061259138 4.11617210579505 4.3564858573145 5.00495127084383 4.88759530737271 4.96775470343453 4.61477971445879 4.8165944862263 5.35826273070419 5.29902532278962 5.19674944690829
2.18020159263413 2.19880728542935 2.19796207902906 2.15715836675597 2.22146426880144 2.27498965880039 2.52841872074213 2.41546655142741 2.74432872438921 3.23155476702181 3.7495633927525 3.71310296517631 3.88601137227538 4.40900141988066 4.94497138011092 4.89257503564713 4.71921602753535 3.91195981498746 3.83768888893585 3.42027158107198 3.89992439856484 3.83613236623673 3.50122562105736 3.75820141887038 3.93082200093578 4.80015662219527 4.71321961557974 4.2074961516765 4.37294086168695 3.62238687629901 4.26335930932415 4.12511504603776 4.53809206271742 4.39368872434764 4.62026015016035 4.52075409468784 4.66402670046608 3.84379726475145 4.36395632052375 4.4911089051011 4.29481124818686 4.42693752230677 4.25733145144882 4.72036592521546 4.6845313363313 4.86305434843955 5.33458836753391 4.99732135495322 4.95257638552106
2.03290473775388 2.17052357237697 2.07989154867367 2.31691629560966 2.36159265824912 2.0722978166267 1.98188947534856 2.15831780481581 2.3942143959533 2.90994055425161 2.68378781607541 2.98973653685564 2.64131936566879 3.10263639991536 3.42480949904944 3.43174295338876 3.49965083994075 2.68467964697404 2.74472090333853 2.33342418411712 2.85116693861013 2.83038626520778 2.89005893002893 2.90927942381518 3.09916631055557 3.62371981893088 3.88613168825636 3.69524577221288 3.68581683737353 3.65818360754972 4.13039065341471 4.57487637626384 4.469206509967 4.63369521903138 4.85881266929274 5.07499315965675 5.07847386046879 4.51196833423946 4.27246798113502 4.21073816006287 3.83466619723375 4.83943161987772 5.19408131331619 6.05183697495081 5.64764083937193 5.22585036219474 4.92704172436738 4.7159598835744 5.01472249787518
2.1295182075207 2.08692484283873 2.17746806483502 2.10225415510299 2.43523171862885 2.44614265672925 2.67790980209078 2.62646128445453 2.39595890886526 2.22516690159369 1.5781963299194 1.75378590684053 1.53348745023802 1.99904692169311 2.19677888321291 1.89783151950567 1.97737808481886 1.35732344907218 1.79554752677093 1.6662520258048 2.13018534071758 2.09587024839301 2.18524117634882 2.1444965005662 2.21555584394001 2.55487509487825 2.65912601796429 2.46640130731372 2.65588571741414 2.88442665471701 3.70091045051007 3.74274293232185 3.69067349931891 3.50449979571709 3.53090444041126 3.80055179122592 3.64142286803385 3.79688821161315 3.43943322188546 3.53171207206833 2.94489244913144 3.78298989964896 4.7096596064408 5.68955098929176 5.52355178529807 5.06021747130922 4.84921457815886 4.76421307417168 4.62006825093184
2.08418090663564 2.0733589242288 2.20992216130181 2.40233103782511 2.51606875622905 2.58207279956593 2.56359994565362 2.47835439211282 2.02552140228569 1.94411982751162 1.51530157422884 1.83502920219645 1.65206326973025 2.01641569280431 2.04517749553638 1.84383134107525 1.84566511965343 1.72626839102826 2.00225372110343 2.18503095023258 2.20883356927128 2.0647652710387 1.84702030505945 1.77804715736082 1.8429719105814 1.92167867037098 1.8176841233731 1.68941598094775 1.8239585470798 2.11096613146732 2.52548422376583 2.45815216285901 2.39301378491786 2.53334527495391 2.91466142689886 3.58322798678605 3.67419177146297 3.90098687229269 3.14938668268367 3.06964133562508 2.91662632304992 3.55700301812516 4.30634740814542 4.7613352333544 4.87439557969666 4.72395832305888 4.15744171084642 4.28403783948773 3.57612012004872
2.28851280467379 2.32289922974243 1.9195955478144 1.78766516159702 1.55800088059685 2.37622096350302 2.63544499372106 2.92639808889363 2.56113566018011 2.66766795681607 2.30671620489649 2.16125798378663 1.92260556203798 2.03831523134406 2.07039569002799 1.89367677117062 2.07247253015557 2.15371507090241 2.39669870655963 2.74416560625908 2.70910763311265 2.86793656721085 2.44479062337846 2.46804525033985 2.33758546732399 2.24995881409913 1.9170111504061 1.43821886421053 1.72176789086062 1.75430515645845 2.30846529984278 1.84374869756316 1.90854775715581 1.88998198944632 2.17046521400892 2.58985023196109 2.47189019479986 2.80804864737041 2.75568261804127 2.85495374775084 2.74730087429317 2.63736007201661 3.00209332006855 3.3843736803159 3.71372541418566 3.9134305408482 3.23587731053261 3.36410162876866 2.6551623580972
2.99329409003954 3.26499921103921 2.9803561009998 2.76778845487516 2.30686002419745 2.26791169258136 2.2853744071473 2.77110091522408 3.20411750842299 3.53567461908202 3.11124752079181 2.4573950594978 1.87929922471445 1.84359889650582 1.71860802507209 2.01816750967549 2.04968099491676 2.61492204362957 2.37237326203833 2.99168836032575 2.70527034419356 3.24423804628469 2.37383612662819 2.6582689056503 2.36704254723449 2.39289222796201 1.97610203310015 1.53153636608404 1.69590259668554 1.38637110979173 1.68072168184714 1.58887147554788 1.67322074690998 1.67107439978573 1.73696700476583 2.15219033893777 2.25187555715335 2.53761492789051 2.64385064416294 2.5709559664508 2.63769262178889 2.24151521163228 2.06777228266761 2.03734772493791 2.31037230222536 2.98787447667341 2.4354042589815 2.79102272657486 2.02802632732801
3.39642169469733 3.758107508139 3.34811133264328 3.21610134978144 2.59369362707067 2.78702715260634 2.73580811265228 3.20427213205846 3.57487754935393 3.82188493415036 3.44662616914067 2.71986353603028 2.13704009127987 2.04574412838475 1.78611397341395 1.94579790080905 1.92742198541658 2.38257498832135 2.20191114605312 2.48895532655433 2.37279717063423 2.90476439644212 2.44996314359204 2.81451296019053 2.49889761683124 2.47250548073142 2.18415333423286 1.90840159089654 2.16859808008506 1.72656075521991 2.06098439830264 1.93279304041604 1.99382696956729 1.86242278249179 1.7450214862379 1.9602781209092 1.97629503242038 2.01682913792045 2.22025327696847 1.95750747223205 2.2492978203791 2.10145255272192 1.98147789815857 1.91630735795067 1.56644646387765 2.11647652362148 1.77813431926483 2.34073024751631 1.84661979186518
3.87315840591501 4.19581483949318 4.0358577747591 3.66224499831552 2.96521014586331 2.64434509261725 2.71261504794488 2.7031379740964 2.99051294501049 3.09891556565888 3.00114894076805 2.47379792522581 1.91771845964287 1.95228842471036 1.85662366014042 2.23274192875901 2.37334152152431 2.71455771583525 2.46434196879115 2.39334045606631 2.27975608606435 2.56225927041338 2.2999199725423 2.53996862711423 2.35204272940705 2.41725692171743 2.45754935448624 2.21835626211718 2.25574071168779 1.75779547060702 1.75710813236425 1.72778173033337 1.49675368507503 1.60480815922876 1.43493764917194 1.62311076029711 1.76250213388127 1.95624798703942 2.2653453393815 2.13061291164709 2.33028356598911 2.63103723398536 2.42979836600979 2.57355108613829 1.73356940230015 2.3451545141044 1.96027436221816 2.61771555161074 2.01902687872893
3.69426909834572 3.67149783801483 3.51454509277588 3.12196933738374 2.72922902934154 2.89478951615005 3.24190715534263 3.1108176832712 2.96414503868092 2.86541489547171 2.95856023141573 2.96028772592184 2.53771641665512 2.63192290884494 2.51937415445152 2.92908625782784 3.15192572833957 3.21239735081983 3.25767006465968 3.01447240104826 3.02476968232455 2.96958805781704 2.81459772650363 2.94910166618809 2.69430564548193 2.71411924768957 2.92210366112509 2.90159681859198 2.97990167496294 2.64859645332162 2.67329593275255 2.62468861730863 2.12818368451487 2.1263967053684 1.94373401216911 2.19145614922378 2.19939714418863 2.19086641578711 2.27969409665117 2.00844684621831 2.07990836551679 2.2060386049607 2.24536723857491 2.54174863497791 2.04513412805873 2.82820963605845 2.39134630324499 2.82759558491517 1.92222301925165
4.0179883344864 4.00487754430363 3.90316211153271 3.25604085622298 3.11409774333318 3.13918943180241 3.87611333077366 3.49511147127469 3.43206755279085 3.16432683419665 3.37555144383528 3.41197208053787 3.05995195738167 3.12198932678478 3.01853829928845 3.26865828144748 3.58981819490275 3.31201241136947 3.55777894062943 3.08664748475304 3.54219756536301 3.56543418041331 3.56790757159702 3.56732420240026 3.11309003987048 2.75895042982401 2.89875010299508 2.52158433541362 2.71613157046338 2.57726414524504 2.66897109246378 2.88509552603094 2.15624225931519 1.97621857329384 1.54979444166276 1.69736253102165 1.87730581879455 2.13675422127427 2.42703592808955 2.53031205676354 2.4623872652897 2.49445318196364 2.52426764917061 2.74183539485984 2.61912413848803 3.24437316896137 3.04826691957124 3.17456343958972 2.38166959217022
3.49888162393336 3.75805207354049 3.18727247513154 3.0873320926904 3.00339416529003 3.47757160041126 4.12605106206649 3.89005193583406 3.69908573356127 3.60649534515417 3.80758787301814 4.05013072210626 3.84750188045261 3.96634117504649 3.80799909721919 3.66474699204762 3.47593949361151 3.07545113069911 3.3711088883582 3.11024373037879 3.63502872906383 3.63653907334909 3.67416732787513 3.79612451944629 3.13583753545651 2.87563517784088 2.78997427666168 2.75718173103472 2.94152531475441 2.48347491567222 2.8101493151236 3.04851207389009 2.9683218522129 2.72798623032609 2.24439415868446 2.29852354804257 2.35375912940682 2.63899023912346 2.68804371579176 2.5774704719064 2.31124760509202 2.17717411716301 2.20956607345239 2.27682907414012 2.52661872761473 3.16784938062646 3.31332002670188 3.20858465613161 2.26750314790647
3.66937939047593 4.08402636272959 3.35308213257374 3.31956178638188 2.96737464727948 3.38457524283674 3.58745110173827 3.50172282325534 3.31472256110879 3.46434435277544 3.48127880253286 3.6600896067941 3.72400729695619 4.06291596557163 4.10296764565018 3.92446068895402 3.62081948781409 3.21941372791692 3.28122717666349 2.92576887874755 3.36572663072122 3.24733640653902 3.60182301584594 3.43936513409272 3.16949178430992 2.74252790427361 3.00192582834892 2.73658482894482 3.02647617932109 2.96451110741284 3.23423029994828 3.36965397382012 2.78745399987024 2.57356986633335 2.20717101162096 2.26844085820584 2.42223574697513 2.82365622699642 3.04039122115162 3.05505367104908 2.40971212809408 2.51476571507184 2.54678486734885 2.89104944611227 2.94469081087064 3.04891995004803 3.22966948417978 3.00964909503268 2.534856179591
3.46076005161333 3.7856479880942 2.71452271098893 3.00006698648298 2.92504201547568 3.25761787364469 3.54593431604056 3.32174783443737 3.61329363613053 3.49995355617077 3.43557940049865 3.49419593519049 3.66739219225087 3.92827258490042 4.00678627285182 3.87812348765178 3.57452283120068 3.66414724771364 3.59228161476329 3.52857027256619 3.49159564802463 3.41738533245531 3.48644238675023 3.41007276477654 3.07820949983049 2.95408069338929 2.92061940919742 3.01111998057849 2.79762744632046 2.9188637461685 3.0488697973793 3.40760706223477 3.20916510045335 3.27321975505962 3.29679776902886 3.12935682874448 3.13472568945866 3.27378671088331 3.23416847963299 3.03684617349198 2.17499856641569 2.47138911162684 2.56205374235865 2.94428267008891 2.94880418698509 2.79345297982364 3.12194940791289 2.99265384065521 2.73790284277742
3.59082110686246 3.61695788611635 3.1579656905902 3.12050183483561 3.15343874196029 3.26764942925447 3.43631846473522 3.31811268127507 3.62636725231678 3.11253513175338 2.96892800330055 2.89508472521262 3.61574576104518 4.22497947888921 4.73959871597733 4.81404321178462 4.29042226153618 4.14028598709825 3.86453083139068 3.85845834350926 3.57321593724039 3.41428878717912 3.09526830252652 3.00196279869666 2.94177044935465 3.12145775779693 2.75809885921704 2.69224151611501 2.28115862666507 3.1850082751243 2.86460196011692 3.32683981311522 2.75182029973262 2.93985502043946 3.24820048648179 3.51574314920149 3.80363212705092 3.58686378497394 3.3528599882588 3.23118060638332 2.59232805068704 2.72571018036427 3.05139016585688 3.72324316127073 3.91185383176742 3.97908821834259 3.77922574370902 3.48184320005605 2.83408036253724
3.38192821661729 3.58333738365993 3.08309175467 3.2183212385213 3.43249981496828 3.63219399462215 3.96843116179386 3.1248519376543 3.55311959819946 2.43251049612625 3.03220377925097 2.85110602832274 3.83107180618234 3.96676640191772 4.37997363322384 4.36432256212809 4.04056239903666 3.66913343227605 3.57865934952829 3.54592463520075 3.42011342465394 3.42921863471708 2.95287543784597 3.04219868495015 2.66998199293272 3.05039146145658 2.51287663030829 2.65285698637221 2.23173572152257 2.72919850417384 2.48499818650556 3.05313507513791 3.07162965504184 3.48755925811618 3.7744558712093 4.21080841916445 4.21738311385834 4.0220825201954 3.5898966359935 3.73737459012712 3.41792309568066 3.52231838155259 3.67968504637248 4.25384119635333 4.51188923863226 4.40337992229404 3.92085994388567 3.42168102944207 2.99185336085428
3.05439780750145 3.14116923639628 2.97804139425677 3.15692627039109 3.13998460689222 3.74207838661926 3.6569717193287 3.46430104556603 3.20394828698051 2.75057800809514 3.04888189882559 3.08823030008706 3.80547710781239 3.96675888771537 4.3327280140697 4.5412853888058 4.35288912965769 4.0439005855045 3.58193497337732 3.49860374868434 3.07231672031639 3.14715447933902 2.64801804805997 2.70984727365984 2.47332236318176 2.9894200759007 2.76008978314728 2.93233945197745 2.92600571221371 3.25940236161102 2.9620136551397 3.04624645374163 2.97568614646584 3.43418820738622 3.52987730799039 4.25646755765566 4.21529622836671 4.11521815344571 3.84795893951907 4.36347449310603 4.46052849076273 4.51582850598514 4.30949183497121 4.95559181880795 5.05346278164614 5.26378938647682 4.44437698759633 3.84678396769558 3.24130081972342
3.9655464718745 4.13921429001461 3.69426480721594 3.66703587381319 3.77656148576333 4.46712501569413 4.36649788609413 3.98676897912389 3.77322650303067 3.4855798332875 3.76584924869752 3.71023920628872 3.8491957777923 3.44548962105012 3.315982057118 3.4001891962587 3.66016980966893 3.7275512048653 3.53498050193566 3.49366750560517 3.27183801926796 3.52022867057955 3.42364350314976 3.45384521239185 3.18314946532905 3.12711719776034 3.05551026190994 3.21861140766614 3.61378843013109 3.29961749263301 3.27529901896531 3.16712820232739 3.54380427741199 3.94124184190303 4.0876703118356 4.49411375700492 4.18478542423056 3.97506820451365 4.07175258972648 4.61738821269554 5.04290447645174 4.79046605705771 4.47510537408723 4.78839334190416 4.98257364316382 4.73509958707287 4.14448471522069 3.7453512306085 3.86241670493888
4.11884589657935 4.12274068664643 3.67347267324795 3.61061702675519 3.77264570169365 4.0149971042827 3.88544891198481 3.90227619074759 4.16307926777151 4.22645356279552 4.03612207161696 3.94881878338399 3.84012071594937 3.19590536280608 2.94893317173846 3.00829887072692 3.6970557911663 4.01345628073422 4.0414562018456 4.00179979708157 4.053050787933 4.10239145512728 4.1514158096431 4.26426980300352 4.14437751275245 4.11632184053022 3.74325471251892 3.92452753232306 4.14736704089755 3.77465156050513 3.55781106487923 3.29814452696773 3.76211432859269 4.17231422164107 4.3831970924509 4.57065958192131 4.24099464635584 3.88444209375048 4.01671411441054 4.46140932513016 4.97314225944096 4.75118242295022 4.45194294287566 4.46432877626581 4.58005583718066 4.81861543106025 4.82302676831782 4.71503074380469 4.65667713433511
