output/BIMAC_IDW_prior.asc
NCOLS 360 
NROWS 172 
XLLCORNER -180 
YLLCORNER -82 
CELLSIZE 1 
NODATA_value -9999 
[rows 125 to 149 of 172, columns 280 to 335 of 360]
17.843499829517 18.4012669798639 18.625126933544 18.7739508386656 19.4 19.2817937262051 19.3537553843158 19.3140431752178 19.2409830056251 19.1583592135001 19.0232058527864 19.1087412496947 18.8551130922121 18.2886175469123 18.0817196951367 17.4962880034287 16.7892096334826 17.137087792599 18.1132729859143 19.9 19.175 19.0352412935123 19.2 19.4162277660168 19.7688590098902 19.928401839265 19.9139593269011 19.863392767736 19.5010808206783 19.3439700515626 19.2232198808088 19.0874965620854 19.1851471129033 19.6 19.6 19.6 18.3 17.1947331922021 -9999 -9999 -9999 -9999 -9999 -9999 -9999 -9999 -9999 -9999 -9999 -9999 22.2977480979996 22 22 22 23.2362516323143 24.0731384187309
17.1532899854812 17.280221813565 17.9144565532476 18.408545296376 18.6764899743357 18.9 19.004763438041 18.6872684546918 18.4883258310831 18.3637031970013 18.4558576838522 18.2 18.3510398724904 18.3 17.8086424033874 16.853763559186 15.2 16.9062086359893 17.6638811283811 17.9982419031111 18.1601166270718 18.4355670505384 18.9451228224274 18.5626164607506 19.1278706239079 19.4627451791751 19.0216385587757 19.0117177784352 18.8844149181935 18.5 18.7633275706357 18.9213156247365 19.0298760040347 19.6 19.6 18.52304473783 17.8888878749401 17.3821464528608 17.4320714913182 17.483472785613 -9999 -9999 -9999 -9999 -9999 -9999 -9999 -9999 -9999 -9999 22 22 22 22 22.2781152949375 23.050609665441
16.9198193096833 16.3 17.6470078079599 18.1998447189992 18.4604436175116 18.4 18.4585532303099 18.0747670784989 18.1246232092544 17.7113968679372 17.6013844047789 17.7630248884296 18.3 17.7279288381259 17 17.0541460061997 16.58925834949 17.0026548854567 17.1908254981278 17.3561643348693 17.7 17.5646823562771 17.425221292806 18.3556526748871 18.4970562748477 18.0247827534688 17.9495941532193 17.9430132600912 17.784388397178 17.9713895500698 18.1499862483415 18.0778385957051 18.2142608242331 18.4443211560661 18.7965558146251 17.761522368915 17.3951065156942 17.1279811022986 17.3100815368763 17.5490560852857 -9999 -9999 -9999 -9999 -9999 -9999 -9999 -9999 -9999 -9999 22 22 22 22 22.225 22.5875
16.8725979549767 16.717926199942 16.9489356881874 18.1147796264365 18.3406068641564 18.250308729052 17.7577462061291 17.2041954630734 16.2727086053857 16.4407425946118 16.4231093676934 16.8873671565194 17.2726863786096 17.9 17.0632056420099 16.8018081855811 16.7405894615805 16.7585565523074 17.1 17.0924564709011 17.0124653154077 17.0373127629586 17.1325320182766 17.311042097333 17.5675444679663 16.8330729901376 16.4513167019495 16.6708086636068 16.6927285151049 16.961860693635 17.1052854980378 17.4144737967388 17.5213931841611 17.6442338960916 16.7905952708527 16.9547123752165 16.7753624051838 17 17.4 17.9 17.2769230769231 17.0312092226825 17.35 -9999 16.7357903974357 -9999 -9999 17.9058253282044 18.9247464899919 20.1223023972485 22 22 22 22 22.2781152949375 22.5936621312301
16.962741699797 16.3 14.6431457505076 15.7320949328639 16.7597979746447 17.7428571428571 17.4170607399613 16.3313708498985 15.6 14.9249181911359 15.9178099169618 15.9439079927359 16.3307566510388 16.4153774147054 16.621177711105 16.1552284749831 16.3505485863046 16.6270745955051 16.7845897235163 17.4 16.3 16.2302895595544 16.2209169132541 16.3987170512953 18 16.9176961825245 16.2292736598894 16.2 16.315463213208 16.2947389483424 16.391409184313 16.0913009287769 16.439103656156 16.0357086268802 15.8923700980459 15.8040867335952 16.3265132890454 16.7602170280994 16.975246984176 17.0348302866723 16.9260827819804 16.8604957132204 16.7044531838104 16.8 16.8 16.7437509839258 16.9362623236288 17.4797622906841 18.036469964373 18.4829087897217 19.250096497487 22 22 22 22 22.45
16.3 14.2411254969543 13.9568542494924 12.3 14.8267027304759 15.3673317871845 16.7597979746447 15.6 14.9772138163034 14.7062243502003 14.4273120265358 14.7 15.0610917385585 15.389113883986 14.8872473546714 15.5806594727162 15.9189065109503 16.3129192026616 16.4 16.6149413390495 16.1017886564249 14.8 15.6758385438722 15.9393522163291 16.2639645599449 16.6973596515711 16.0814081208683 15.3 15.6459029062228 15.6 15.8777935568443 15.7686883442811 15.1 14.9714201951856 15.1205318541781 15.4534491299983 16.6 16.4 16.5637754620677 16.5051554462994 16.2867533244419 16.1965176896695 16.3982779073126 16.3982779073126 16.8 16.8 16.7782892462153 17.023145473499 17.1249260143535 15.9502347479919 15.9502347479919 15.9502347479919 22 22 22 21.1412421361238
12.3 12.3 12.3 12.3 12.3 12.3 14.0419513485014 14.1088311754569 14.081839565607 14.0269696337224 14.1750216637944 13.3 14.0560132294775 14.0241210424833 13.4 14.1207592200561 14.8164078649987 16.1514431726638 16.4568198050596 16.0734740045616 15.6382007591239 15.2667701070844 15.0326641456012 15.2079002116969 15.6015469226365 15.9519018616126 16.0959834986448 15.194837959118 15.1851617762528 15.19017046681 15.3834310089505 15.2950649166956 14.562516739387 14.6051285210497 14.740984402216 14.7 15.2106540206002 15.5693693067041 15.6853933824893 16.1692538649087 15.5 15.8484724039079 16.8 16.475 15.8701778718653 -9999 -9999 -9999 15.9502347479919 15.9502347479919 16.0082576835514 16.0141921460999 16.0209443082745 18.605427941201 19.3808380755678 19.6560679715144
12.3 12.3 12.3 12.3 12.05 11.9125741132772 12.1455844122716 13.4911688245431 13.4014880085388 13.7097414104065 13.4104068719419 13.4579486695721 13.3873145335333 13.3078119577061 13.0777442655009 13 14.7245553203368 15.1573593128807 16.7874258867228 15.7474238686982 15.4859756707492 13.9727479039373 13.7 14.1824342416426 15.42 15.6194865971183 14.7318381309057 14.836938263749 14.7848575814075 14.5214167801555 14.5586240074287 14.5744331523586 14.1349890532701 14.2435661446562 15.3 13 14.4493054307141 14.6520179218123 14.6489257993448 15.1174816879432 15.3289391957368 15.6 15.9501552810008 15.6222912360003 15.6 -9999 -9999 -9999 15.9502347479919 16.0001564986613 15.9965147560292 16.0122695465459 16.0251173739959 16.0292904397174 17.6243932248184 18.0755635029323
12.3 12.3 11.9666666666667 11.9909830056251 11.8857864376269 11.8522407749927 11.8633663736361 12 12 12.4333333333333 12.9813708498985 13.0267213805351 13.135676226158 12.7139837921288 12.1247212298778 12.0235185001969 11.9054685045725 16.4 13.7224186072217 13.6176648562234 12.708199591666 13.1949313022093 13.2032839634646 12.731435283193 12.5962038997194 13.2 13.77695526217 13.5329808266443 13.7654211884877 13.6290939989494 13.4029437251523 13.6725159777964 13.6446686548696 13.7405770099673 13.7651340980792 13.868030876304 14.0220725300862 14.1250673865044 14.0232816808326 14.172010696356 14.5 15.2790243257493 15.419689403918 15.3810911450362 15.3281508964068 14.7708203932499 -9999 15.0620292732042 15.5591665536458 15.9965147560292 15.9502347479919 16.0251173739959 16.037965201446 16.036042601892 16.1 16.3691501261248
11.2947789590265 11.8278640450004 11.8 11.7142135623731 11.6090169943749 11.439769154637 11.2869847279382 11.5157176415965 12 12 11.8944644940345 11.9111111111111 11.9869157623025 12.2 11.8570139680452 11.6297896609103 10.9051352218621 10.42 10.9 11.0162277660168 11.8007460443624 11.8711224729359 12.0333333333333 12.168564716807 11.7931308441869 11.471307535987 11.8476630492099 12.7 12.7 12.7 12.5 12.0148800853875 12.6126035856273 12.2 13.3143797087952 13.450707459104 13.3471885928252 12.8 13.3170152568748 13.9567864010089 14.190953465574 15.3403252247502 15.2848780407187 15.2910258384217 15 14.4 14.7708203932499 15.167977696058 15.5311383862161 16.0122695465459 16.0251173739959 16.1 16.0537199919626 16.0419770644405 14.2337770368792 13.9380950794079
10.1475361175505 11.3 11.6874258867228 11.55 11.3 11.1465639262281 11.1362712429687 11.3020433463515 11.5298330250653 11.3333333333333 11.3134446499565 11.2793038849014 11.0449581404554 11.2068008804319 11.07 10.6383784072874 10.7001388875493 10.42 10.6033436854001 10.6155546532862 10.6078756936032 11.1963104841334 11.2 11.5252414482442 10.8695048315003 11.3081644543257 11.6 11.9666666666667 12.7 12.7 12.0203597012583 11.8873242624601 11.7029437251523 12.4515818046088 12.8010956016351 13.2104269718028 12.9596490469532 13.3 13.3343145750508 13.5245004392273 13.6843955029805 14.9697560814373 14.9431403433618 15.2291796067501 15.6 15 14.8970562748477 14.9124611797498 15.5010832951736 16.0251173739959 16.037965201446 16.0537199919626 15.3266045517121 13.9644073052046 13.5748976286442 13.6399631850935
7.85 11.3 11.3 10.9600813061876 10.9600813061876 10.75 10.8265835984509 10.9839491826491 10.8622819802196 10.791036900029 10.6666666666667 10.5746485249202 10.6479128197698 10.7393518160188 10.5239016903319 9.94 10.18 10.42 10.333040707771 10.9 10.5067016360609 10.54163384197 10.6689162492716 10.928801879294 10.6698713264752 10.5937781386855 11.018976081122 11.6 11.8476630492099 11.5870057685089 11.4124039317013 11.2162652123903 11.3708203932499 11.4970562748477 12.0440465874384 12.420729713472 13.1062870566386 13.1333333333333 13.1062870566386 13.4814660485563 12.9283383964009 12.8979810261677 12.7556566282387 14.1664918196953 15.2291796067501 14.3134937644063 13.9954609967582 13.7906416649545 14.0733924716799 16.0292904397174 16.036042601892 15.0923493173853 13.9166286522539 13.5520061945027 12.5119988084933 13.0509437643003
7.85 7.85 11.3 10.8302439185627 10.75 10.5399186938124 10.2 10.6324555320337 10.6571428571429 10.6081644543257 10 10 10.4145456987934 10.5517177869046 10.4815288161075 9.94 10.2366563145999 10.0752108850479 10.1461565214464 10.1544155877284 10.0779653889467 10.1890390417811 10.4063061759585 10.37607873592 10.5877651886867 10.5 10.438196601125 11.0342797698413 11.2534537935445 11.3270514588939 10.8 10.87639320225 11 11.3 11.4649110640673 12.1838528392513 13.0928932188135 13.1 13.0928932188135 12.1 10.8116963119776 10.8055728090001 12.1006000709465 12.5125741132772 13.2156488281931 13.707922176508 13.4376525344704 11.3 11.3 13.4566553704753 14.5 14.2665631459995 13.4902677426845 12.6888684361631 12.5289659800481 12.2666053084892
7.85 7.85 9.59874071146843 10.75 10.6697560814373 10.5399186938124 10.2 10.2 10.1171572875254 10.0828427124746 10 10 10 9.97350889359327 9.96485281374239 9.94 8.24586652989404 8.99084635286741 8.92369124959834 9.7 9.1 9.87882925349535 10.138479843591 10.2831913935831 10.4 10.4 10.4 10.4522407749927 10.4828427124746 10.72360679775 10.72360679775 10.8 10.87639320225 10.87639320225 11 11 13.3 13.3 12.1 10.8171572875254 10.8225148226554 10.8171572875254 10.7828427124746 11.7234609853803 11.9726178405091 12.1734515167492 11.3 11.3 11.3 11.3 12.9 12.9 12.7478249787197 12.9 12.2880356901302 12.0464798905464
7.85 7.85 9.01385429651442 9.84157406204488 10.2 10.2 10.2 10.2 10.2 10 10 10 10 10 9.94 7.83480082063575 7.54413347010596 7.10913413184908 8.36962327175081 8.70613265598854 9.53245553203368 9.1 9.61246117974981 10.0360509362313 10.361803398875 10.3 10.361803398875 10.4438306408499 9.40441509561799 9.5925 10.6 10.72360679775 10.0155761972807 9.84338565480254 9.36405379301407 9.24726151411675 6.68 6.68 8.84556482226832 10.82 10.8333333333333 10.9 10.7 10.3379090213566 10.238 10.4100218462318 11.3 11.3 11.3 11.3 12.9 12.9 12.9 12.330306960382 12.0808765784593 11.7254736084577
7.85 7.74704105610076 8.50812710810715 9.23166647925587 9.70884164235342 10.2 10.2 10.2 7.94172295098319 7.72705234923226 10 10 10 8.26536273402484 5.85 5.85 5.85 5.85 6.93333333333333 7.475 7.84086586815092 9.1 9.6665631459995 10.3 10.361803398875 10.35 10.361803398875 9.20430477422041 9.03296464556282 8.93071934363643 9.35466151266896 9.22349187538198 9.5921717690815 9.35844685384715 7.53501032983732 7.10750516491866 6.68 6.68 8.42798123321446 9.50765607128499 10.8225148226554 10.8171572875254 10.183565645486 10.0503786434326 9.89713424155868 9.95148027461418 10.2525724613954 11.3 11.3 11.3 11.4888296493468 12.9 12.9 10.546803746335 10.7746968294389 10.4763265494002
5.54018041629612 7.1866361692452 8.02990328768606 8.68123769957423 8.9967981338501 8.75576089376789 8.01178200732019 6.84429547158564 3.62 3.62 3.62 6.53217288521761 7.14072548652274 7.01653468076457 5.85 5.85 5.85 5.85 5.85 7.10913413184908 7.475 7.37 5.64 8.09984644970196 10.3 10.3 8.75498341234836 8.21686378161871 7.91333333333333 7.81533848733104 8.09308175840107 8.23500344327911 8.10039724903533 7.53501032983732 7.27079760755146 7.10750516491866 6.94421272228586 6.68 6.68 8.54320781727371 9.64198885173344 9.92565723118096 9.67050512868624 9.14779881677377 8.3614976315382 8.17281735803779 8.51651676930647 9.63900361488389 11.3 9.96514022310046 9.95090646229019 9.80726507773766 9.66419340414742 9.73732381997794 9.59391247616263 9.17587202228625
5.54018041629612 6.7360171611392 7.57159710080224 8.10235201137126 8.11484701588873 7.44870647540877 6.25542214136161 3.62 3.62 3.62 3.62 3.62 5.49743607805084 5.88623180812787 5.85 5.85 5.85 5.85 5.85 5.85 5.73914855054991 5.64 5.64 5.64 7.84015355029804 10.3 8.38588701728417 6.57 6.57 6.57 7.56900206596747 7.90480170174745 7.29375774737799 7.53501032983732 7.32125774737799 7.10750516491866 6.89375258245933 6.68 6.68 6.68 8.73443517773168 9.61137851185231 9.27184237729974 7.63089485164553 7.29 7.59176465308065 7.83092440780583 8.04660003606966 7.93615829546521 7.97168601463854 8.15778108898507 6.77 6.77 6.77 8.07858983475029 8.4219754305992
5.54018041629612 6.41784832406851 7.14709443293884 7.5205153880535 7.26866963251989 6.24609224184776 3.62 3.62 3.62 3.62 3.62 3.62 3.62 4.90219192148222 5.10750953698253 5.85 5.85 5.85 5.85 5.75085144945009 5.64 5.64 5.64 5.64 5.64 5.64 6.57 6.57 6.57 6.57 6.86820459166711 6.72534596242981 6.88378253114385 7.11816876579636 7.27079760755146 7.10750516491866 6.94421272228586 6.68 6.68 5.99240548646066 5.82814274763853 5.66 6.07853758877146 6.28866976012284 6.69353247018274 6.44646752981726 6.40789327688082 5.79142135623731 5.00840608802843 4.21 6.58640234386943 6.77 6.77 6.77 6.77 8.0036644504078
5.49659311864 6.09736544324523 6.7021315663308 6.94027588167684 6.58784867384859 5.54280783185384 3.62 3.62 3.62 3.62 3.62 3.62 3.62 4.29240963221397 3.95 3.95 4.53333333333333 4.825 4.825 5.64 5.64 5.64 5.64 5.64 5.64 5.64 6.4287488958559 6.57 6.57 6.57 6.23003080111357 6.56725224077517 6.61916075901188 6.71584957082544 6.7689712754289 7.10750516491866 6.68 6.68 5.69877306979152 5.55219744736222 4.92773291414646 4.845 5.60699644003703 5.5112843823178 5.65313276882473 5.85 5.80857864376269 5.07569703380069 4.866 4.21 4.21 6.77 6.77 7.02648410533121 7.02648410533121 7.614
5.25300861352246 5.825607261375 6.31191655724062 6.46168670961937 6.11452735723849 5.22060856968069 3.62 3.62 3.62 3.62 3.62 3.62 3.62 3.95 3.95 3.88786796564404 3.875 3.86213203435596 3.8 4.66873015719923 5.64 5.64 5.64 5.64 5.64 5.64 5.87765464094743 6.16869342154552 6.57 6.19513860501104 6.11894444302728 5.8 6.21684156404096 6.35585782260935 6.51866480947604 5.8 6.68 5.58923811647381 5.47206833556572 4.96375515328318 4.94917960675006 4.89 4.74985332214509 5.12244198257898 5.2725794780528 5.25720978810634 4.84776241969416 4.84537845422538 4.60401504029735 4.21 4.21 4.21 6.77 7.12445231599362 6.57595845905257 6.83926710626726
5.11622199217764 5.61578719849311 5.99001632858108 6.08895176019367 5.83128691960807 5.21551893757186 4.41658825688316 3.62 3.62 3.62 3.62 3.62 3.95 3.95 3.90364745084376 3.90364745084376 3.68768740242765 3.65982698725879 3.61114561800017 3.5556122997398 4.25246101991352 4.63345934497331 5.64 5.64 5.64 4.80741585986402 5.09358907016929 5.49529564827572 5.82067024094177 5.8 5.8 5.8 5.8 5.8 5.8 5.8 5.07 5.04864745084376 5.04928932188135 4.99142857142857 5.02 4.74466527777147 4.67 4.50229393602709 4.33933870675486 4.51812344818438 4.55637210623641 4.45119329051548 4.21 4.21 4.21 4.21 5.39701205415523 6.27602460983201 6.30011558299755 6.45943041928399
5.00011937718134 5.31332027756256 5.49064868478527 5.45667312901641 5.23609916527118 4.82809462947129 4.33991287194984 3.91942102031716 3.62 3.62 3.62 3.7565640261021 3.95 3.95 3.9125 3.95 3.68768740242765 3.8 3.52660569862146 3.33893850121093 3.4459975397328 4.21653655458135 4.38923162882414 4.34 3.04 3.04 4.23011629989625 4.76106775877324 5.29740475050878 5.8 5.8 5.8 5.8 5.8 5.8 5.8 4.15475399665034 4.51111012861283 4.72019030779903 5.07 4.7960713333781 4.46477327336036 4.34674179741182 4.14913356025234 3.65 4.12017412181813 4.21291516073517 4.03058874503046 4.21 4.21 4.21 4.21 4.65 4.65 5.63333333333333 5.5616001334061
4.67340857273138 4.72158433245374 4.64668582880296 4.43442195145803 4.17351700628176 3.91042138859247 3.6810900069409 3.51239585185052 3.40104366299713 3.37562118281863 3.45259602272759 3.58691215723523 3.95 3.95 3.65491502812526 3.65491502812526 3.53333333333333 3.41298486221087 3.39214147172682 3.27422356896486 3.25455146514645 3.06166900936198 3.01592024673174 2.81345815142035 2.696 2.68377633635914 3.04 3.94150674631365 4.53476760971904 5.1431401813755 5.8 5.8 5.8 5.8 5.8 3.19 3.96872149726142 4.07761559539921 4.50069556106264 4.47701706663242 4.5124066078712 4.29212894598483 4.184078778213 3.82967604313821 3.82090909473057 3.6523664431087 3.76756699974576 3.81723445013534 4.21 4.21 4.21 4.52632046458023 4.65 4.65 4.65 4.65
4.03578311653634 3.78344157481697 3.43336951193983 2.97505091266721 2.71325552694516 2.55966448546218 2.50765758555948 2.62488287036915 2.70745025010043 2.77291940297297 2.86999424610019 2.99246500321823 3.23311608294727 3.95 3.48024391856267 3.5044815499855 3.33393935387457 2.85 3.16062378924434 3.22542572237185 3.20999589955466 3.05778323092223 2.83227852963675 2.79885963572161 2.74888265003729 2.7068137374184 2.66029414150346 3.04 3.79617116528709 4.36791601290291 4.98076118540869 5.8 5.8 5.8 3.19 3.19 3.19 3.68106328493183 3.80689200377744 4.1326866945033 4.0427862098521 4.09763724107907 3.76670718925782 3.86 3.65145198261018 3.61148342422561 3.60890998028077 3.77651803615609 3.8497435944262 4.21 4.23278362468565 4.46727722498661 4.65 4.65 4.65 4.65
