output/BIMAC_interpolation_sd.asc
NCOLS 360 
NROWS 172 
XLLCORNER -180 
YLLCORNER -82 
CELLSIZE 1 
NODATA_value -9999 
[rows 22 to 43 of 172, columns 147 to 195 of 360]
6.23740924738956 5.98722924447682 5.22858219151479 5.15780401138986 5.16051460573964 4.97249117995587 5.04144564817768 4.60569283797513 4.91167262742778 4.95357705321664 5.02111885037208 4.6393049552773 4.48999712839712 4.43625364765069 4.38218458363629 4.09144484096576 4.04432449601817 3.69198577091955 3.5516566318602 3.65217651049599 4.58054952279118 5.15886272833785 5.73926267799116 4.88446462837349 5.00918942788239 4.61167376335952 4.97218000093931 3.66098949340189 3.17068137785193 2.34794900687475 3.00605117129711 3.19020601171113 3.63703582995905 3.54914128095809 3.67156969158982 3.688366722255 4.20441625374554 3.41004841304822 3.67398959515275 3.04044090960791 3.86820822895475 3.70679755533454 3.59032520528216 3.4540390440219 3.34142494157496 4.07339351372501 4.56518435080822 5.15796177478138 -9999
4.34695734710437 4.45054732243031 4.30599864111099 4.48504701483873 4.59413501935118 5.03104808305787 4.81135052912965 4.64926070374191 4.58794744228298 4.84368101623495 -9999 4.67149191787871 4.71206965432857 4.70851757544808 4.56704963585934 4.25736591490524 -9999 3.57748451355185 3.5025140878176 3.58983956887534 4.37551188379969 5.32607052012033 5.86245417064863 5.61303730649359 5.37279226161219 5.15107188791169 4.92921932955517 4.15410490545706 4.10552363122391 2.95846332083054 3.32392591598787 2.51373130249381 3.70678880615612 3.47194750937084 3.84993922533684 3.47598430557961 3.9537814058177 3.4631424618868 3.67511383087027 3.34442646064516 4.12193300952855 3.92784829881797 4.09859512859725 3.83295362327547 4.12863651295462 4.33984210331819 -9999 -9999 -9999
3.84075084309541 4.02721000431847 4.0287258515368 3.96513253951756 4.28817580584687 4.48377548553753 4.84501962571988 4.7913591907222 -9999 -9999 -9999 -9999 5.44686244403374 -9999 -9999 -9999 -9999 -9999 -9999 3.95729353435954 3.7970579990634 3.92363263383144 4.4297989622576 4.8793268300907 4.98402069507292 4.6665255843763 4.29950375509764 3.66142651736653 3.95785552019278 3.4968604648853 3.93194824801113 3.07255793774178 3.76914064522819 3.57903938529042 3.84117864830155 3.57935519492338 3.8730373228894 3.82906132976411 4.45116667565953 4.51126170881892 5.14378028563181 4.61826515524879 4.25808521634854 3.84775366965586 3.93026452247731 -9999 -9999 -9999 -9999
2.9913856605622 3.37351864459363 3.68944661959676 3.74138647360022 3.86903350681375 4.55676696318059 4.87075401315225 5.28291118903071 5.1017150803136 5.83189873702105 5.80177520253646 -9999 -9999 -9999 -9999 -9999 -9999 -9999 5.00378722604147 4.71343604462369 4.2528917380752 4.5223728677096 4.50360522808968 4.29683402491586 4.17646617859832 4.34681671711414 4.38063241453775 4.60957401557945 4.34357782601337 3.96222008902693 3.73998433837672 3.49101219977945 4.19732460304782 4.09848171653687 3.96674690229584 3.64782197172406 3.4703019748572 3.39374055042782 3.94498718458514 4.76626584822171 5.59343977899966 5.1532082305899 4.8129408526959 4.4233331857597 -9999 -9999 -9999 -9999 -9999
3.313322599048 3.76470802796068 4.06040347495233 3.82762567504831 4.11674286491797 4.6746966483698 5.48495367646383 5.42286884254697 5.26022181680427 4.9120907460515 4.552088800186 4.9772752580155 5.02990931169393 -9999 -9999 4.93497356214698 4.92467216059017 5.0696589210453 4.83990532698433 4.85639814111375 4.58500192548169 4.59539518372427 4.45206747773674 4.05427342397827 4.07135498342151 4.07337320679944 4.15669668343094 4.21306019998265 3.94552848201277 3.98611013349881 3.84895840730986 3.64794107012458 3.73508863420221 3.7825557094274 3.64907645008504 3.64439447724912 3.2612710888497 3.5455419862086 4.11137209434657 5.48019054919438 6.74663584511542 -9999 -9999 4.63327900478216 -9999 -9999 -9999 -9999 -9999
2.43538554057908 2.89670283773171 3.43656612746314 3.40124099005535 3.48415253746242 4.24909486210487 4.49869837837238 4.26304594076414 3.61265985725608 2.84440265028306 2.66887351304313 3.05236758987502 3.18582146475363 3.21518432434608 2.82423487697625 3.66433069713204 4.20309434361463 4.8030539109346 4.29264505342741 4.66230621028114 4.66368375794341 5.24016937904473 4.695202413445 4.22009403876551 4.16694756112561 4.69829659176831 4.82085764580247 4.8406815681366 4.01727526406294 3.98568761254643 3.64335017437276 3.71208792271882 3.61207814914304 3.61743329114096 3.32926979455495 3.16556315999567 3.09050513147473 3.46693813914847 3.77811782399063 -9999 -9999 -9999 -9999 -9999 -9999 -9999 -9999 -9999 -9999
2.0165898386314 2.49754358354277 2.60480167797421 2.46371671816885 3.11330331275732 4.10788600358044 4.6294057411031 3.63083626851569 3.45651922580338 2.15884073112309 1.95758756093408 1.51596557396876 1.69999746270785 2.46140262661663 2.63030388346136 3.59194466755352 3.9879385531696 3.80334931990302 3.49082249836364 3.66842825743378 4.34287219678611 4.82116444657644 4.34366607658496 3.94083369723473 3.79043846503489 4.14301912774379 4.30732393377443 4.00087225390799 3.50537934774915 3.57691005048634 3.72402249838336 3.76866600847658 3.53226722110568 3.43795077373784 3.39249700885574 3.17372201818681 3.36803512676049 3.697267993588 -9999 -9999 -9999 -9999 -9999 -9999 -9999 -9999 -9999 -9999 -9999
1.48027282813253 2.02392827808103 2.44817312939795 1.79388480540527 2.46306529036487 3.59058833940314 4.27750001768185 3.42611956777532 3.04162739279366 2.18046899209529 1.81802508686624 1.26670637081585 0.716506145825082 1.37449620289319 1.39258663031137 2.56772430113367 2.94215163397584 3.23343046865219 2.88385831815236 3.66635571474956 4.16783304021214 5.00611527993412 4.47588751515289 4.26005062629391 4.09308828406934 4.58091662445797 4.81116837784039 4.58292304995861 3.93087085681644 4.01835187389309 4.05372764739078 4.24776411625007 3.80616654433982 3.68338119279408 3.79998116821379 3.65188693983567 3.99320853430926 3.79404302246478 -9999 -9999 -9999 -9999 -9999 -9999 -9999 -9999 -9999 -9999 -9999
2.40359151103775 2.44802905822855 2.78535196126952 1.95699589059201 2.92563779361276 3.51663826608504 4.42954466886153 3.78050943012202 3.89280409139618 2.8602837748733 2.38515375689474 2.00338418790855 1.45550632395928 2.25747097580613 2.22240922277617 3.44965394180103 3.62624442736316 3.58717746423248 3.89158801534319 4.26221689702324 4.32555675096418 4.38666945680788 3.90128936551764 3.96105102368306 3.59135541724422 4.10356146739702 4.51612077214672 4.5663365599096 3.99049502404695 4.0762104815155 4.26929179658872 4.28058468434123 4.07109381873825 4.18254389284716 4.56686855629118 4.39236916347514 4.5935667789321 4.27985305948147 -9999 -9999 -9999 -9999 -9999 -9999 -9999 -9999 -9999 -9999 -9999
3.73953196068233 3.95188492348381 4.22015975338691 3.29280578945852 3.80959720787315 3.58404161260047 3.91352187327511 3.44464626663295 3.42276648713377 2.78657135217166 2.14566194940409 2.65182974793315 2.3194864562872 3.10962545137151 2.60127218782421 3.50742422655178 3.32080552101019 4.01810279199916 4.2224454985708 4.90135778803603 4.1787398155507 4.63087262867745 4.27529006993435 4.63252334061451 4.1113736742454 4.53952432866989 5.24542916821981 5.69031771346794 -9999 -9999 4.59252260956375 4.5516565057816 4.31159978280256 4.46536041202301 4.7047518990097 4.506578327498 4.65461956323102 4.28276148641444 4.9221198834366 -9999 -9999 -9999 5.206606659848 5.71636155553654 -9999 -9999 -9999 -9999 -9999
4.42258140157111 4.39940512760847 4.35354840717051 4.39046748616185 4.21752487285678 3.2480863854069 2.32137366801181 2.41136281310825 2.92078890907318 2.94764667574538 2.49424372929309 3.092672658446 3.052646226272 3.85989609099308 3.19399380479314 3.38005274840144 3.63111145663471 4.48745945529112 5.33117293403722 5.20338022820395 4.57801359742133 4.60207711597718 4.29041944548025 4.44120153592188 3.94560368724747 4.70295891631842 -9999 -9999 -9999 -9999 -9999 4.52555138084811 4.69718559670688 4.7824007508247 4.85928888574412 4.62351927018074 4.86396962072259 4.68570460455922 5.12989036200134 4.96149648557811 5.48021916686364 5.30123549613661 5.206606659848 -9999 5.96546363121031 -9999 -9999 -9999 -9999
4.24014642668303 5.08944142614247 4.94226204692126 4.3959319473912 3.27626610124407 2.33842995955168 1.51633696179604 1.98870350648093 2.5408003945215 3.09155635609957 2.44259270664117 2.61605655614996 2.76067034723035 4.02239402149602 3.41614610518886 2.61630471328957 2.88433830349009 4.22368928941469 5.18616850835466 4.45339359376599 3.67569755906708 3.62125978662327 3.86289944687274 4.23013481532046 4.35624478832292 4.89972173517487 5.94663380003232 7.22683712755808 -9999 -9999 5.19347945451674 5.00571620975002 5.11346895941969 4.95194299852417 5.41966812140755 5.35813681304861 5.33300494282387 4.79948931208317 4.97450805028638 4.98857597859051 5.1192294710725 -9999 -9999 -9999 5.68387214691803 5.78985751182135 -9999 -9999 -9999
2.87699809648858 4.01226359933811 4.39491076368373 3.6724797630181 2.08360517334332 1.07062465593993 0.852231872908882 2.03063028513628 2.30478267992829 2.52065222728906 1.61478568452023 1.85951629663192 2.40698072217007 3.59440127326627 3.4219379886367 2.75471355481961 3.47154942224272 4.39398453914459 5.33015281274317 4.32843531355493 4.24710256485675 3.87818372369997 3.62742104959066 3.83053177964897 4.1499045529095 5.4316108427137 6.28203963487564 -9999 -9999 -9999 -9999 5.08677460642492 5.39577940579472 5.21226312649062 5.8339731733965 6.07437909736887 5.8653215483552 5.2433132696503 4.92713840292924 5.0296532968289 5.0547950551214 -9999 -9999 6.44057037815606 -9999 6.66263910453754 -9999 6.5983335473145 7.13705494392554
2.71765601111556 3.66610062209992 4.07057233297837 3.2718506335419 1.99691863921037 0.970605132114495 1.18218184660495 1.57945570147551 1.61015631688697 1.34683389474252 0.612936920997871 1.13845928854033 2.03500653014433 3.49619204161847 3.54089594662889 3.40504206508303 3.77342554930722 4.25957898042532 4.16519183962432 2.85600653339853 2.74424401294758 3.00109363353571 3.246525223917 3.77624749724635 4.03960945469406 -9999 -9999 -9999 6.60776841249076 -9999 -9999 -9999 5.29903489640898 4.99192844090942 5.74890433559339 6.28814154476089 6.30840608082514 5.73456462398201 5.05931397901214 5.06048210865037 5.03218250996611 5.36948252239641 -9999 6.84497015762574 6.34285057149212 7.0835114907548 -9999 6.5983335473145 7.13705494392554
1.82453057827291 2.04847833279599 2.49271364939494 2.67026722625956 1.93345125624386 1.05857602518335 0.892351969058789 1.35098672477352 1.34290679995404 1.18670145299803 0.789978134294158 1.87618783056205 2.5821661401971 3.35762903622542 3.53216884177949 3.82039558274151 3.9969430706328 3.43800880602852 3.21908690955375 2.85485111152304 3.85873348651164 4.39917994978056 4.36152948363189 -9999 -9999 -9999 -9999 6.10002250590854 6.33639897193953 6.46374274913256 -9999 -9999 -9999 4.73642257879257 5.54126779042049 6.15152488869285 6.09651477148875 5.79279104185217 5.07119283420571 5.33584947010379 -9999 5.66518507833266 -9999 -9999 -9999 -9999 -9999 -9999 -9999
1.64088044512584 1.41191801413279 1.39806298839829 1.75186110061611 1.46812071210057 1.05349637904804 0.629806024781212 0.947642856241198 1.11565341555453 1.43510798153551 1.4314166895249 1.92561094326818 2.01802070897272 2.76380657354255 2.78750484591935 3.60936115395977 3.35002899243602 3.61432734765394 3.04337076396912 2.84412047843554 3.43693547926269 4.18202230725445 4.82084654009176 -9999 -9999 -9999 -9999 6.6078344546037 6.5400114928051 -9999 -9999 -9999 -9999 -9999 -9999 5.98140909346233 5.82683165947278 6.01415589266316 -9999 -9999 -9999 -9999 -9999 -9999 -9999 -9999 -9999 -9999 -9999
0.86914120281324 0.712564564995886 0.583371430579468 0.623650175961731 0.469045454035299 0.407101978141706 0.295575388768565 0.945013109982875 1.11273819367746 1.66389364237881 1.88776476633745 2.41400339759996 1.96072190581617 2.4023007207971 2.53703623723859 3.51332915600966 3.25312820545657 3.34036176504249 3.25958960348375 3.89357899097323 4.99071922067272 5.54299805971141 5.81555572937206 -9999 6.4652312175195 7.11277326773738 7.05332068555519 6.86009403855752 6.27076522335514 -9999 -9999 -9999 -9999 -9999 6.16006052210566 6.0532737187337 -9999 -9999 -9999 -9999 -9999 -9999 -9999 -9999 -9999 -9999 -9999 -9999 -9999
0.679923591066278 0.551124527787424 0.479527596078728 0.219438561733413 0.219357087974202 0.0935602974467947 0.0931898497933322 0.377445530612812 0.54963222351149 0.996263211987636 1.18752517289599 1.41079564536084 0.96360738232311 1.82878809715548 2.47464085186108 4.17260606943493 3.54608605823512 3.93155017779881 3.50407766901465 4.43304376529829 5.09258802223331 5.78924283695479 6.21858606326465 6.13210056210235 6.46829820311657 6.81043351972528 7.26973301160132 6.84395586054478 -9999 -9999 7.25901976321224 7.22191255125136 7.12387468114263 6.68330670425852 5.80952605902501 -9999 -9999 -9999 -9999 -9999 -9999 -9999 -9999 -9999 -9999 -9999 -9999 -9999 -9999
0.42112017336808 0.290062764155272 0.220346301214199 0.221964241113119 0.571840055635354 0.730554654274867 0.889913293283781 0.543641558858135 0.599651095797145 0.670464516538815 0.896042990284956 1.35942094244931 1.41257216358748 2.20547513117941 2.93015739877624 4.03551666156709 3.74743520478735 3.25282833386358 3.21556767937755 3.65677527375127 4.70034054647062 5.3873412666268 6.33409437632541 6.28648531931818 6.44985695078291 6.48488443668395 6.85916193481607 6.54341989346161 6.6048126528805 6.30858983480628 7.25901976321224 -9999 7.12387468114263 -9999 -9999 -9999 -9999 -9999 -9999 -9999 -9999 -9999 -9999 -9999 -9999 -9999 -9999 -9999 -9999
0.405406339568909 0.560320320710275 0.561545635641054 0.563217735740322 0.75999838975714 0.940257476217018 1.26883472438317 1.16365380472479 1.01689827286447 0.693454084988131 0.44660818646585 0.514189939067152 1.57539867069738 2.48563710322167 3.63228962156649 4.42359230235734 4.38017194846173 4.22181449128595 4.21751097270477 4.41501399089066 4.83747734592331 4.66211972386872 5.65893420372955 5.9576256649131 5.8591190998279 5.74720079975649 5.75252307020297 5.82184695473283 -9999 -9999 -9999 -9999 -9999 -9999 -9999 -9999 -9999 -9999 -9999 -9999 -9999 -9999 -9999 -9999 -9999 -9999 -9999 -9999 -9999
0.776097823857133 1.17345358461854 1.05467206760371 1.25990900250156 1.60896098326355 2.08988329509845 2.37435123914429 2.06061959820172 1.71138689097714 1.04631436705429 0.763689068182258 0.868293502351446 2.66827423692295 3.70936218457196 4.4494125467759 4.2603401990481 4.39116529940234 4.45387525897896 4.81620195512678 5.11163319942373 5.63274688331099 5.38027715887506 5.12610451419994 5.72885087766167 5.59680770016394 5.57208112183086 4.86120501386753 4.99458682222585 5.77655916232186 5.98134815659408 -9999 -9999 -9999 -9999 -9999 -9999 -9999 -9999 -9999 -9999 -9999 -9999 -9999 -9999 -9999 -9999 -9999 -9999 -9999
0.982190363102454 1.1709409284379 1.63161771559226 2.2778784327275 2.58353348897145 2.56006965105818 2.66622889409868 3.01531109675544 2.73303965567123 2.68798880569968 2.43229300840057 2.5580314036054 3.86792596002284 4.5313349443786 5.1809888544217 4.66177820339286 4.61814549103316 4.99257789604621 4.78525385313814 5.44889866563721 5.58573425288154 5.54249895205272 4.59954187081366 4.73028498740156 4.20291383744293 4.09137894113954 3.16390918083537 3.9748308288957 5.03554558698282 5.94171456586702 6.50339081530156 -9999 -9999 -9999 -9999 -9999 -9999 -9999 -9999 -9999 -9999 -9999 -9999 -9999 -9999 -9999 -9999 -9999 -9999
