output/BIMAC_interpolation_sd_no_advection.asc
NCOLS 360 
NROWS 155 
XLLCORNER -179.5 
YLLCORNER -70.5 
CELLSIZE 0.997222222222222 
NODATA_value -9999 
[rows 132 to 153 of 155, columns 147 to 195 of 360]
6.71489831505836 5.92817563372623 5.74003975706503 5.9298088532283 6.1103707164393 6.28161543245361 6.84723955318958 6.97134036605754 6.75268951611172 6.69117404952803 6.82069387906717 6.842202094503 6.82302853195106 6.90207674177035 6.63287140246365 6.54977419167672 6.36046089796206 6.38572570107382 6.43439541366164 6.691425534922 6.73790836853968 7.16054759269639 7.13996666003144 7.03548893906408 6.53804181195521 6.5949024592911 6.30172486671407 6.10442213149033 5.92193391837506 6.10601439894492 6.03540783177001 6.06295841783091 6.31299859977976 6.48428820216278 6.75460876804 6.71742768611976 6.61392383790848 6.30479605790206 6.11150637889028 5.84029004771357 5.50448643387339 5.56486488996082 5.83895756936993 5.48037992549506 5.53175215762654 5.84869347269559 5.72507442697063 5.52717105676306 6.10227967935348
6.52831952452731 5.5779533946084 5.3819070988783 5.67774843308233 5.98831627557116 6.32732473721632 6.83604528174166 6.96643781163259 6.79857568972888 6.64906354178462 6.81931217020014 6.83301022993581 6.86112745792396 6.98644313838813 6.9210674805594 6.80573191253485 6.91836094105422 6.77439549911377 6.70558254384244 6.84331516669691 6.83737761702008 6.87535122617283 6.94602871790696 6.78255891973749 6.20083292057936 6.21412043505441 6.10401401533702 5.9644184897509 5.91873036235596 5.95107811829843 5.96337915979377 5.83238280781632 6.05664212383977 6.10676524925504 6.51223741054369 6.47936044002912 6.42392842920535 5.88510198969902 5.44335359922206 5.2643825939223 4.68219132161009 4.6285538940768 5.1462495990304 5.40527195279552 5.4165660677646 5.9323771808105 5.95810886866444 5.55890048566216 5.78046748357454
6.4839070645761 5.64835072932213 5.45696321420939 5.79735652584511 5.9151281290057 6.15423489968914 6.65064090101001 6.8242116576647 6.71053298442726 6.63679347026654 6.96940316032898 6.98649116526586 6.97476349875561 6.97841128099074 6.99692019490525 6.64785527673244 6.7529684762189 6.54666147776966 6.57584544448256 6.60150910452288 6.75875026636808 6.75232945913614 6.81360494506625 6.71912800666075 6.23421831675348 6.24952945552795 6.10626575301977 6.06440838780594 5.82286366614538 5.83956354698937 5.84563009936153 5.8471249524041 6.04183563706148 6.12904457849273 6.37309645684947 5.99403161726308 5.86566072945547 5.25405311003477 5.01831153618759 4.9586505257379 4.66913999805568 4.5510621907283 5.07703639564539 5.24555098652627 5.29909744724138 5.63869961730917 5.61802761061018 5.22046279640099 5.36573537173484
6.02842280830528 5.2881630079538 4.91098699051339 5.10237621511509 5.12295682195224 5.29516765591929 5.77135843982307 6.28526173030275 6.53033231872218 6.52596535781778 6.93910530313414 7.05938219070539 6.9104126683564 6.83528812038874 6.93248971291882 6.54983726722511 6.70295901428851 6.52619580218936 6.74936753987973 6.48720121987241 6.53108943356876 6.40529483776948 6.44503062825495 6.18113921089298 6.16563882964176 6.34096001025874 6.25954043639089 6.27260922676184 6.07918120879415 5.80281656976079 5.77428467423495 5.66822520187209 5.79605956282101 5.73439826507241 6.04884582226441 5.70303032419782 5.64968702130769 5.08587070660966 5.04451250085389 5.01858361087567 4.75687419108575 4.58312195152379 4.92728602968775 5.07658819014294 5.07901656605934 5.05666206667218 5.04912560737587 4.85702629262288 4.82225606584925
5.98023960506508 5.56230598031702 4.85779077292753 4.88084793423949 4.92122785066933 5.44529450754657 5.7603702767312 6.4672455924979 6.64938440734671 6.8069543461685 6.88944817455553 6.84673427306991 6.69810130696708 6.66968540922784 6.73260503525165 6.42826374451684 6.56841238513636 6.39661469691152 6.60522467251825 6.21050564832069 6.26757159262709 6.05649929297977 6.1372527528494 5.92951707264181 6.24719030147471 6.48424609749019 6.3929713017976 6.37509713614591 6.17885483868926 5.63550226956214 5.69738087407131 5.73747293477727 5.831572493234 5.64441176575985 6.05395874538512 5.70795022500117 5.67639778700037 5.26199441232663 5.23847391035615 5.1235168274226 4.72382212241021 4.53514051080775 4.74892607176408 4.74413521612726 4.57191945328457 4.5807216868527 4.52918811911617 4.32697765567126 4.55878532281958
6.16781342938113 5.88310197123724 5.39478886223309 5.14405268184259 4.92202918630358 5.23495622528032 5.43803700768857 6.07175152598306 6.51885393153382 6.90522326682506 6.99116712250495 6.75917940785023 6.57074991186346 6.54276802406874 6.40442694039887 5.84727050326558 6.02484998078772 5.83393167352385 6.00672985060461 5.77663811605756 6.15944154774299 6.02355642667962 6.18160389184184 5.89204854347885 6.08856736579423 6.18644748301413 6.2239167922063 6.24111243034968 6.15481418294143 5.80637391372307 5.78232110888542 5.62036382173603 5.60239851343236 5.38276517280238 5.5438242321363 5.30607446824115 5.36772165893805 4.87232551156725 4.81858985785757 4.94482957522037 4.88861589348333 4.60239699076222 4.95074840324154 5.13081027271009 5.04579279684147 4.71034900921959 4.73578268365072 4.40357953955877 4.24774462637947
5.55697547251923 5.608526588354 5.4007663045283 5.01444596480383 4.93314918806694 5.14362980117827 5.33130202400086 5.94374229554886 6.49433032637256 6.69205233683018 6.75711367436286 6.55537814411221 6.20317389272259 6.03688887037723 5.81117586865221 5.36443561207791 5.58389074386356 5.62692325789066 5.89430414171407 5.74501747546339 6.05739063963006 5.94846714784941 6.09208976642371 5.8651810528241 6.1682243177715 6.27978050374233 6.30400825800271 6.28576222168604 6.16550850526972 5.98121772176039 6.0348984482421 5.8910379008929 5.9172023388954 5.76166200547341 5.53615903939026 5.14138720606355 5.21017837316037 4.89197537497969 5.11544754641356 5.32780629961887 5.59025141059895 5.4850866321152 5.45437796272927 5.26227104472441 5.30893017537693 4.77118399347393 4.49068589020365 4.4846886499668 4.23121517158189
5.20820379305103 5.41721601834542 5.26982787634056 4.81013264927802 4.98877746989478 5.23891704636781 5.35705693119583 5.80829996912793 6.3956595469446 6.48301629022764 6.440214474064 6.35798533392683 6.20849669390429 6.05449354984508 5.77590300707904 5.46325571028077 5.57557113901487 5.57343925209377 5.70405630740484 5.62343625667853 5.85750963316922 5.75461116916991 5.91164721572154 5.8430136892902 6.07327798014891 6.08921617358979 6.21499975384905 6.0482982977195 5.947926420486 5.6105460113621 5.85356657154071 5.55118206974122 5.74978895942748 5.53084924428816 5.43971179200678 5.2286603426324 5.41199781418487 5.0894380149096 5.165985615435 5.36037689245846 5.44364191557144 5.27303175429647 5.09756093260864 5.0356293289448 5.03686780042112 4.65803775643768 4.45327296016264 4.58722696652344 4.26935106750972
5.44584286954066 5.43001166038241 5.60296567844388 5.36452648733977 5.48542087937235 5.61266567202657 5.87943106290898 5.84480551793936 6.11397260056387 6.11046261915528 6.08028210230279 5.90576387809648 5.92878103940445 5.82000864001399 5.5575816613485 5.31661524283262 5.51604044584784 5.51977466706806 5.50908591383405 5.49713434911561 5.66875596028859 5.53805405183058 5.71992331763621 5.66997886243219 5.86713780257595 5.85577181535038 5.99258498122578 5.82679083561653 5.97095943975347 5.59336224504002 5.81743295906195 5.69572296838162 5.85002618631248 5.51447020037791 5.43922708651161 5.30715658764493 5.31477172205245 5.0370295425531 4.99499802750883 5.23111684881431 5.30829042100198 5.15698389923369 5.15652908788031 4.99037255126336 4.97899494936455 4.76017634220152 4.60154558262767 4.57516476197056 4.59516486793006
5.42277272121621 5.24719464157674 5.70051071354202 5.46441231968334 5.50143649361968 5.16370280486904 5.43202320751801 5.22999730782354 5.5216187973341 5.6346506004839 5.64820602172271 5.62973300134565 5.60223865596396 5.56190532251233 5.2832092749077 5.28179324088052 5.44526769096805 5.44147885788982 5.2719180554573 5.35715942229125 5.51884550693438 5.40775378615726 5.50102174406691 5.74306146928542 5.68977759466501 5.703532355088 5.99983131922717 6.0591233076346 6.18988376124381 6.01181858064135 6.11526049303998 5.76534215397124 5.70844823680468 5.26280905439934 5.16079993065098 5.07947282449968 5.08569057142304 4.92087364044892 5.03176146718421 5.27848746813391 5.44616888771851 5.34666989333136 5.37174906629487 5.30192255944893 5.35602857745622 5.06440413951489 5.08427827787238 4.96985797961131 4.71469088981104
5.44034695556045 5.33909441288427 5.65330107063274 5.40469736147599 5.43347514721647 5.05581246557676 5.2300370754082 5.20771807160195 5.44613758186515 5.41255429202672 5.3915715975742 5.60084723817443 5.51750629470135 5.43747198620681 5.4576051969268 5.72593474088531 5.83239271818896 5.88280804065941 5.76303510277694 5.66676042718769 5.55553543193859 5.24209664349097 5.1757496403051 5.46536185158637 5.4599843211482 5.43861603607545 5.67270461521952 5.87241393220983 5.86197957576192 5.60804217264696 5.93930786126812 5.78623401298774 5.65569095133054 5.40224476555465 5.46016416418733 5.34803078776702 5.36844355569793 5.39587964906099 5.47951802039463 5.51642682052069 5.46673984582397 5.34228580929103 5.22452754563572 5.33076010812815 5.5653004833945 5.17364847517404 5.34327108856178 5.24445419978112 4.85430657930894
6.0694337503605 5.68470281999691 5.72304043823814 5.28846072469512 5.06633670559914 4.65636389619151 4.94677371423847 4.99792219114964 5.1990485434018 5.41942756688336 5.46461694986069 5.60125522845381 5.52874820252757 5.38595606026747 5.24140109294882 5.38665491502235 5.63991856085842 5.70220155281156 5.74800072180227 5.81242768116337 5.82990427269049 5.34150209354657 5.17723647681608 5.46294368443457 5.35207020251395 5.26295730830576 5.43571763309647 5.65496418722472 5.52076151707897 5.27877969657858 5.62374745771992 5.65859377605051 5.40106244571016 5.1332235090809 5.1904653666409 5.19830326166119 5.10628165818538 5.2780457226976 5.34174922708446 5.45685920381213 5.50131373927119 5.51979219197206 5.49707537410225 5.6785092985387 5.81598956978969 5.20701296189901 5.31911127898194 5.21640451307028 5.02050129997789
5.97456527141748 5.54499363726044 5.72494893943839 5.44009547414563 5.08862009395641 4.85251859291718 5.23621567408541 5.01053719464672 5.21148276669105 5.36202617873808 5.16863809739055 5.13568750048281 5.11915662628395 4.91462615698779 4.97199479383328 5.31024190908913 5.62652931762273 5.80430186215594 5.98054035503453 5.9496029979106 5.90427015892675 5.37357163336953 5.24506301854605 5.24305621894425 5.3539756607633 5.30471709741667 5.50388291568456 5.72674753394018 5.73610872850718 5.47118387699481 5.74548158949965 5.71598637839025 5.32270717623526 4.83909545349729 4.62310717124798 4.57929528364254 4.54983351361681 4.90720284470963 5.14280600158778 5.25372742288338 5.29791367631031 5.39074427532469 5.35323061141667 5.54657726784534 5.83837143580377 5.38676274238785 5.40531885843499 5.24582425088229 5.13343065539596
5.89249113282272 5.78814090934615 5.63887814303945 5.30650398590875 5.10385190637947 4.94502260987905 5.08439439835148 5.00660633947805 5.12359662628162 5.31983004901545 5.15319016666422 5.16794947106898 5.19357745666746 5.12864543997947 5.08844736099604 5.35848445661704 5.51242742701783 5.63008656740697 5.69390902802077 5.6059270671568 5.7299317727151 5.261402154946 5.07885894036747 5.22742027037726 5.42108469799026 5.18890093093752 5.47015199924043 5.76514713222419 5.57989913488892 5.41222533721493 5.96305864815177 5.79069890001786 5.34611560629718 5.16460299265918 4.808313527626 4.45263436071196 4.43413313290727 4.87003251886524 4.96724799209206 5.15123154980464 5.18132663360684 5.36040321300134 5.29412507202424 5.48586227333079 5.68617734390222 5.38760980665367 5.3607695189614 5.16966657087444 5.0462377664632
5.70925165961506 5.78908633342244 5.59339766261888 5.27099023434951 5.13172887890056 5.09218979204206 5.1603951081369 5.08454189625686 5.23313919936829 5.36433187711512 5.26630513029716 5.24378321460037 5.38806298328342 5.30296008919211 5.23758316624893 5.27280827301739 5.35701458397812 5.45524683654158 5.64359054931545 5.5768212600037 5.79816503662984 5.44203791947848 5.06475937328667 4.92394642775002 5.04005771353565 4.78267184425193 5.09096911587528 5.4218744586599 5.40659670869419 5.44266849921078 6.00663516293476 5.89570501849467 5.62753639487393 5.52274244467072 4.78790683865761 4.14352975946578 4.0005505395907 4.45053417558323 4.39303228222517 4.97882940673993 5.26395879587649 5.48904102465771 5.23973727250701 5.43789300931129 5.43156880244728 5.13402165630912 5.00382217020307 4.97359842180463 4.99977074652582
5.55469947140954 5.69323713183608 5.60275206114113 5.29863540971234 5.11107578568201 5.09187640530323 5.15068579360532 4.87921758820044 4.88679624806074 5.14977007451511 5.00451058162469 4.84520822984107 5.14812490323105 5.30170214789892 5.16496223299463 4.97898408345324 5.1044419877247 5.10058089229687 5.03313566130913 4.94314899071272 5.36490793794263 5.08028752999833 4.82996697893199 4.82033443222965 5.1062008092254 4.89106302131154 5.12446604119484 5.53920012686889 5.72224304332623 5.67081845092154 6.117002544763 6.0847961028331 5.66394236849422 5.11919970328781 4.08492988069944 3.25394814798584 2.88326394759104 3.28197829950268 3.54083958166604 4.51002162866875 5.26357647471292 5.72799200386201 5.52312120422447 5.50626090156776 5.36185396330625 5.07707917834429 4.95410108758541 4.89568668129847 5.06393105858336
5.02229759158858 5.43319584550589 5.32852065546618 5.24002253848776 5.17914648957898 5.17857981053989 5.04815762781382 4.67514080890052 4.68263931546689 4.87653290767023 4.63660211692288 4.39671669464385 4.88790669087664 5.00264798367292 4.94709316469276 4.87638113363251 5.03343127815238 4.82052057432252 4.67387141068248 4.53481124630064 4.87001780230112 4.77171009879161 4.68444189762357 4.73013403230429 5.20741799185306 5.14297167614128 5.35909123924717 5.79863093333572 6.01663133107928 5.82867847623421 6.06079259590718 5.87377577376574 5.53423638393949 4.85976741468924 3.83231893728565 2.96262367903135 2.52948982340058 2.57479409319286 2.93300750509272 3.79448423771525 4.47452052524934 5.02472061458195 5.02027423479648 4.94952420358705 4.86444559529371 4.78397625952818 4.85343056636736 4.6674319605407 5.11450434034313
4.96857708228535 4.99729550005705 4.64435496466716 4.23808330365536 4.2042277916387 4.03381902767849 3.9437692713293 3.86448708087591 4.05570193558746 4.46528964585192 4.56523292124212 4.47837409145917 4.83738720323354 5.04537572420508 4.95577254121602 4.80939534474408 4.95964353441587 4.84605584205719 4.53919540924347 4.42784026217251 4.83879567981298 4.91485258674888 4.72574440882201 5.05179908909738 5.14313230378463 4.94833605162961 5.08538681403426 5.48445928290535 5.6238348644758 5.70682261207382 5.89068070560951 5.71297081798663 5.44626670594753 4.94829158597967 4.1799453402053 3.44548974288267 3.05846207380521 2.98803179562767 3.26081937541641 4.13909448058486 4.85319628964055 5.26197565122197 5.37084644729809 5.27903036555808 5.12120861844338 4.87422339018506 5.0256703339842 4.87482722912249 5.17765608871374
4.74854768889473 4.65527783742223 4.34750925366247 3.86348624581373 3.82654455012135 3.84057834516934 3.81490512277433 3.84685292031303 4.07483222785169 4.46555889435082 4.54195012968001 4.36447006296384 4.71533432317123 4.92700618890008 4.70774084525049 4.59091444520269 4.71025410656504 4.64383733487135 4.3642137101498 4.41800243341694 4.67841232812089 4.87691518034011 4.73544075171717 5.10087510913971 5.23137900738264 5.2227212614135 5.21298774086014 5.36992758352885 5.21747919592691 5.2388687663054 5.19927003918156 5.16616432000639 5.08582047078272 4.80847813323632 4.04832077777823 3.5553488734532 3.16744544554498 3.11701176261009 3.34235706084696 4.09634166751629 4.88059163211633 5.27692008715501 5.42514871473678 5.39814314498527 5.35687206799998 4.94135225681078 4.98678107930047 4.62570865338574 4.77265979864352
4.75881557219001 4.50625343554917 4.33298799655868 4.06503581225849 3.99296574259287 3.8796395161588 3.8873664040314 3.71751274711832 3.54817054819353 3.68212783949336 3.85388767969852 3.66968025047634 4.21010725449647 4.60294660039006 4.64317992968526 4.53230436785551 4.76408646053278 4.68693068400363 4.45312711699321 4.56885461298174 4.92695355718718 5.09325144274379 5.10695599190347 5.41449025301979 5.45751415541862 5.07899483353378 4.93898639993228 4.96825457962117 4.78399517218314 4.76327071745096 5.0497499229449 5.06449901729234 4.94784585852306 4.69897977857572 4.47045029803882 4.18436408301311 4.07177245498303 3.94615468471453 4.14971396586739 4.27898751614783 4.71139122849325 4.69929047033763 4.8971190557093 4.76082069763956 4.91727332507289 4.46037538841454 4.57539963340325 4.04329583241452 4.24566910445401
4.57620093573356 4.39003097410266 4.22554546792393 4.10365608591647 4.09075220780257 4.00721951399259 3.96736173592553 3.80978348528952 3.70349602720849 3.7739697926077 3.9966148726067 3.97608843060336 4.46063756224304 4.67329521935153 4.62046393678968 4.60069863037179 4.74915923058649 4.77219987255423 4.73545767003226 4.85962896842476 5.05947009687717 5.04449701777957 4.92399552078105 4.98954583827098 4.96008109184852 4.57468342544744 4.58430137382421 4.49616346970718 4.17495500336207 4.2820020159482 4.57604459705952 4.61516669019051 4.72636976757487 4.87253725308194 4.80287172989512 4.77264175523922 4.82933179423074 4.61329975821402 4.57563696514294 4.42979357522138 4.55620968490246 4.28138828170751 4.57714678560079 4.44922585484687 4.74184472016996 4.36053934138084 4.55489037941992 3.96047332760057 4.23635076643222
4.74868074735725 4.26554850293425 4.0368779126044 3.84628968125601 3.83308217332544 3.764353144028 3.79689453027161 3.72062669035578 3.57975755296855 3.6067992945839 3.94552431404645 4.09739563068332 4.5691268294592 4.88944208853105 4.87621166078281 4.80327017891704 4.74292401817334 4.84866487415832 4.81113541564368 4.8985156409797 5.14780448957823 5.11130205224645 4.95319944447184 4.94265671658481 4.78306381281644 4.21929575823767 4.28110865167562 4.06019023627433 3.69548821265559 4.03454535608897 4.51243938872969 4.65653506000404 4.7936590211983 5.26571501716498 5.48057782297139 5.56441503593139 5.81606886438339 5.94796381496738 5.68842705837901 5.295624164901 5.36202219753265 4.64911746521358 4.73065994987388 4.5650498607079 4.86217493320435 4.34632238781892 4.52491170130378 3.85878623441821 3.81128610245693
