output/BIMAC_interpolation.asc
NCOLS 360 
NROWS 172 
XLLCORNER -180 
YLLCORNER -82 
CELLSIZE 1 
NODATA_value -9999 
[rows 0 to 21 of 172, columns 0 to 48 of 360]
6.943515842297880 7.28574896727013 6.93244359265261 7.5382797899686 7.1754506371282 7.7259543955122 7.67100527197239 7.87075177979453 6.80034566037429 6.3905437336677 6.32055778066097 7.42760700392644 8.10365252676939 7.88849284892818 7.92841001391244 6.69968854943327 7.29238381203739 6.8925993696605 8.25112322562658 8.00583335648122 7.31714521479672 7.32025246365733 6.94231597459153 6.98230230037971 6.66887156951884 8.15542932735364 8.69803408436472 8.21733644807463 6.38674895552515 6.48888853336351 6.35327202437676 7.93034159865154 7.95635534457502 8.62344233039532 7.68624084170114 7.98048482421142 6.97203934560064 7.49453017873695 6.85352538822042 7.73774878427152 6.75510875790174 6.45209081383131 5.65312459681273 5.37730298684925 6.08572729804543 6.05411263949218 6.65637977981085 6.26335751880367 6.97294637722379
6.56763106451317 6.70374781855888 6.50152103835243 7.05806931517356 7.23414940344905 7.46544689829989 7.59944795548906 7.28608432600185 6.43864525237423 6.17356290448167 6.48032646050228 7.70520081194081 7.93258379606031 7.78577319979605 7.47452765169667 6.73626576590995 7.28538306825346 7.05247582709094 8.15414563328267 7.8787997557042 7.3190664738306 7.30841132803102 7.06249790820821 7.38253538451844 7.24826496522693 7.98403074678297 8.05797378004382 7.40924904891834 6.75321187472812 7.0208173071146 7.2205420269637 8.17107667640255 7.90141396483776 8.16504948191514 7.22389067712045 7.54582459754848 6.84743534415006 7.62596350288731 7.48236183301821 7.99447842524096 6.90301508683423 6.43520274544252 5.98015049795895 5.51527448051245 5.91202405918255 5.90874874816141 6.59486687619523 6.21802665439514 7.14480114520863
6.80997891315964 6.64797285191819 6.69641713624374 5.94397955689504 6.06484934918939 6.19567996948153 7.65916037649153 7.33205583611212 7.80587523546053 6.41907545010164 6.90987478616175 6.98886336861722 8.14432263872393 8.14801239967685 7.56319326495909 6.399645008904 6.73295494085372 6.82326799664293 7.82578902402973 7.59013845467637 7.11853348122012 6.60483351080627 6.10520409033994 6.51045299384716 7.27238067296291 8.43631470408494 8.57092544809767 7.65311739653933 6.72887475596784 6.80026738103054 6.95699855579706 8.08608030532631 7.40783128330262 7.26811555721601 6.55132637036321 7.1574970689964 7.04513274145051 7.77648504336687 8.21912637987165 8.15033676093162 6.96146527807664 6.75961619195791 5.97691215913007 5.33897445791691 5.0918850505336 6.01498611647333 6.26471534339041 5.47198492488522 6.06838003162182
7.92698924141734 7.46907585912983 6.78793881221445 5.90901581289149 5.73020221570787 5.92928852234492 7.22843732406662 7.39913277557254 8.05766216524592 7.06277478481487 7.30103418844655 6.94884554876199 7.6005772913675 7.31869179517448 7.15684218000664 6.23680032677583 7.38963135947006 7.78665926125399 8.7751610782172 7.87304604461727 7.11712455207765 6.58281124705924 6.25677411594101 6.77338994817648 7.22464139056122 7.27919665268943 7.08562351366718 6.55431714752437 7.36591039886379 8.00556000966111 8.24655914728782 9.08078576510266 7.82421518892693 7.34452133723918 6.12612339652935 6.75972569240614 7.39956093771416 7.44117193591814 8.48321064267068 7.71718910875781 7.36038007100873 6.88543572224337 6.77134095362829 6.18238012295741 5.50614353901205 5.58694128717331 6.39056966866616 5.92905096144098 6.74655394451711
8.25058351313082 8.01701950556109 6.91473166997823 5.95603012666076 5.56202239030714 6.62380116862665 7.83084174992344 8.13837514054452 8.45202839280967 6.98705818871427 6.58620885804845 5.73736118794489 7.71447436294142 7.34361968544071 7.60416100378985 5.93253468314561 7.40189258520975 7.87504458968061 8.17955090814304 7.45757671708117 6.96321471473925 7.19818632158904 6.510017170874 6.59628655075081 6.92816395528555 7.81615056052374 7.99131064280889 7.38218641884522 7.11879686990851 7.47899176243827 7.16515628528022 8.11013365152 7.74540198442649 7.73433454421474 6.72202895821696 6.83532052506501 8.01601324058128 8.20045975156804 8.39783644233026 7.72959839582763 7.92803986951213 8.17882697765262 7.51603824544699 7.34478153764639 6.42732103720958 7.11775040191197 7.46561912810739 7.30575211082651 7.01916913222137
7.87062098732656 7.91398845066884 6.91954716714216 6.77889322366305 6.29604493438825 6.96897651393573 7.6624719714226 8.30796609467936 7.83086686782927 7.399700925327 6.86612248607011 6.87965176654452 7.49224640088608 7.37889494611028 7.60657587446022 7.35097060845317 7.94238787257891 8.31373810995913 7.72782171806243 7.28248062599404 7.24568998061883 8.40096393720942 7.5564495989557 7.47069108987207 6.21302348280527 7.97805048927007 7.91811214468833 8.8343965934862 8.59602531885512 9.00246212281039 7.53458666418518 7.22114515213575 7.09363079138017 8.14067515743325 7.53119639028 7.39740939378085 8.28676086131592 8.59962207908737 8.67192939955291 7.91183408256484 8.44141224627706 8.04655152018589 7.48537894762086 7.52129913005471 7.4538585270747 7.63111574701257 7.46343095360888 7.6845636227764 7.47406061482634
7.24870884156616 7.43619726439275 6.86463309068955 6.57401389208189 6.1730694036822 6.49910098656705 7.26560423907645 8.6052515708586 8.42098198075278 7.85409416130813 6.21591485034323 6.3618693649244 7.42904615639666 8.18694209089556 7.91063763175388 7.45965362737452 7.27942455815949 7.38607593167129 7.04560451483668 6.67349799053756 7.3622010774508 8.20848894255874 7.85814154772507 7.4020539992043 6.57376826454746 8.01447506189881 8.42562969013959 9.08100934406169 8.50979747715722 8.24747174520095 6.86063197556594 6.99099573956229 7.40106060171682 8.65588192155263 8.13353833778328 7.83334208179269 8.17018637108114 8.63655873874928 8.13502943693112 7.93110087285461 7.80881228572344 7.80631104191552 7.25637459784109 7.37062588929547 7.11169389326524 8.18803467383039 8.18771449775417 8.9317094100435 7.88789342538402
6.59000486476147 6.79922595135977 6.75104509330424 6.87437408450973 6.35150744896191 5.98870830493152 6.08778072215325 7.74273305177777 8.02043312443866 8.31588129931693 6.62963064459798 6.92876391219366 6.50360847532114 7.3344662582511 6.99377885572267 7.62567688832951 7.27477852790789 7.080313547059 7.22013233029614 6.43769053444747 7.07425243816013 7.45671811222224 7.4896248410607 7.62777803127688 6.31771633686235 7.47915411955571 7.02075729312148 8.36385420070309 8.44278387358058 8.60948662208306 7.29014429431426 7.20108760915819 6.9322130872794 7.87591313519848 7.80106557999769 8.21091493700672 7.72875051299127 7.34938192008338 7.50773330470888 7.81256692241813 7.63779436399167 6.68902350168667 6.23679419853293 6.24669602336384 6.37457816473525 7.08898815887893 7.35824712986362 8.51919808333125 8.25096116527707
6.64797620779745 7.12629932072211 7.38197387206054 7.98169989493255 7.63918821984679 6.82320243380954 6.29414050986828 7.71894924719234 8.09433540049681 7.99556392825249 5.64204828485845 6.08366411387677 6.12828164822839 6.72691160953291 6.47110137211754 7.15903045679093 7.45381959039495 7.03146568508919 7.02875024816782 7.00311968473186 7.61559243520607 7.12028729650368 7.22938389489829 7.29058313030704 7.47037369967306 6.87836308891055 6.50539273961319 6.50075764423542 7.18069525753963 7.31432073505141 6.8517181874803 7.3302122250906 7.53046526927662 7.57925762879508 7.88955909770905 7.7229457344015 7.08178009651889 6.5127066923701 6.63398353818791 7.66432550290448 7.38042129235785 7.19371166963689 7.49574469931277 6.59914093498679 6.42658016914162 6.79390822037418 7.62514703962653 8.70415055854978 8.00122439252537
6.26264243854342 6.76484895960873 7.1582286618389 7.85672312061971 7.51759404178316 6.97190496999848 5.60774866104907 6.59512212836083 6.38030919077619 7.48027621689072 6.08180445996795 7.24894570125524 6.71617759128007 6.7193037895655 5.82158102712751 6.38815882980189 6.41381302331999 6.95474757660225 6.908477009724 7.45764512395067 7.31404042268947 6.85915074907928 6.48402562344208 7.2744019893308 7.16040945344753 7.31800837949228 6.0574298812283 5.988081452878 6.40311691792826 6.93778103456449 7.1327057308123 6.79200086958127 6.68388879338579 6.31829428264279 6.82509894736995 6.80930266094522 6.67210598127484 6.49312565552291 7.56594535167656 8.07885432463555 8.17950146689586 7.47739435895063 7.64095805411041 7.42423992167487 7.2180239943427 7.32290687107919 6.77696904509369 8.19495867052372 7.65927822138695
7.29806629258046 7.87532267828216 8.01727826230033 8.08144686756466 7.38513388154421 6.95744456441349 6.03152472301715 6.76816602006766 6.56944248353015 7.4896453035477 6.42557543949063 7.21915640260495 6.60755721900876 6.56757686519082 5.80223012450985 7.29761908643884 7.3234085890409 9.11850103782759 7.90121807880857 8.61563149386343 7.34357748493787 6.89665418337117 6.52022242321184 6.93491016562966 7.11548631244345 7.07248095955858 6.62167722274364 5.8864552224453 6.63608741946148 6.51197553923459 7.08639483184837 6.22013047573064 6.37094802219325 6.10734066159608 6.97348707590453 6.6125993738473 7.13815023761869 6.60706282982997 7.55973826595376 7.68635478490982 7.82250602691144 7.90467170285308 8.46684634126373 8.32304876498458 7.75426005275454 7.34246854877868 6.58543473945909 7.28975719594654 6.40505867147965
7.55873246644034 7.73215063614647 6.82138270293294 6.93715647765807 6.14973805950138 6.71336399627493 5.74104131075087 6.59150833857781 6.04794062351362 7.45276454536709 6.94619700923952 7.79825187531173 6.96342755632018 6.93580056316994 5.97276375391947 6.98894560659194 6.51984644617619 8.7177016519549 7.39807251688216 7.79943944128825 6.27554840521187 7.01284015085848 6.37760808375902 6.99836191262172 6.30142305202619 7.36685359316235 6.91581096061163 6.24506541110208 6.73909452426375 6.95650299338885 8.49669964805202 7.26861546137629 6.77630737441206 5.91181831629936 6.83497325065693 6.87743530150709 7.58881613642485 6.89878383783756 7.56411016982189 7.24667653711207 7.49627702957001 7.27601313173534 7.47567822876599 8.10456767403871 7.56302733681099 7.80924859787817 7.29448604674814 8.38693749650348 7.29536959464904
7.77456274982619 7.24713300463886 5.96505285532284 6.36895779756799 6.4019325126893 7.27910825686423 6.51334277059056 6.49835529546042 6.1018845539469 6.58881045575633 6.26451142747941 6.31438193174171 5.76265978663653 5.96158921788625 5.86420214393911 8.4221400396636 8.51328446944917 10.9283207386374 8.01043125788315 8.26536000070676 5.94444530260277 6.56596816430746 6.10240417679869 6.21545127833695 6.09401034926419 6.28738514689075 6.39601242942011 5.63398798953997 6.94822861455894 7.00354661458916 8.13876747613664 6.61302788018268 6.45313600410528 5.82592601240877 6.68559157156998 6.88858818320786 7.2283959014864 6.45855146367253 6.02782333175409 6.36753954025306 6.56296894504456 6.85786341990066 6.9270781665795 7.23385725738009 6.91332103925548 6.76843235020636 6.63838807856541 7.36960670672966 6.67111732706861
7.67721747037746 6.75057547677982 5.42658309672857 5.62152999434969 5.81795765599695 6.63773462241702 5.93989928508451 6.24605983721859 5.82932763659648 6.23415964133262 5.9016664179677 6.18129632622478 6.05631485984319 6.41550011447411 5.97246566175459 7.39517737046064 7.06038869108926 8.94892837088253 7.24363655647636 8.01862821863608 6.94140111500511 7.32329375430589 6.59537753181064 6.51518094607923 6.35964188577445 6.516797800253 6.43781667434475 6.44047258483828 7.49852706690416 7.70515963644389 8.85890442723092 7.98698252400863 7.78542398402574 6.75054187551632 6.91711306189274 7.01694229176791 6.74076954914618 6.59809137770567 6.06447809992668 6.35763804226369 6.10970345342009 6.09540068930178 5.87168482141197 6.1039102420896 5.91966009040281 6.25361379234806 6.36156193803544 7.66286757415293 6.90092050432223
7.69043583916433 6.81423229978031 5.87938948512541 5.78792902922384 5.95299158832739 6.35077611717449 5.96994936088771 6.01918481463786 5.89097632099597 5.7995074090984 5.47057281231369 5.51072645652767 5.30232610525379 5.95459025243214 5.59524022442181 7.58829957871351 7.49053317484796 9.69714568528817 8.37395078204661 8.3672014358356 7.44801729641274 6.91680694979398 6.97557396886548 5.95278710150846 5.90660781157674 5.40801026939582 5.5175278348956 5.44829912103847 7.08166889810767 6.74108277344329 7.43801100075471 5.88833668140647 6.25958035903703 5.90382159641877 6.14148649073991 6.31320222452054 5.97412134089144 6.07760249979111 5.80857536498857 6.01356495341771 5.5119793688072 5.17115446805727 5.04885994028527 5.37828685942234 5.08603212521661 5.343838108291 5.06412588816742 6.42535896306114 5.89825841175909
7.77611550982886 7.51714033799391 6.6128721993912 6.41033325216931 5.89227020287411 6.16815164926894 5.49755725178848 5.45946237406519 5.36666024888063 5.52909470250305 5.55848098822713 5.64997180924668 5.45181754059021 5.61849064563234 4.96883485214247 5.50818687362681 5.46995277602012 7.32780120630627 7.70873773878237 8.12143948021291 8.09629406225819 8.22534972914296 8.1880606767078 7.71575454654104 7.23975884877264 7.14548071628259 6.97432431492328 6.73302130861489 7.54515876684263 6.97431657565695 7.91531509614953 6.97223787569181 7.37427919207086 6.56074401671077 6.76051919656305 6.3803094778079 6.12007349402779 6.19169121453975 6.04774337439028 6.14463734461005 5.32474002154066 5.1398241918913 4.63928913434234 5.05973904162459 4.83577558018714 5.6314473469989 5.39024220924843 6.77488334585797 5.85472993883359
8.5733997715192 8.38142046917249 7.42514630387096 7.09816355834011 6.4151314316099 6.34172365127971 6.06993712882985 6.24132111754604 5.79819015730486 5.72394318215945 5.24078238814278 5.7262562384127 5.13630514337332 5.40582885647085 4.50810772504696 5.38433865821978 5.18950885123287 7.04628542742858 7.28973193238311 7.33888830655148 7.00899798061052 6.57148660734343 7.28940199470561 6.47056294530101 7.01293297072098 6.31957677529792 7.14548721660544 5.80747545015609 6.9886959923062 5.89789874257827 7.15273172806802 6.18592286667971 6.88710403563916 6.48481923539821 6.72545181744978 6.41509501257197 6.32793247279779 6.14834057719713 5.85609565297167 5.64397152490351 4.9211936826199 4.80792067317271 4.36868940034059 5.09251867214605 4.99654102430212 5.86702077840514 5.57495312917105 6.67542009995093 5.70415365839876
8.83243125070499 8.34797327245142 6.92484792339229 6.55925181521121 6.43889674642094 6.49171507870646 6.29754992635486 5.5895497758951 5.2952064976692 5.38031364753734 5.51805312380237 5.87372796644618 5.25320955632041 5.26995210027711 4.61503679121511 4.87177548647733 4.4202930560063 5.62729848271904 5.99907205009269 7.10376718614924 7.18108480518063 7.11719543703444 7.18887743370774 6.59193520786825 7.29279165684285 7.15941517790531 8.35371900094929 7.44578891474769 7.59977468785881 7.01938154503974 7.29636165428454 6.99991440468304 6.67744380102492 6.77210863166549 6.52353903514803 6.74802849074834 6.62027152658717 7.3022065396531 6.73006954391692 6.46692204941031 4.88750605309866 4.4040028718187 3.68380052925636 5.15307122894169 5.2724125082847 6.71760182879494 5.8060630534857 6.78240038492029 5.50555508371065
8.66660526094262 -9999 7.96937995471926 7.39126982639126 7.13315814083535 6.36091088180679 6.03106154946828 6.08493199393841 5.67339970605429 6.39536951886356 5.92171794113415 6.63799635074664 6.17506603673306 6.41719752597398 6.35095682553921 6.64093466250976 6.57424704630514 6.50457090763652 6.06926428636598 6.21575032211305 6.61024153908748 6.14081750878424 6.51645259230217 5.16596483469566 6.43820151924603 5.92153366404316 7.98285737335866 7.06022675834909 7.4169828755984 6.79251990016529 6.49352612782151 6.35963128557769 6.36238415937603 6.94146986574858 6.96656395403173 7.1297156105804 7.21967480173364 7.59906685629466 6.68298982301196 5.98933670311665 5.47718833465565 5.418434799374 5.97607967825087 6.38988027376296 6.39113200087476 6.70068239917182 5.91163462102118 6.67032137721103 5.61598870539289
7.15612597284001 7.0625433258723 6.36967010022369 6.88582570016291 7.14839499299164 6.82053097050611 5.85318585521211 5.35382028572629 5.25292885214805 6.50602564525562 6.52770263756996 7.06788695635506 6.75541349552456 6.94228623572223 7.33333249387584 7.44813530499976 7.61676034484655 6.92301799675584 6.04016381703381 -9999 -9999 -9999 -9999 -9999 -9999 -9999 -9999 -9999 -9999 -9999 -9999 6.32450576322391 5.67104363634491 6.41670008409094 6.38783819159893 6.72691527761065 6.98845854064968 7.93082903687558 6.9652729305083 7.6055131835072 7.06851568494871 6.73581386378891 6.38971523314478 6.56311437836243 6.80342526428651 7.07585573539478 5.96563130079263 6.71476395752606 5.48869230573699
6.69648393478009 6.69476111435068 6.57925334457227 6.67659187605009 6.77736397701014 6.73485046793372 5.84007871961809 6.35205996482529 5.95592898363098 7.68374308497975 6.82270782718138 7.6230682193399 6.99941457191029 7.31709764744918 7.46718293505379 8.19886720038995 9.02491581958292 -9999 -9999 -9999 -9999 -9999 -9999 -9999 -9999 -9999 -9999 -9999 -9999 -9999 -9999 -9999 -9999 -9999 -9999 -9999 -9999 -9999 -9999 -9999 8.54696982808362 8.53719372362535 8.10797773191481 7.04191038597787 -9999 -9999 6.16167110247281 -9999 -9999
-9999 -9999 5.0983123113094 5.52893782511699 6.45078472870066 7.22839850961512 6.57714246147902 6.13566607735717 6.08079436120256 7.34360887607868 7.03183426487987 7.3021373565919 6.50863693686313 7.24903646595329 -9999 -9999 -9999 -9999 -9999 -9999 -9999 -9999 -9999 -9999 -9999 -9999 -9999 -9999 -9999 -9999 -9999 -9999 -9999 -9999 -9999 -9999 -9999 -9999 -9999 -9999 -9999 -9999 -9999 -9999 -9999 -9999 -9999 -9999 -9999
