output/BIMAC_interpolation_no_advection.asc
NCOLS 360 
NROWS 155 
XLLCORNER -179.5 
YLLCORNER -70.5 
CELLSIZE 0.997222222222222 
NODATA_value -9999 
[rows 88 to 109 of 155, columns 245 to 293 of 360]
23.6665931440538 24.2115852931012 24.5426767157667 24.3002440971355 24.8331032798369 24.8011413476495 24.2249818941454 24.4607589621416 24.9095281240109 24.9261078426786 24.7105293908383 25.4372031413552 25.4686714647253 25.3870463005439 25.3819354486663 25.0093584584829 24.5396950563646 24.6945051018536 25.001750827857 24.7854885196011 24.6357785782429 24.4834954202627 24.7955976690668 24.5729109143128 24.4101227875713 24.7748642257206 25.3518983832276 24.8381970026995 24.8898854093509 24.806099872531 24.8131572534095 24.5075387487446 24.7730122127296 24.8124393218173 25.1771005859461 25.0049944117987 24.7708463561272 24.2621570728623 -9999 -9999 -9999 23.9015637652878 24.0430340161525 24.3353229011898 24.514501459236 24.5801837220419 24.8850073926452 25.2071627111386 25.2662157359529
23.7552043730915 24.4577999226112 24.9196888815678 24.6076029300444 25.1317754861497 25.2814858250317 24.8766203300158 24.8017942197855 24.8863589445536 24.9345575357547 24.702913928826 25.0788135169051 25.1491127734334 25.5734795846893 25.3537288475438 25.2506067361374 24.9145418499661 25.2291821587705 25.3102846111395 25.1130215100465 24.5301585520292 24.1969128647399 24.1780071165796 23.6408672599934 23.5507857943637 23.9806419374025 24.5191218369822 24.0515313887793 24.3413710411717 24.3951216219002 24.7034623888317 24.592452350069 24.9089956429965 25.0462677252148 25.145166836585 24.8483670231631 24.5447269416371 24.2748883002983 23.7995830397313 -9999 -9999 23.9131112554098 24.1728638227282 24.3225318508473 24.6486885843285 24.8694906610308 25.1190176952121 25.3467936234909 25.3882322742295
24.2018095580203 24.72168741034 24.7772473607998 24.991365124553 25.1789766023 25.1320376075115 24.8151948757162 24.9633826929139 24.5940128763386 24.5532209680616 24.5235384789442 24.7845576098032 24.8190637185939 25.1975405154829 25.1589962524294 24.8216376628633 24.7160798882287 24.9056288648167 25.0812578471318 24.8374180221707 24.5878805431223 24.4543450666874 24.5477741746581 24.0859184734495 23.8713216253603 24.1528769198456 24.4131022539017 23.963324944878 24.2405691858848 24.4073844269876 24.548316474491 24.621238823809 24.8810044526226 24.6030862051066 24.8235899542446 24.7169781222408 24.1428135842947 24.0046295371277 23.9135272354447 23.5777537924212 23.4763638697218 -9999 -9999 -9999 24.018820035262 24.3368393796809 24.6671537526503 24.9853260486279 25.2322090063908
24.4256567436276 24.810069691144 24.6119586031726 24.8118772079799 25.1794940345104 24.7036210912885 24.6357545729599 24.7924139551691 24.0970907418936 23.603520417346 23.9034214242293 24.1036375026016 24.2168797230693 24.6471499391988 24.9348924960461 24.7772426748492 24.4935144020245 24.7608906175155 24.9288146694781 24.9820506885869 24.7841397029632 24.9883422769936 24.8004208559403 24.5442380011744 24.1480619634824 23.9985975425147 24.0151959136754 24.1382335807842 24.1208564945491 24.3019864882504 24.4787674680372 24.5205300892487 24.2816704562505 24.179057542465 24.5086619503604 24.7565469235259 24.0887048891025 24.1370901033957 24.1479538589023 23.710031684324 23.5230715166186 23.92823805215 -9999 -9999 -9999 -9999 -9999 -9999 25.2505224856854
24.3562162391555 24.7733682857411 24.534377030842 24.5061292673374 24.9193122536658 24.4003742872828 24.5344357401954 24.8083024075747 23.8151959689513 23.3818865401596 23.9134965164738 23.9641736843009 23.8045594131096 24.6200482438124 24.8632437089706 24.9449851118282 24.6505671091557 24.8580029114705 24.8776884081184 24.8968120811552 24.9192711873197 25.0777027071324 25.2267664138549 24.8785222905294 24.6542413159833 24.1875120187748 24.3461270977975 24.5370434258677 24.518288834116 25.0068016411197 24.9814675965588 24.9417959046235 24.5365946253271 24.3314166688362 24.4153163920107 24.466991688159 23.818043323957 23.9023393064659 24.1669341387092 23.7134507867257 23.7777353560045 23.8605664460481 23.5549961494529 23.6465765053065 23.7598965837269 24.1589266066104 24.491750372616 24.9122808628245 24.8372084748364
24.5122818210508 24.5200512061025 24.3677138446035 24.507131559802 25.1199036196244 24.5029989123618 24.9157672994393 25.0722195418873 24.2243441259959 23.9103626793248 24.7027824913486 24.3963789869398 24.2678117293475 25.0269591541342 24.8549050212266 24.6779104731496 24.4534093950213 24.5952646415425 24.2007309648638 24.5774753010351 24.8117439564859 24.9326953762088 25.2032272921134 25.1258181266291 25.0435869323295 24.2999926766906 24.4395891539712 24.5774668835349 24.5806315534581 24.6696273674538 24.8671627854892 24.8534751019195 24.3639520637365 24.0073926153824 24.0557906420434 24.1396388333353 23.5921052222526 23.9133199168237 24.538695360883 24.3401611963802 24.0575786609369 24.0288443082501 23.677641931811 23.5712206189751 23.477258535848 24.2077575303094 24.5132746413142 24.6550888456945 24.4097814173796
24.8669983466203 24.5710275252211 24.4494224285662 24.8117021878537 25.3386582110208 24.2767239685148 24.8634292164265 25.1508706351619 24.4949234837985 24.2393664786394 25.2107814624709 24.9137681299819 24.7744069271271 25.1434437930426 24.9842084072924 24.5802329875792 24.2864169074913 24.0274612248464 23.7426979342515 23.9914515479277 24.4028039011544 24.6977316761994 25.4112175094646 25.8069703999095 25.4840967930685 24.8690716489458 25.0371110283639 25.0464075269396 24.7391090495751 25.1811922932989 24.9822116258907 24.1046971391099 23.7100349514462 23.4121300377811 23.1361074443802 23.3503308723109 23.5302521708615 23.6978329358208 24.2519812520644 24.6987195150914 24.424887059581 24.3721634710445 23.9658780345341 23.7294354592899 23.341962357676 24.0981469449949 24.3161026070567 24.3281099559812 24.0815136494313
24.7970443122175 24.9403324572489 24.6910926988236 24.9216510268423 25.6029995898724 24.5824151671963 24.9588355704271 25.3119963997145 25.0027694143678 24.7522992990638 25.6773478158115 25.3606788756945 25.0981397585578 25.1348414595342 24.9157744568808 24.674123846282 24.5230722538235 24.3239036197684 24.1518998635777 24.2005004087069 24.5114659688298 24.6178691341657 24.8862733499839 24.9265080704259 24.9332116074423 24.2887485033485 24.4418932786461 24.5977941854503 24.640952510198 24.8412514959875 24.8555342176817 23.9094709113673 23.7503132430347 23.7373482527055 23.2632720572013 23.1438806522367 23.734252934169 23.847931184648 24.3850026097081 25.0207264465448 25.0829369308929 24.7230033508475 24.4589701914959 24.0847372862158 23.8424336625412 24.1173087580203 24.5045056944322 24.4255725006418 24.086591407499
24.8505823865023 24.9670835216538 24.9537644316162 25.2986801545164 25.5654923325991 24.6326624002964 24.9192975470427 25.037676849176 24.9520183215635 25.0335624757497 26.0002811938438 25.7923947612807 25.6413908908985 25.4241803870519 25.1295251865764 24.7583816848548 24.6027105775732 24.0927267155487 24.0258549095403 23.8355135507681 24.3392573940971 24.1157095575108 24.5115132931208 24.570777494418 24.5778487605552 24.3125514100109 24.8207580537802 24.9153995637743 24.9827003837524 25.0635416151134 24.8529174360006 23.7301271954798 23.8236080101806 23.7522000482361 23.3538280175698 23.2801079230102 24.1401305311847 24.150726436317 24.6747160534389 25.3375638970055 25.2628361475154 24.8478383501833 24.6525642595673 24.3296681387765 24.2895606499095 24.4400494472015 24.8659394118586 24.9312482806874 24.6720340632047
24.9601527246519 25.1186745235163 25.0494952972685 25.4229692771967 25.5616036840506 24.8219913968362 24.9180979154132 24.7969444059755 24.8681695395199 24.9750021687039 25.8996502758561 25.6641085732838 25.7596023119095 25.2300081268917 25.0530386515076 24.4167506946753 24.5575291707122 24.3073904934251 24.4144251613794 24.225451874283 24.7204988835794 24.3938886706539 24.3374280160595 24.540491784439 24.3863382620488 24.0358622846946 24.2987735082906 24.5555995279237 24.6185882213159 24.5277199590275 24.3249258925558 23.3191715917358 23.2900862068207 23.1473667038043 22.7398264665679 22.8649350131851 23.6643597811101 23.7148479436217 24.1287666114811 25.1240672852633 25.3202966925124 25.3939115777894 25.1883537333723 25.0370585402497 24.8525587549032 24.7884805401185 24.9983184095482 25.218838904513 25.0693194756749
25.07509134958 25.21931531077 24.9920341617999 25.0588455816819 25.0456792486341 24.6278869539036 24.6316592042975 24.6502937909305 24.7455797147512 24.9114673993506 25.4686399357133 25.5189706085796 25.4360232902081 25.0402147436624 25.1438046666207 24.7149003746054 24.790681905735 24.720766004323 25.0801706051316 24.4622283576107 24.7735045696228 24.3367501026642 23.9239820490363 23.9474959938989 23.4604318025851 23.2564889303398 23.3673475409513 23.8666042279899 23.9975207866516 24.497775853908 24.2735811113167 23.3633425414214 23.4246069173359 23.4372710787791 23.1422611340861 23.2250880172502 24.2951619816629 24.0664592508784 24.1587570636748 24.930785334583 25.5003460144929 25.451869291353 25.3339176845408 25.16114820131 24.9501498946152 24.2931361533076 24.5483193255701 24.9475396368754 25.0104472885159
25.1678307625569 25.0776757644965 25.0728807752984 24.4297451979713 24.2573044263133 24.0742784255382 24.0907626658779 23.9023958336046 24.3628659288399 24.4662873491655 24.9450902432082 25.1725651047751 25.2165113541864 24.9787955476459 25.4542718094228 24.9974767582208 25.1173615200156 25.0561686668362 25.5625886563027 24.9230675509819 25.3122947257896 24.7090262793716 24.0872549326205 23.8388968825018 23.5853148835099 23.2942287501146 23.2596935689846 23.9866279423819 24.0337677339088 23.8899243869799 23.735226174423 23.5770216943116 23.6085230245796 23.3614384105295 23.644962611414 23.7249094400685 24.0833063927129 23.9578993763573 24.297720351561 24.5515726540847 25.1426486687374 25.3333941741961 25.1280430842548 25.3174920066584 25.3270384834685 24.5615938073431 24.6270393448808 25.2304665610698 25.2824157029101
25.448331140818 25.1562299642609 25.2193069033961 24.5496766480758 24.0040045027269 23.8613884747867 24.0763431707333 23.8177218228962 24.3411623345207 24.6796113243492 25.1741509158268 25.5203401244006 25.3524457791495 24.7081575353353 24.9749173416013 24.5000661849042 24.3258201317475 24.5365880811517 25.3165103059146 24.8876157174506 25.206763739818 24.7080248053246 24.1661991159472 24.0161394348213 23.5957673995631 23.2914149868157 23.175998804866 23.8645082421779 23.6626910503408 23.6981196198617 23.4121472367988 23.5161602562819 23.3693158663335 23.1388253970349 23.3302533712345 23.640816302626 23.6813975120331 23.7092681299273 23.8921725381348 24.3428741954701 24.6238013065732 25.155971363914 24.4795508734985 24.9528040374175 24.7114967333359 24.4169076850409 23.9881214973461 24.9785990104308 25.0655130820122
25.3506213767223 24.7577314042402 24.5876861230434 24.05781840795 23.7310993871225 23.6769459507808 23.9491111576423 23.8434376281596 24.4253887115497 24.4813243099978 24.6413872605879 25.0563307318295 24.8178394495684 24.2668312811986 24.5759828505317 24.286384726688 24.1706481298979 24.5896436890497 25.2295128809995 25.028058317809 25.0259918033747 24.6366737054918 23.8510984688468 23.6059561731392 23.2885563354602 22.8649801437255 22.7112407312931 23.5673362229761 23.4145258181498 23.2894827104464 23.2169441153702 23.4274189490454 23.1953130605784 23.1091818369708 23.3286518581786 23.7016285061607 23.7090601277336 23.8462007937456 23.8752392892603 24.2315034133713 24.3854861059652 24.7725945798341 24.0365485229147 24.5928621771762 24.3956188731513 24.1699132963927 23.6881006267861 24.5930639387068 24.5949049267803
25.6450470096427 24.9289821641268 24.7570677206927 24.2274688898095 23.8629181302808 23.6703453003314 23.9879128619792 23.972413311326 24.5264262026255 24.6525669798303 24.5790201877121 24.9974217351889 24.6567773230704 24.1192784604712 24.2289188418182 24.0640209072118 23.9282106031694 24.4113275317639 24.9691549096225 24.6680989018472 24.6749563420264 24.3388393821871 23.6105503321035 23.1138813260487 23.0210336341172 22.8526468666374 22.6740143852956 23.4555576150324 23.5375253580361 23.5889170419976 23.5203953748007 23.7962368657101 23.5515791120571 23.4857132682118 23.6636245372614 23.8685282978667 23.6967670736941 23.9469568183825 24.0771786056994 24.222676281395 24.0116478611402 24.3366330694773 23.6867381129707 24.079912716962 23.8956394011431 23.7468143259705 23.502685387661 24.2512487608686 24.3361865937899
25.7208918790067 25.0626067265372 24.7025523982095 24.2534189312338 23.6601802128049 23.346898112579 23.6066373640225 23.8144269831644 24.4060880502269 24.3826734830953 24.5574708460532 24.6955390329786 24.4751150993722 23.9413869234597 24.0374719846277 23.8064963723621 23.7356015775052 23.8002644518067 24.0607665384609 23.9875150428089 23.9672852611181 23.6193061005502 23.144605393873 23.0824557137768 23.4388742869965 23.3383277285611 23.5471839356137 24.3041634241922 24.0926280771737 23.7677130224197 23.5819192278411 23.7281095072549 23.4564768898439 23.2780258696026 23.3558714566054 23.5550743570484 23.0017023101552 23.4666806407142 24.0109101594107 23.9648909580607 23.6745139875245 24.3373525613309 23.6023852826149 23.9043951175738 24.1949538834395 24.1938785095459 23.7273823450838 24.5102005935151 24.4842942385844
25.4574220133986 25.072930888025 24.6089504482579 24.3782085391257 23.8951919046687 23.7161621741472 23.7571348562229 24.0808693161603 24.4418704893474 24.2798710885694 24.2424373604167 24.2582973339732 23.9789522225821 23.5744249297737 23.7407121023321 23.652618582789 23.692115024034 23.848802689172 24.0482038810849 24.1079971992492 24.0806826466134 23.9386654817638 23.5183105279098 23.3359238921731 23.4022420337929 23.1338163263936 23.3162425553761 23.9017014452792 23.8471444154289 23.8800115471804 24.1027452883632 24.2493842429974 23.5887538998592 23.5553928464195 23.6385526999284 23.404185946234 23.0236645313036 23.7537977410405 23.9532980204705 23.740062532814 23.3380555037481 23.7232944959371 23.056895876815 23.4049384093771 23.8317504746746 24.0644551674123 23.60227689928 24.31562942999 24.308746412878
25.2526338605795 24.6514774220726 24.1392610551648 23.7883589326394 23.5413284922145 23.4042870912598 23.5811456262705 23.8165265634481 24.1293056228289 23.7534118791977 23.6782702725945 23.7462940047507 23.769833535417 23.8183728398388 24.1936342975028 24.0138037260942 24.0214365940545 23.8167578031356 23.5641369326438 23.595267717077 23.6198238647281 23.3077208460836 23.0402198598111 22.7542101402007 22.968713432938 22.6557929744207 23.1206741206924 23.6069661546559 23.9145018705481 23.9678742852809 24.2310997936585 24.4412817621678 23.8295068200911 23.6645504940478 23.7485286292273 23.5281602634862 22.9562497745416 23.6686793558474 23.8854247144828 23.3660327237415 23.1019250552878 23.5621168703794 23.2817777536914 23.5546969908351 24.0412949785733 24.0988938456579 23.7632141437257 24.179351432555 24.0672562567331
24.7796682801414 24.7265898316174 24.0642645780072 23.5230479998963 23.2189227592735 23.3595069252859 23.5908599421798 24.0354774068326 24.1092675705572 23.6667168820016 23.4453226497798 23.315542253945 23.2463279811758 23.4245720586444 23.7773045247467 23.7607287213595 23.5497874302798 23.4231742481002 23.2925510538611 23.3645571988976 23.5264990756674 23.4104675849422 23.5069391546415 23.0384145274959 23.4394398503766 23.2889163710034 23.6231401607251 23.7077811109664 24.0255780830518 23.9428898057884 23.9764988030722 24.1985996605323 23.51706201545 23.1984750481806 23.178394631996 22.8229903284353 22.2090910310524 22.8498744003019 23.4165101845519 23.0819165024564 22.9081824220306 23.3849668290879 23.4542986500113 23.4338952895213 23.7705533103488 23.9826638324244 23.7384480680079 23.8782140478204 23.8860246311581
24.0364112341083 24.1700268930575 23.5858410108155 23.23495173191 23.2729982872676 23.3006310433778 23.4869641951019 23.9661872394136 23.8246916421298 23.2931799060605 23.3988829851653 23.3123816029894 23.1761896824629 23.5087190190681 23.9242524565947 24.0025428471689 23.7238576380922 23.3779807328264 23.0357376032474 23.2633653071208 23.3667653474595 23.3288099512791 23.4766884752828 23.3636794018017 23.4434052106792 23.2333600501152 23.685355612357 23.701518940497 23.8377167203909 23.774413829382 23.6251590873209 23.5702619583138 23.1262245864235 22.7401957312701 22.7090631600874 22.4458884404444 22.2543632598126 22.6455172330663 23.0905193827732 22.5799669603687 22.4727799128028 22.5542548800912 22.7458389550993 22.8027339602999 23.5859511068129 23.8039190564888 23.6720427062095 23.694446538038 23.6818528248388
23.8475238055287 23.9515276902738 23.3714036093367 23.126955908258 23.1884269035018 23.3820208518501 23.1264238775131 23.5725367666164 23.3003985041789 22.8930512602944 22.8714816813454 23.434421106349 23.272518429515 23.7195711475415 23.9133810966953 23.9817949616657 23.5494908187148 23.1498776646905 22.8576859821848 23.2007044643303 23.1759497191196 23.0442648816526 23.2743379689198 22.991893394038 22.9656698024534 23.0356822261742 23.2860986209727 23.0695467120167 23.104992150057 23.1764814072714 22.8676702560815 23.0960619033177 22.6314120979821 22.4853750278632 21.8878316212843 21.803785903581 21.7725502936918 22.2737025537375 22.4565390907248 22.4626210004668 22.1331387679251 22.0604973605472 22.1833534109107 22.3837285850096 22.9227094743438 23.47651503413 23.4102286134401 23.5180746296037 -9999
22.7712034651267 23.1688999738539 23.0695622673407 22.9008024214055 23.0353187721511 23.110065994735 22.8312865058134 23.0023650730378 22.8587772835229 22.4838816885663 22.7113953904059 23.6234071017966 23.6556698747869 23.6893912580819 24.0073542654673 23.7718010120681 23.0258350736728 22.5600850212185 22.4495694117773 22.5180915694662 22.5670581991409 22.2233085855617 22.3698686825579 22.1849978882052 22.4748860598253 22.4295607372041 22.8044517545567 22.5034115084762 22.1816169639961 21.9462940696976 21.3609005441309 21.4977545795437 21.278428354892 21.6000074399576 21.0692391109406 21.525990222356 21.2776152828367 21.6680986662608 21.6812498553964 21.789906221513 21.5603756476653 21.8490586550348 22.1968891284662 22.5027272036741 22.8809488219344 23.3479982379761 23.2839276744214 23.2153777200032 23.1090884240007
