output/BIMAC_interpolation.asc
NCOLS 360 
NROWS 172 
XLLCORNER -180 
YLLCORNER -82 
CELLSIZE 1 
NODATA_value -9999 
[rows 66 to 87 of 172, columns 0 to 48 of 360]
22.7560513639454 22.127658622851 20.9946859555995 20.7639365525157 20.6933452440569 22.1164409053534 21.9540291590081 22.4418751048982 22.2694023377977 22.4522145751526 21.8684055669764 21.8644717124981 21.8260292013572 22.9401692855735 22.794279871051 23.780390548426 23.1078989266464 23.3745861167306 22.3040841503958 22.3210518517411 21.8174185535528 22.1594347857075 22.4734641085903 22.1081900087211 21.4652700036909 20.3361121871504 20.6856512805016 20.2674444987558 20.4457507083896 19.3514083552956 20.1726681561967 19.9400834837905 20.684777480528 20.1391786544233 20.0921935121287 19.8448777107264 19.1489796272275 19.2833040408278 19.9411737583278 20.1776998261275 21.2140910762577 20.5542474165951 21.4571698333049 20.7198982169207 20.7928717146955 18.7666038270535 18.4989051875304 17.326103768746 18.0066139861614
21.9314572099284 21.700999296349 21.4223507720945 21.678100468854 22.2147625981332 22.8563207764091 22.8812847004652 22.6421039522686 22.896014591618 22.8847033985394 23.0293375248603 22.8851225476909 23.240872023004 23.2641641400164 23.2372473877275 23.2257280795781 23.1828100110738 23.4443733416797 22.9636764560455 22.8072263505495 22.3431008762088 22.6223461254728 23.3022889799199 23.610502433156 23.0552230231074 22.061650630208 21.6881955487305 21.2992217356285 21.0691019674275 20.3245310169982 20.6162853454326 20.2382817573528 21.1512139085263 20.7902818962803 20.6475927273221 20.0573500359505 18.4679610630526 18.5577320022535 18.5457281915209 19.9855920770601 20.8202604311002 21.0225178712264 22.1024824937421 22.2142663754542 21.611963882647 20.1580983293112 18.8720028954468 18.3392264479475 18.5594128331932
21.3302903359894 21.4260716807194 20.831078289636 21.4197586364875 21.831975806739 22.3007134636397 23.1321508070682 22.9130704542451 22.7733299684332 22.6127333698927 22.6763403720267 23.2063086818246 23.2965216894135 23.2935343525619 23.3018836235304 23.0538377793046 23.2423764486956 23.5908326712961 23.1653707238107 22.9898857782428 22.5171943743627 22.913864314333 23.6634204874112 23.8249686349077 23.214322633203 22.2600652979508 22.3701369575792 21.7737598418094 21.7903578542315 20.5250509025754 21.0938322477475 20.2804219847158 20.9072790239051 20.1530705903207 20.0452595916538 20.018682038446 19.1160427069412 19.7628915800062 19.703770388646 20.8439141913094 20.9879850855183 20.5282259759344 21.3647522970579 20.821714982474 21.2234477369029 20.1696078547651 19.5885476402287 18.7726027231663 18.452651693807
20.6404622469252 20.6323964455838 20.669014613114 20.8554257778691 22.0099439961021 22.4231270973493 23.3974875950451 22.6512345037613 22.7367637890126 22.9341754399165 23.5310425873255 24.1516677942043 24.0668508064644 24.2000182186591 23.9826992044461 23.6525382605975 23.6084257478249 23.8562295234021 23.8767941462449 23.5350215069278 23.1952965891602 23.0333947768586 23.4243562558484 23.5059223667721 23.3001764427172 22.8614387398976 23.1226415358101 22.608290814288 23.0583017440547 21.9137141544452 21.9584020520113 20.8237981672814 21.0686305038869 20.8549638636307 20.5427510349741 20.5893194593784 19.7891444270857 20.5249590487582 20.4182334231771 21.5691403361701 21.4618173336705 21.2492942157339 21.8280217885123 20.812806510427 20.8513854462771 19.8089854632219 19.7998867040934 20.2783520055255 20.1205913651619
20.9244321624155 21.0698407004794 22.1355777505478 21.8799321329375 22.3108900203248 22.4905442373442 23.0552192601138 22.655235452169 22.3002595803401 22.455011175281 23.0250296919794 23.5731272413034 23.3698129910863 23.8474651348249 23.4551271894796 24.1128275651896 23.8164509962876 24.1741699476904 23.5289258340519 23.1103409369532 22.6584661981005 22.5957603207761 22.8423672465185 22.8233926730797 -9999 22.681242463375 23.2064510940574 22.6040006257745 22.9241584596817 21.7162969887827 22.1673729719954 21.1474713492882 21.2478352104679 20.5630333344563 20.5710943359109 20.7626438909264 20.8792582383698 21.0432865843562 21.3407322963585 21.5876647519092 21.6196296358679 21.289452243007 21.5600248286162 20.4572072277346 20.5039909358307 19.5259988626717 19.9682517898244 20.4151248104227 20.6793876022585
21.608762597698 21.9877658812833 22.8639909697752 22.5767153272707 22.3833343033078 23.0791391398549 23.1933071559719 23.4160710316206 23.0285728568222 23.3494838074497 23.7917686514956 23.5426207431763 23.4423248993983 23.1587954847229 23.3618488142215 23.3831734761927 23.783474098914 23.1531467249412 23.3516374662315 22.3222978428981 22.7622915207354 22.6759534393167 23.0273561647782 23.3652484386722 22.8518132877983 23.330288886986 23.0201339673086 23.1303824446453 22.8344669123598 22.2447757746215 22.2317307900377 21.6124019867112 21.5088325709624 20.9510776123657 21.2425493861565 21.2157109823779 21.3579395269451 21.03591078441 21.5158076940878 21.6205657945762 22.129425548951 21.6945916948485 22.0470314273837 20.8917343542408 20.914485712044 19.5784971388757 19.9941663651635 20.1658050037451 20.8114923566373
23.4636204625632 23.8022430577895 24.2807280761752 24.1978359337068 23.539873206627 23.8758344392897 23.6184427773029 23.5898934806634 22.9384140386564 22.7609476360521 23.0851259814375 22.8952943442934 23.0698657444196 22.6840468711452 22.9592389722535 22.6682898495734 23.4843454795356 22.6245755315349 23.2892383630575 21.9349267597815 23.0018666311037 22.5471385531338 23.4455557122824 23.3669053851587 23.3964737420422 23.4603545577576 23.2419775029189 23.1387074689088 22.902661273431 22.5568647120799 22.5606087174309 22.4433072686475 22.1536263257882 21.9132603120772 21.7290297432281 22.203540425635 21.8897531789511 21.9596546718662 21.7777266906244 22.3700556347602 22.3659994744941 22.2711482564081 21.936744342239 21.7021266910382 21.6750502666226 21.0044338651519 21.0430655273913 20.5127109654851 21.176698034214
24.2736788045375 24.138633374056 24.6726091228783 24.2342900099581 24.2915877115445 24.2203686403594 24.1900107463922 23.9427731707371 23.4334859181893 23.0702777508845 22.9690268073483 22.6552840172126 23.0110213776903 22.6013649966291 23.0958061158584 22.2631427453971 23.0564154482439 22.3503391521701 23.282856029215 22.3265427353205 23.4835636618441 23.1374238397644 24.1752503075753 23.615100626698 23.6824682067107 23.1918181541647 23.1834369369817 22.9205344169253 23.0917422135814 22.7086508275552 22.995753049035 22.7820287249543 22.6176333887517 22.6921917241694 22.3562584188954 23.0118480789489 22.213832220544 22.8142267277099 22.0356792151074 22.8206019465035 21.9440313161794 22.128844565354 21.3141145074119 21.7310651117379 21.6317465115338 21.4972112223909 21.5267486727247 21.5190909252506 21.9020752423454
25.0609131282582 24.6746306671524 25.461774509847 24.6254722811776 25.0553251203348 24.3905858704655 24.6771800715118 24.0321959728709 23.8478802616438 23.4535869257965 23.4823042452703 23.4141592517469 23.4393842860794 23.3836650253088 23.4638371970988 23.3643662214472 23.6685878472454 23.5915641400928 24.0057614137928 23.696456881007 24.1733553972098 23.741480724772 24.4357062238992 23.5089212297384 23.9850304505183 22.8323451671511 23.6066982427847 22.7022630646848 23.6745554803031 22.6651499462271 23.3674713154727 22.5249125862721 23.0929454590004 22.7955833284526 22.7942547524287 22.8979374496275 22.5457805555304 22.9284534521424 22.2654596955852 22.8492604111806 22.0721602313394 22.7853037606738 22.0062054917022 23.1732741046457 22.7254257482334 23.4042337612234 22.7738531623109 23.0566182533082 22.7240916205225
24.1331392260983 23.7736998739898 24.5680171331797 23.8059344320076 24.4889560520157 23.9118491031834 24.3244694607921 23.8062367624094 23.8103496915166 23.8160804252453 23.7219709546443 24.0487537780059 23.6754513952693 24.1128296892099 23.8525210660697 24.2896099411974 24.0410070296973 24.2351758375543 24.067501298678 24.0978210861034 23.9249471922957 23.8765490302328 24.1140143026385 23.7213372231432 24.0197313125434 23.2793257650057 23.8341586746898 22.9433987265015 23.5886991325956 22.4824382176534 23.1821202638662 22.0123662122085 22.7194185942935 22.0639932797302 22.6013018380531 22.244298689893 22.5857079142672 22.4358164555944 22.5022076428377 22.2534420582263 22.3027229898999 22.2365498961389 22.280391619769 22.4281554561429 22.52088330686 22.5023648618694 22.4525689090858 22.5517205901605 22.3815656497148
24.2767725673737 24.1234299435734 24.3003936137302 24.0973603023958 24.6219273155143 24.4944805722631 25.0047598656496 24.6893693094882 24.8542547895198 24.7984154670932 24.7645833851761 24.8254963760248 24.4298427829108 24.6020565529225 24.5269114752958 24.7374467781875 24.6498220578633 24.484144797962 24.4564774641557 24.2564016259051 24.0967798158252 24.1026168725208 24.2465354835007 24.2065111137279 24.2395031288825 23.7773838384874 24.0607720548198 23.4083862344444 23.8994092621313 23.1386203173068 23.5987280664483 22.698145439164 22.9565103626173 22.4007534560422 22.8072802980679 22.6040825832577 23.0474399122495 22.4920102825753 22.5665448703856 21.9000532584754 22.3547143512473 22.1807040528501 22.6583681632686 22.5130547747051 23.0929887930536 22.9290700176218 23.2848078104241 22.6218516244838 22.7611676338783
24.4509581723648 24.3223138068229 24.5612293573512 24.5484210796556 24.9513078037248 25.0252942519636 25.2992292555923 25.1711931989796 25.2334692392242 25.112229987651 24.8242772781229 24.7436347794646 24.2256730730635 24.5535965452016 24.3013882202735 24.6826025619189 24.44897362512 24.4044004982383 24.2844412937559 24.1157288336638 24.1534956058945 24.1787025817402 24.3306131130225 24.2432675256819 24.1742281815037 23.97784998392 24.0951480124813 23.6345716760028 23.9280381764173 23.4908085060701 23.8589408086799 23.1437462557342 23.2025724530841 22.8132225049936 23.0366092432922 22.7089413930142 22.831228852423 22.4766632937536 22.6439878912126 22.2604064397808 22.697713366818 22.6118878571352 23.1280462542292 22.8126733069802 23.2277487151643 22.8646638855285 23.316718708599 22.7987238400477 23.1645738763727
25.1885310624405 24.9878218767158 25.4586202366878 25.2398126715226 25.8065924263573 25.5936733869218 26.1154801753189 25.8116486693556 26.0592110540833 25.4956603366051 25.3579114270092 24.8345620508058 24.7155418862306 24.710103048613 24.7049735208457 24.6999849774857 24.59696478604 24.6774668971844 24.7752779853259 24.6385527175628 24.6626510586977 24.515957173639 24.5094008003564 24.1943297457776 24.1751757291259 23.860003026538 23.9988964990109 23.5173722784293 24.0036962637959 23.6729914777537 24.1109096320918 23.5659228579092 23.898147471832 23.3031468756031 23.6293026511965 22.9957946769079 23.5540947509444 23.166379320995 23.2888365773952 22.7936049234585 22.9409632752978 23.2070853619648 23.1852086188944 23.1695637693415 22.8849072124084 23.2429056238079 23.2003353256427 23.4234419712651 23.5548938516619
25.7655419971713 25.601170551916 26.1454472570159 25.8410234756674 26.1992417421507 25.8849692959575 25.9433049307547 25.3894434060273 25.3234462911802 24.7862934770488 24.7987336017914 24.4736848588075 24.5174123449944 24.3929974992075 24.4753252143719 24.4474179217213 24.7173841627435 25.0919199374866 24.9461426653995 24.5664032474505 24.0878898782934 23.9407578874377 23.9051556723362 24.0620727736299 24.3677612642997 24.1697851255544 24.0566375305581 23.5908992065948 24.069738660883 23.687898776826 24.3218319992259 23.9124578813729 24.6964435561736 23.9588894611563 24.4544193715603 23.4640738156054 24.2004737442176 23.7866571276063 24.2171783729213 23.7875655952192 23.9984720059913 23.7089214420818 23.5621029346371 22.9756138106841 23.0310062317534 22.8533705691803 23.1927413825881 23.1590670787945 23.5908799575777
26.330446323122 26.0155463671976 26.2323211334511 25.5747884159952 26.0468733673084 25.8628600059289 26.2205277273586 25.592659887595 25.6350401921657 24.8594921443651 24.8690837438375 24.3524040976673 24.942491248979 24.790815350942 25.1378747721145 24.8451714330209 25.2509611759225 25.6367919740203 25.6243068230435 25.3377136491738 24.7527553989524 24.5316570286694 24.4595318426165 24.5578931168778 25.0048023667257 24.6666042209168 24.5987301137754 23.95007259252 24.3544201650899 23.8600496486461 24.3747829003534 24.0451025111003 24.714494187899 24.2193182310986 24.6200341878752 23.8301779354764 24.4957099992937 23.7790334009106 24.193722001803 23.1596495008443 23.6053448058023 22.6547199899477 23.0088939110712 22.0125548758591 22.8360977448111 22.1835066769587 23.2352849164524 22.6081983355865 23.7065804683831
26.8276006626526 26.6302254108451 26.6080479108046 26.2239608733681 26.1672154555278 26.4350990129686 26.1205336281609 26.0820517526256 25.5120677965439 25.4294652392637 24.8563222767471 24.8535277678752 24.7976804896969 25.0599480363169 25.0233390241018 25.2075842612104 25.389983714457 25.9536735989589 25.5924976065522 25.5629343130996 24.7277117712456 24.8885159369847 24.7127399282343 25.2473188323282 25.4563413337639 25.4211062056863 25.2673341953436 24.9474047761662 25.169400136585 24.819657760857 25.1611414931101 24.9745651592041 25.3772650667484 25.1365408597099 25.2234160286465 24.8025611474507 24.8800275449621 24.4731089309935 24.7268864116893 24.2626862209137 24.5589942084363 23.6992276187308 24.0523495290103 23.3564805693631 24.3463405191255 23.6144690439631 24.5818074172607 23.6946821476135 24.5264768829884
26.0363253538649 26.2253745574019 25.2230436049334 25.6972277161702 24.7832330372436 25.9314722192129 24.9657349213555 25.9495634655423 24.6783604065986 25.4520357038307 23.981011879142 24.8214568685085 23.9777539442328 25.3016967121161 24.4426047339344 25.461389734559 24.675004030892 25.6948570624277 25.0836426970496 25.9120189326813 25.3694282761535 25.9464069542112 25.635595587694 25.9800740389538 25.9814489360834 26.1447480683734 26.2083622860694 25.9966063444379 26.0090975106394 25.6773231767123 25.6422238603742 25.3487789853702 25.4371422088498 25.3764620477566 25.5052252211264 25.340045857991 25.4357160232775 25.0091261014558 25.1715697304301 24.5883661536332 24.918073373965 24.3456497569777 24.6890317484737 24.1393863745567 24.5301145705801 24.0867493171435 24.649880086891 24.1753620422884 24.7306525192327
26.1653469639917 26.6093001486222 25.6392412270454 26.5449902384735 25.3509728156044 26.4202758170636 25.0796993714362 26.1254157073144 24.7555247440965 25.9267486212176 24.6371486457373 25.6895689251619 24.3551989796836 25.422230314459 24.2980171728917 25.1442613339994 24.2285253868875 24.8814031269777 24.3323489999602 24.8432518903746 24.5664197856425 24.9265595815564 24.8728595077864 25.0117475277125 25.1738653194632 25.1992163696848 25.5422585197564 25.2921601493793 25.6432128227019 25.2494953770124 25.6251770530122 25.152685466349 25.6005973637088 25.172112105146 25.6189130656844 25.2069350638727 25.6671638292454 25.1324616941357 25.4763162528967 24.793589154409 25.2289982756554 24.6423846253577 25.1155970497773 24.5709080926141 25.0173167863628 24.4194715408284 24.9852636356272 24.5828495745248 25.2761841693121
26.126212678436 26.5005124718526 25.6644085473385 26.4159542102781 25.5958039824653 26.4419524508161 25.5066526271643 26.2798571370788 25.1720364263798 26.0310312206246 24.9697068025512 25.9130829222852 24.8356719482165 25.6334555373877 24.7707305534527 25.3993027663344 24.7259077992294 24.9081090702097 24.4284119416422 24.47253571463 24.4149690330292 24.4960246904931 24.7117187379743 24.6321232535655 25.0599650767369 24.7598642305115 25.3395973036633 24.8513498071088 25.4065217862889 24.8092493295604 25.2911442798173 24.6865321216754 25.0209897948932 24.4479531649832 24.7495544516956 24.1760607387462 24.5694942295946 23.9692561208093 24.2524538243372 23.2757763612781 23.6825974172314 23.2973809852363 23.9506264744164 23.4750550160917 23.5101121485267 23.0492533855866 23.1518844675504 22.9354627591741 23.2603038303769
27.0755284209686 26.9349763978045 27.2031075803905 26.9160126556442 27.1943936873377 26.9582257470528 27.1157333796885 26.6968327954482 26.6481707573686 26.3310623882972 26.387940014131 26.1783106471343 26.1592334687129 25.6828673908972 25.6599160136541 25.4514010008861 25.7148935597212 25.1982896063131 25.0626319723442 24.4357202386236 24.5714745515615 24.039815416556 24.1403290077243 23.4495338142791 24.3054492695252 23.9337952614401 24.7957387544274 24.097642083505 25.0481194695201 24.6699460160025 25.4324154385581 24.548399359258 25.0332330262029 23.799370818526 24.375344058369 23.2031441561592 24.0572827886805 22.9411301104883 23.7606321860176 22.2769527911041 23.2229516305643 22.3274273185292 23.923311068338 22.9544334804173 23.8232632954445 22.8102178470597 23.5222344533803 23.0209876882735 23.5534818787743
26.1827769439853 26.060303055014 26.6024891947692 26.2904767731529 26.5679173363636 26.5590289174835 26.657683492278 26.3151212477835 26.1517152438413 26.0377939467285 25.9524969999966 25.8137727412507 26.0961687443424 26.2059089326545 25.8717542232492 25.8718505749479 25.6719007947706 25.6947130742984 25.1332066719451 24.9552767451915 25.0659138601407 24.7710468897138 24.7146604808118 24.3736346414256 25.1168909563227 24.8785965603735 25.2833213085307 25.2081246071198 25.7141604420532 25.7791004994481 25.1839713214547 24.6740425271092 23.8581410010395 23.0549231981098 22.7871560504749 22.1964984219073 22.4763959946892 21.947343792782 22.2020582850282 21.3672300541688 21.9247204868233 21.6238717022195 22.7993478770689 22.1448250819187 22.7818891468927 22.1665971205826 22.813109961103 22.3812302061724 22.8425789373213
25.2341913556065 25.5572986980541 25.6613666663247 25.9574679996366 25.4724811938856 25.9003715157029 25.484640907935 25.5195125003132 25.321985121058 25.1503538102183 25.4453346863036 25.3484114498155 26.3474995488814 25.7282510608331 25.48837122015 24.7308456995347 25.1182851269112 24.9105048368655 25.0028075868117 24.7130366895693 25.1372244453966 24.5503236455471 24.606572940663 23.9419256237588 24.7028294828967 24.3474294839191 24.9254389031939 24.6997099174563 25.2249776684864 25.070896048007 24.6683960225518 24.1671729459354 23.6372557639414 22.9601640780191 22.9400781949214 22.5690926631492 22.9627235814266 22.7213058161748 23.0964385485238 22.6086089081057 23.1870134810442 22.7265548558642 23.9405830950519 23.2222190322736 24.4988088930329 23.6492430031296 24.8791292900898 24.1163486312837 25.0576157615525
