output/BIMAC_IDW_prior.asc
NCOLS 360 
NROWS 172 
XLLCORNER -180 
YLLCORNER -82 
CELLSIZE 1 
NODATA_value -9999 
[rows 75 to 99 of 172, columns 280 to 335 of 360]
-9999 -9999 -9999 -9999 -9999 -9999 -9999 -9999 -9999 26.2364387735691 25.9647434171944 26.3542870205408 26.8 27.0470581289962 27.3804269444577 27.5611801336495 28 27.728340347277 27.6334082774236 27.6120305108125 -9999 -9999 27.1222086148318 27.1902544558875 27.5 27.3573970323977 26.6805908181295 26.9509825119701 27.6 27.7633634483861 27.7741123948955 27.7165457554327 27.8092754458145 27.6818516321506 27.8468890693428 27.7 27.9099630626189 28 27.8976301826617 27.9320246043341 28.0638756990808 28.0343145750508 28.2 27.2999923328587 27.2999923328587 27.1499961664294 27 27.2114734025704 27.3514718625761 27.6 27.5585786437627 27.5514718625761 27.5 27 27 27
-9999 -9999 -9999 -9999 -9999 -9999 -9999 -9999 -9999 26.8 26.6883872449791 26.8443601867535 26.9057705526487 27.1945833697162 27.4347551774767 27.7188725255671 27.8666894383969 27.8 27.9269889138412 27.8921447298278 27.8 27.5282532619844 -9999 -9999 27.3737505242025 27.55 27.5572949016875 27.8338103233781 27.8483461763536 27.9022389175919 27.9207149131819 28.0555899243207 27.9869450933332 28.0752506085615 28.1 28.0132255996133 27.9897568565281 28.2 28.0691144599681 28.2 28.1592532070864 28.2387425886723 28.2 27.8579707098902 27.7490944512182 27.6492471769289 27.6 27.6 27.6 27.5738796125036 27.5612574113277 27.5472135955 27.5414213562373 27.5 27.2678178145697 27.1783202215689
27.6876391976735 27.6876391976735 -9999 -9999 -9999 -9999 -9999 -9999 -9999 27.0483727171733 27.3035533905933 27.0146358187853 27.156056154487 27.7 27.6082420115463 27.7814476957596 27.7987127135783 27.887369881145 27.8811168793922 27.827623669851 27.8 27.6408358383529 -9999 27.4614359027525 -9999 27.7333437299969 28.0721359549996 28.1 28.1857864376269 28.1670730095272 28.1867109118729 28.2600505063388 28.3267018306343 28.1468564716807 28.1255559034968 28.0741627021033 28.1374262119663 28.1570736636261 28.2184689794151 28.2359982409612 28.3208484531822 28.2924950591148 28.2527864045 28.266654984177 28.266654984177 28.266654984177 27.6 27.6 27.5759746926648 27.6 27.6633634483861 27.6494082632636 27.5320377241017 27.5 27.5 27.4161718927552
27.7501735516986 27.7126529392835 27.7084839823485 -9999 -9999 -9999 -9999 -9999 -9999 27.4333333333333 27.5437902832995 27.3782378053521 27.5242181837277 27.5761523934935 27.7200102978532 27.7614883582798 27.8124321731718 27.8151918055123 27.778642793267 27.8 27.7567651689514 27.6899983419091 -9999 27.6131592498947 -9999 28.0310886782391 28.6 28.2125741132772 28.35 28.6 28.5690983005625 28.5414213562373 28.3696025195147 28.2771493758853 28.1652457656701 28.1 28.1887613516364 28.2920930028399 28.3298248538888 28.3693980625181 28.3615611400546 28.3571428445144 28.317756156115 28.2804669419685 28.266654984177 28.266654984177 27.9519031965674 27.6 27.7282636542902 27.7121233735244 27.6906163678644 27.5 27.667153730842 27.5 27.5 27.7344471764785
27.8960816696781 27.7881978264164 27.7589906178802 27.747447866053 -9999 -9999 -9999 27.3333932943752 27.3699231819268 27.4333333333333 27.4333333333333 27.5971156294409 27.4333333333333 27.6706233265853 27.7395896548528 27.65 27.7817234169359 27.806371012318 27.7230249470758 -9999 27.758062544205 27.7221484355203 27.6934496024774 27.7368843567702 27.9184625808346 28.1745155975006 28.6 28.6 28.5690983005625 28.5982746870399 28.5919446498257 28.5791575452415 28.5 28.3209025639016 28.2574530325331 28.3 28.3036018189459 28.3729713182384 28.6 28.4 28.3 28.4206791332893 28.3907530009019 28.4491477122563 28.4474020562223 28.4160192253357 28.266654984177 28.0062351432817 27.7955184500145 27.829425155194 27.8456873766823 27.7573593128807 27.771198120706 27.7899494936612 28 28.5
28.0081816628398 27.8647067938749 27.8152011256241 27.7839698112438 27.7556260129853 -9999 27.4777976406237 27.411832319324 27.4120729902155 27.4333333333333 27.4333333333333 27.6148844420469 27.6378782807898 27.7358128681281 28.0000125023567 27.7715322994208 27.7949799254763 27.7994731832374 -9999 27.7747290568295 27.7542953762678 27.7358765174801 27.7388040690518 27.8209301691855 27.9968152737678 -9999 28.4385350051876 28.55 28.6208250985248 28.6044344783268 28.6057325407742 28.5910695951718 28.5256443569297 28.3468942955658 28.3 28.3272520960627 28.3398089786812 28.3819537163414 28.4938624964295 28.4872278421039 28.5063553964889 28.5247017002468 28.5669708780421 28.4930232663514 28.266654984177 28.4717745598799 28.4668662850041 28.2333274920885 28.1720759220056 28.0609949912439 28.2 27.9666666666667 27.8695048315003 28.0640754482034 28.5 28.5
28.0387711438863 27.9055804322664 27.8539485610636 27.8094141252419 27.7568237322027 27.6706494350985 27.5547714998378 27.4778957171304 27.4526803623867 27.4643000676224 27.4333333333333 27.6680595306571 27.7008829439786 27.7498756912942 27.8018293426299 27.8550325768804 27.8250062511784 27.815253487062 27.823250477312 27.8324326352463 27.8423969084505 27.8614899681208 27.8948218977847 -9999 -9999 -9999 28.5 28.6242640687119 28.6127381351466 28.6203002067753 28.6395197355872 28.6324555320337 28.7050434059984 28.654556513065 28.4817214943491 28.22 28.3383354209084 28.5227967185865 28.5393208263897 28.576835586614 28.6109426712269 28.6043869364584 28.6322321308367 28.6430573341781 28.5784723337927 28.5776240588482 28.5583959833011 28.4854954096391 28.45 28.4071067811866 28.201274418071 28.1594283346162 28.0828427124746 28.3757359312881 28.5 28.5
28.1014084430493 27.9599298708023 27.8867501358081 27.829346883436 27.7594761607779 27.6792038563347 27.5934459736971 27.5222578755173 27.4855555428986 27.4831126843225 27.5135202278019 27.4333333333333 27.7250136564607 27.7652863050329 27.8644085982671 27.8505393191193 27.8347590152947 27.8659686249502 27.9050164581005 27.9631026890192 28.0259151328392 28.0847837835033 28.1479579179852 28.265201061841 -9999 -9999 -9999 28.7285714285714 28.6696449579582 28.5 28.8 28.7360293492253 28.7592064399737 28.8479588864186 28.7686291501015 28.7117749006091 28.4499964021281 28.6678244436723 28.6247508216479 28.6165173246947 28.8 28.6868740409248 28.6797203412453 28.7 28.7500078219741 28.6839465523995 28.6843890115961 28.721355889538 28.5333333333333 28.5454915028125 28.4928932188135 28.45 28.4573124858589 28.5 28.5 28.5
-9999 -9999 27.8954072337752 27.8310817516498 27.764586253109 27.6952621065029 27.6232844628605 27.5607606923456 27.5198060062061 27.5082474879118 27.5305323169533 27.5879734787033 27.7147889830316 28.0000125023567 28.0000125023567 28.0000125023567 -9999 -9999 28.0840755355582 28.2021367001459 28.336477829936 28.4170510125972 28.4767381732721 28.5474912676829 -9999 -9999 28.7949747468306 28.7729595059252 28.7233926239551 28.6887301627792 28.7420443323557 28.8 28.8797414930839 29.0279240779944 29.1 28.8792376028903 28.8071025660174 28.6186127488126 28.6388451052008 28.6521846634573 28.6764322060545 28.8 28.7020004137557 28.7 28.7191199013556 28.76273064498 28.8311202315546 28.8671396326288 28.7 28.7 28.575 28.5062870566386 28.602633403899 28.5 28.5 28.5
-9999 -9999 -9999 27.8130195151674 27.7619095750043 27.705565776252 27.6463972519478 27.5914497132843 27.551983512548 27.5380408402547 27.5551314213382 27.6048833059001 27.6891312789046 27.7874959365913 27.852824948773 -9999 -9999 -9999 -9999 28.5274535343366 28.9 28.9 28.9 28.8 28.8828427124746 28.8944271909999 28.9225148226554 28.8550252531694 28.8048129211774 28.7565719305455 28.8182126349116 28.8337754442508 29.0216388375109 29.1 28.9798717345244 28.8639286251308 28.7601837301173 28.6980358258303 28.7154169855728 28.6807656099038 28.4666662149774 28.6607108143795 28.707680851009 28.719306298243 28.822535596892 28.8859790364376 28.8959825779478 28.9333333333333 28.8716114140854 28.7 28.7 28.7 28.7 28.5 28.5 28.5
28.5882737594778 -9999 -9999 27.8169386600311 27.7598197709561 27.7128489576115 27.6638737665197 27.6157201606204 27.5789833362437 27.5643126444126 27.5776752821754 27.6188877471105 27.679447221367 27.7447549850583 -9999 -9999 -9999 -9999 -9999 28.9 28.9 28.9 28.8585786437627 28.8441518440112 28.8640754482034 28.8666666666667 28.9171572875254 29 28.864400939647 28.8 28.8513167019495 28.9757359312881 29.1 29.1 28.9398090741389 28.8360641791254 28.8640761623125 28.5999928042562 28.7254053289921 28.7039298186096 28.5499958924008 28.7 28.69008056929 28.7587714028431 28.8722277788178 29 29.05 28.9773459080339 28.9271497027903 28.8549703546891 28.7 28.8888543819998 29.1 29.1 28.8079002116969 28.7920997883031
28.6689471134294 -9999 -9999 27.8337273763409 27.76166741885 27.719786752818 27.6786077839592 27.6358331527653 27.6037419129458 27.5892321115534 27.5985758985386 27.627254719808 27.6680902035901 -9999 -9999 -9999 -9999 -9999 28.9 28.9 28.9 28.9 28.8679622758983 28.8472135955 28.8581138830084 28.8 28.8828427124746 28.9333333333333 28.9359245517966 29 29 29.1 29.1 29.1 28.8928902382388 28.9847428013998 28.9099363014519 28.8717620488059 28.8698608923696 28.7870260820219 28.7141099492431 28.7157901848857 28.6906011868997 28.8172212290998 28.9240380939499 29.05 29.1 29.0690983005625 28.9603796100281 28.9 28.9111456180002 29.1 29.1 29.1 29.1 29.0585786437627
28.6959344318157 28.5276453479297 -9999 -9999 27.7696555917198 27.7220433681501 27.6878185097478 27.6524919716978 27.624033079107 27.6095558619355 27.6107964720001 -9999 -9999 -9999 -9999 -9999 -9999 -9999 28.9 28.9 28.9 28.9 28.8759746926648 28.8527864045 28.8320377241017 28.8522407749928 28.8774851773446 28.9055728090001 -9999 29 28.9877842128581 29.0257175206488 29.1 29.1 29.1 28.9882213956075 29.022287838631 29.1333309347521 29.4 28.9673810451957 28.9036791576603 28.8640469775087 28.6337704204024 28.9272542485937 29.05 29.0585786437627 29.0690983005625 29.0666666666667 29.1 29.1 29.1 29.1 29.1 29.1 29.1 29.0754299974139
-9999 -9999 28.2658900909666 -9999 27.8011173782996 27.7430992281831 27.6999015075829 27.6682869377413 27.6417475402602 -9999 -9999 -9999 -9999 -9999 -9999 -9999 -9999 -9999 28.9 28.9 28.9 28.9 28.9 28.8558481559888 28.8414213562373 28.8 28.8828427124746 -9999 -9999 28.9704009175549 28.9965260316565 29.019876510652 29.0477431319192 29.0687018347218 29.1114829873355 29.4 29.0686261695269 29.1436959018338 29.2484924283006 29.2172144846906 29.0839290224397 29.0446373964016 29.0695048315003 29.0777136556823 29.0527864045 29.0572949016875 29.0612574113277 29.1 29.1 29.1 29.1 29.1 29.1 29.1 29.1 29.0808295815086
-9999 -9999 -9999 -9999 27.8040075933089 27.7531154649001 27.7133000909417 27.6864517751856 27.663454706162 -9999 -9999 -9999 -9999 -9999 -9999 -9999 -9999 -9999 28.9 28.9 -9999 28.9 -9999 -9999 -9999 28.8 28.8 28.8677374601103 -9999 28.970970009906 28.9987777202949 29.0218691327744 29.0449375455334 29.0724204468859 29.1228078932472 29.2035346031568 29.4 29.4 29.4 29.4 29.4 29.4 29.4 29.4 29.1559930284571 29.1 29.1 29.1 29.0888603379864 29.1 29.1 29.1 29.1 29.1 29.1 29.1
-9999 -9999 -9999 -9999 -9999 27.7467783407355 27.7189928154525 27.6999330109354 27.6834126759155 -9999 -9999 -9999 -9999 -9999 -9999 -9999 -9999 -9999 28.9 28.899750824528 28.9 28.9 28.9 28.8753817893824 28.8570585195138 28.8390765735678 28.8419853822167 -9999 28.9150045575145 28.9573177316642 28.9903871449532 29.0162597233353 -9999 29.0835343557863 29.134841973955 29.2061694146152 29.2859727254022 29.4 29.4 29.4 29.4 29.4 29.4 29.4 29.2345399102757 29.1645761588822 29.1264135712886 29.1049208890155 29.0985823756959 29.0986095884675 29.1 29.1 29.1 29.1 29.1 29.1
28.7242640687119 -9999 -9999 -9999 -9999 27.7527527714675 27.7253846912068 27.7116409795806 27.7005652475257 27.6941472449788 -9999 -9999 -9999 -9999 -9999 -9999 -9999 28.8999632884871 28.8999560553915 -9999 -9999 -9999 28.8860665864998 -9999 28.857853055734 28.8493049126099 28.8524196284694 -9999 28.9169877990163 28.9482990511462 28.9799862295423 29.0055184525184 -9999 -9999 29.1587036572544 29.2186124678062 29.2887110079149 29.4 29.4 29.4 29.4 29.4 29.4 29.4 29.2740553492792 29.2058602662849 29.1564464152335 29.1246927767108 29.1095607943457 29.1032176386469 29.1009309914122 29.1 29.1 29.1 29.1 29.1
28.6 -9999 -9999 -9999 -9999 -9999 -9999 27.712806569724 27.7062830412664 27.7008029955692 -9999 -9999 -9999 -9999 -9999 -9999 -9999 28.8999567881678 28.8999545580771 -9999 -9999 -9999 28.8812921722909 28.8714547322171 28.8620382134202 28.8574364959434 28.8614950543697 28.8806261733225 28.9100171369653 28.9374130054718 28.9652577674514 28.991456850015 29.0272488120354 -9999 29.1674148677503 29.2207112263856 -9999 -9999 -9999 -9999 -9999 29.4 29.4 29.3500238509253 29.29421724979 29.2361474839748 29.1861166030444 29.1474362654694 29.1245131172126 29.1224915502794 29.1219644727456 29.1248592138259 29.1272656776834 29.1249537887249 29.1204000610931 29.1184445600917
28.5279240779944 28.6 -9999 -9999 -9999 -9999 27.7701231271341 27.7339696490386 27.7169447832149 27.7104380365286 27.7073838625151 27.7057622515766 27.7054602730807 27.7056727662276 -9999 -9999 28.7953480434422 28.867083825033 28.8832967520988 -9999 28.8902765832488 -9999 28.8775584637475 28.8719079870254 28.8664518346922 28.8653077210845 -9999 28.8882341173478 -9999 28.9383612740118 -9999 28.9924823211077 29.0259192258469 -9999 -9999 -9999 -9999 -9999 -9999 -9999 -9999 -9999 -9999 -9999 29.2860423418018 29.2442811938741 29.212731489767 29.1931506011286 29.1891881528857 29.211614421848 29.2358755254235 29.2550091717868 29.263789451986 29.2427815243262 29.2123425075873 29.190034593401
28.4442537161456 28.4183000095775 28.45 -9999 -9999 -9999 27.8183696563377 27.764895550211 27.7329367062486 27.7215566441673 27.7137017837654 27.7095379074793 27.7075900432108 27.740270165506 27.9091614892777 28.2446017950801 28.5516899846638 28.7261017530079 28.80060156761 28.836293901548 28.8616290862795 -9999 28.8719665992414 28.8705804094837 28.8685455160541 28.8688589696702 28.8750634084675 28.8861115515772 28.9051251640655 28.9290833801258 28.9500693905421 28.979096206715 29.0069558022354 29.037570092867 29.0790492313729 29.1252605620664 -9999 -9999 -9999 -9999 -9999 -9999 -9999 -9999 -9999 29.2506090013965 29.2499202408385 29.2672223792405 29.3053056638646 29.3706114399782 29.429784782345 29.4871631731573 29.5368333616105 29.4730473456411 29.3873285053623 29.3185499097289
28.3837722339832 28.3815411355854 28.3 28.3 -9999 -9999 27.9346549477549 27.847702522658 27.7868970594139 27.7534952734154 27.7289118480069 27.722963635774 27.7359941370925 27.8021366623368 27.9567513578609 28.1899442036507 28.420263931223 28.6061105572748 28.7158383122555 -9999 28.8379319761661 28.8544775747222 28.8649354004656 28.8678399035894 28.8692059228042 28.8714617418154 28.8774952900818 28.8874172074578 28.9036574998187 28.9249234207418 28.946032277722 28.9720577775945 28.9996312532657 29.026373811109 -9999 29.0895595268052 29.100398871554 29.1081882396146 -9999 -9999 -9999 -9999 -9999 -9999 -9999 -9999 29.3097622483542 29.36938541197 -9999 -9999 -9999 -9999 30.2 29.7588013396027 29.6080180609136 29.4789384045034
28.3468871200446 28.3 28.3 28.3 28.3 28.2517764462444 -9999 -9999 -9999 27.8060283171009 27.7686762679097 27.7553276273604 27.7697006466606 27.8420933891011 27.9731194320204 28.1524836719585 28.3333716915327 28.505667527777 28.625350656722 28.716486062466 28.7894369586535 28.8289054295718 28.8505531365543 28.8610375279373 28.8669723308949 28.8717962332743 28.8786749493123 28.8883047150006 28.9029563672055 28.9219804035599 28.9425949754395 28.9645647687237 28.9887127775623 29.0117969882756 -9999 29.07238695784 29.0867501184202 29.0960952128605 29.0976709889418 -9999 -9999 -9999 -9999 -9999 -9999 -9999 -9999 -9999 29.6899472633184 30.2 30.2 30.2 30.2 30.2 29.8279728762127 -9999
28.3781452000743 28.3 28.3968564716807 28.3 28.3 28.3938644311883 28.3603463861966 -9999 -9999 -9999 -9999 -9999 -9999 27.9806889830165 28.0740207085993 28.1941394679155 28.3162268728482 28.4491877198167 28.5649438538544 28.6663707041062 28.7445788941116 28.797317660667 28.830428979242 28.8496084905491 28.8613151632902 28.8698302298594 28.8782608942285 28.8886262941946 28.9021795391291 28.9191107944898 28.9388204431619 -9999 28.9864575464717 29.0069698463997 29.032493013628 29.0574185806627 29.074752174665 29.0861758008536 -9999 -9999 -9999 -9999 -9999 -9999 -9999 -9999 -9999 29.4 29.7894663844041 29.8686291501015 30.2 30.1519493853296 30.1359245517966 30.1171572875254 30.2 29.8217371440155
28.4396203899719 28.4348760716949 28.4937129433614 28.5998139227355 28.5380563994002 28.6460498941515 28.5 28.4575934533642 28.424861321886 28.3626271459561 28.3090128222553 28.2886359132795 28.2760120280524 28.237837264843 28.2481023616019 -9999 -9999 -9999 -9999 28.6647988013955 -9999 28.7959091309993 28.821471408416 -9999 28.8577689383857 28.8678062421018 -9999 28.8901010481507 28.9013530194845 28.9162279046948 28.9328667622512 28.9520714477701 28.9773241198207 29.0009722540947 29.025381809885 29.0462121220188 29.0629764572059 29.0744626341355 29.07968698931 29.0829553262937 -9999 -9999 -9999 -9999 29.0594351020921 29.1326489762373 -9999 -9999 29.4944297642984 29.8222912360003 29.9928932188134 30.2 30.1333333333333 30.1055728090001 30.0970562748477 29.8888399957106
28.4775172379748 28.5578846288786 28.5907349597648 28.5676794796941 28.5624386398865 28.5527098308258 28.5519411603116 28.5485281374239 28.6 28.5238849091513 28.5169440490973 28.5380503688323 28.5858603950591 28.5665645834263 28.520941919892 28.4330504749531 28.3859743963209 28.4415893250818 28.5538079365094 -9999 28.7667838346582 28.8050437022964 28.8230335279323 28.8361175904024 -9999 28.865276638046 28.8764798867116 28.8886014460138 28.8997858157029 28.9140084885509 28.9301441820578 28.9489715124948 28.9713899167384 28.9945669312206 29.0174544776313 29.0369993587983 29.0532927616196 29.0651912492752 29.0727065414856 29.0771560027356 29.0640922651469 29.0224385177237 28.9872206152042 28.9766880397313 29.0063532002782 29.1360679774998 29.15 -9999 -9999 29.603240244003 29.9207592200561 29.9368041869272 29.987627517098 29.9533023354256 30.0828427124746 30
