output/BIMAC_interpolation_sd.asc
NCOLS 360 
NROWS 172 
XLLCORNER -180 
YLLCORNER -82 
CELLSIZE 1 
NODATA_value -9999 
[rows 110 to 131 of 172, columns 245 to 293 of 360]
5.56577813777236 5.4327151597807 5.14625939014837 4.21253554284963 4.09320639210671 4.03499431145167 3.96937155555166 3.95497205948497 3.91028282722016 4.57421390211726 4.50806477715794 4.92093355320576 4.92157968804001 4.81534586286956 4.60078894674031 4.39177351558219 4.45191020034349 4.47275243768562 4.26034227678878 3.99573426005057 4.21619798952737 4.28970572422874 4.25691378626972 4.24070035559088 4.31205291826892 4.40292159501628 4.0324819756995 3.25671084817164 2.9723138011745 2.57465538859246 3.45447465498237 2.86257430609092 3.10630681143703 2.74074992108232 3.50590987788082 3.36838027307655 3.18352026961869 3.07895753545422 2.64984326479145 2.41716796663338 1.86050598600474 2.33707912471754 2.65396013422744 2.93030777149971 3.03012473570557 2.81403009003632 3.20275651146969 3.10599193291427 3.28585282685696
5.06957196913586 4.85323026716788 5.15601888491416 4.43664389882214 4.30732015605314 4.36942439653921 3.87857185206644 3.97198559536253 3.95624094351684 4.75516982471075 4.42228481498619 4.6103667088703 4.04685899937777 4.10506303715851 3.91344679719459 4.22113364399388 4.68591645847946 4.49796306744957 4.44003281864135 4.17662778705161 4.66498416911528 4.74795570443528 4.46515666006303 4.25110329424375 4.32575242510473 4.59202293788748 4.87007286957874 4.05332495273595 3.71370600167749 2.74476350193728 4.15171276648308 3.39229241084445 3.95921119864595 2.96575251933847 3.96371784328343 3.45598594917086 3.5804134146547 3.32898158937167 3.30627266832619 3.17592582407923 2.70282192629693 3.08774346553063 2.72044435019247 3.2417532860181 3.13656333726946 3.36281032535554 3.433450196224 3.3634225118473 3.13392494788586
4.07334338006351 4.2275933515178 4.42386461628374 4.42518355007394 4.20222423172445 4.52870979039956 4.18535144868852 4.38264258766587 4.20069748634132 4.54486597733925 4.19930396886176 4.0487604631247 3.43308532193342 3.22937171183573 3.02136653081984 3.26905807723289 3.52166951582561 3.53620290500732 3.39522459639075 3.16487930430115 3.29780669287157 3.43505857647809 3.52688906244921 3.60781281934219 3.80066236198594 3.7375647970048 3.90400272421327 3.18959169388974 3.16672988836077 2.55468551799323 3.86181854481799 3.59197681730098 4.13755077642504 3.47828580850522 4.05014129383954 3.84167111700621 3.80646209750954 3.74215203777372 3.81288683437387 3.73180874689347 3.1819892210223 3.29880953684653 2.86392870194078 3.22093633876798 2.70609109907972 2.96153885190025 3.40714095081209 3.76881926102096 3.99259197830119
2.87311803042555 2.88792834551134 3.18077774733915 3.90821504458187 3.91002511749807 4.30464816119287 3.89328565805032 3.73148486930746 3.56689029088372 3.72369129068388 3.61328990354303 3.53283603696377 3.03395589445794 3.40565580666212 3.15428044551711 3.63919618025834 3.381798736018 3.34946796063292 3.06793539134095 2.99467862652108 2.92076396039734 3.13791915335601 3.23599715249603 3.72186653522097 3.91897532804456 3.83307839236587 3.50910335985122 3.05474105680035 3.05766608056421 3.10135435276514 3.4240265815306 3.55125736658794 3.65186996982873 3.60894339882946 3.64351026686938 3.48512726029128 3.2795191651605 2.79669278557685 2.71036023632238 2.75081875547534 3.01013028781321 3.538297355816 3.31220125977873 3.66218485931984 2.83886475788931 2.97692262082158 3.22311094003875 3.75952085015141 4.23803456325218
3.12750866412821 3.0994614340048 2.91729811506913 3.65744150274309 3.45398658869947 3.66875294629697 3.16172172593301 3.22424915163723 2.60168218712191 2.87764372654978 2.82821875032669 3.4057205864627 3.48316675206807 3.8062254927715 3.56991827662858 3.27149583981019 2.72311242369491 2.80729265254442 2.7612779597159 2.80024571383383 2.53103994312892 2.90940207447439 3.14324262557516 3.62330238257318 3.53349526318799 3.23220927643386 3.0554190237305 2.74161729790475 3.12844162112468 3.17524610917366 3.4234198515127 3.55876949766743 3.57344494045027 3.76196400294004 3.80087261050568 3.36978107821944 3.316819054043 3.22704929693795 3.86024323778725 3.74774555971907 3.78033930040598 3.93262829146171 4.14356983141411 4.14399007874802 3.35159464981905 2.74666780607258 2.9925096789976 3.66789052667501 -9999
3.45918337582767 3.06462503821696 2.79128564737595 3.30643843869885 3.38374122547324 3.35623386113867 3.2955567305631 3.17177916917674 2.91293549781896 2.87572347377392 2.67986772636325 3.18349021648619 3.31874245494492 3.57138854552608 3.51930357968783 3.49095984979304 3.40644513713782 3.30714598830136 3.56393056050976 3.75871957711897 3.82687403919553 3.42171761240027 3.45637555966294 3.70766983819124 4.03614844263782 3.85809700207225 3.73975748158178 3.2627593062727 3.55555605283298 3.40547171528714 3.62293903840566 3.84143554212821 3.52195431001835 4.07860122566244 3.73075454874214 3.80251628160643 3.22757077451096 3.28467144468608 3.73536391634218 3.94371410673823 4.01253495095501 4.14339975606038 3.79820822752511 3.6102757291433 3.19138887278299 3.3804718934268 3.49447950003779 3.86651692334681 4.25956304183502
3.34260707610751 3.13380014114337 2.83959214255065 3.38611003500116 3.56660843525963 3.44390940335625 3.45828083862188 3.69291404398393 3.06962209370037 2.95179003143628 2.33356742378319 3.20120969676424 3.43681890878401 3.35413996200791 3.27220242903152 2.97459183462203 3.26214617895046 3.24869904379949 3.92493771056208 4.14259447955588 4.34678630231681 3.66540404231782 3.68730456791167 3.64366263088636 4.08465199931034 3.7598568058937 4.03267050381278 3.60095544893401 4.0911691893373 3.74174800370763 3.85806156770853 3.89884172421765 3.47038626184052 3.51029023681656 3.31814448229032 3.36145821870547 3.37241747171156 3.71131032628428 4.5408603076013 4.78242434310115 4.94289240859866 4.58367683122826 4.30822378675319 3.38426463657446 3.24544052527785 3.1042816964821 3.44142255946209 3.86543122955415 -9999
3.39887517677503 3.28003573205604 2.96960514815568 3.18109065961035 3.37352491121402 3.40069669741104 3.82633538765632 4.03943546206636 3.64699881231762 3.40645727692874 2.84838960885355 3.57232683128766 3.80702696475938 3.79166901538288 3.58899457650702 3.56027913510661 3.76185910504077 3.5679198010138 3.58995816450465 3.66121500391073 3.74121341086401 3.27088634523981 2.92384023077673 3.13122764647065 3.65869825240992 4.07993336641778 4.117989725697 3.87050137384194 4.19904572973415 3.58213765269948 3.55302844589568 3.3580049744437 3.27386110273693 3.20822075205287 2.53407950519282 2.96732351231722 2.67773252067739 3.16168636661992 3.34272137098573 3.86964159524591 4.15222742708659 4.18167627822692 3.80808719266716 3.15983937839293 3.02184334488916 2.81254140118071 3.19115396291544 3.28764056174892 3.90413195205012
4.73771615812872 4.75434592205096 4.32363509147829 3.9105608313745 3.72084708662296 3.72372409090601 4.07266880395846 4.1887015325229 3.692750974162 3.57426618637015 3.37416380680801 4.20102082654688 4.60607768206985 4.850991745537 4.60208053554012 4.53913498874655 3.79050905750116 3.80298844720235 3.49008890714869 4.24413434307525 3.9663670061471 4.0219652740924 3.53036632429633 3.79025155013686 3.8220877610389 3.9775810409159 3.82506317514613 3.70554354306342 3.95419212384567 3.53761036305989 3.44409762534849 3.46683488077368 3.74743505951716 3.35612127926229 2.9304954014143 2.87716957349512 3.03602184879331 3.33529238025506 3.84397242845932 4.17693443845554 4.48334788241626 4.24582889610055 4.35147085475619 3.59697897911038 3.54580132039689 2.81290356454395 3.20807392058719 3.27362135866708 4.34868404027952
4.92713420757579 5.35309731830045 5.13401598067939 4.86425614601024 4.20897024710862 4.37676211657952 4.42609507317895 4.55000526458046 4.11049806029692 3.96664612813091 3.63318746607492 3.62498052350697 3.45653981673434 3.70743785661749 3.99572039453363 4.51428638127666 3.50405909590697 3.05776411385881 2.20006992581493 3.38831826008863 3.44130278370538 4.25607895616589 4.16523421111841 4.99316072285928 4.83356791026253 4.93695256507552 4.10820408079626 4.01316858553652 4.06872459605779 4.10466124211717 4.07499106158549 4.09378599892266 4.16848411138252 4.19728052159986 3.48947221386512 3.4415111823478 3.01308205590222 3.65994944144353 3.96824349634498 3.91793135487899 3.93683062407383 3.75816321013164 4.38869834089303 3.78204197237851 4.19354554415829 2.99039874192594 2.84537211307472 2.2297999236594 3.18645433085623
4.83363183884039 5.25837659543766 4.98282927707699 5.42731180435693 4.33875355452872 4.22519782545968 4.15154521384236 4.63118046552487 4.5912011826524 4.39276474610465 4.39282286408797 3.87541646372065 3.78157614736891 3.6023193860946 4.0805427804412 4.35220630068942 3.68687031216649 3.36723060234584 2.78723926726229 3.8789462795556 3.5728782719986 4.2501304365755 4.54778509238656 5.71106503017405 5.75314897985373 5.44660968591275 4.6676901372637 4.20846377787722 4.16833414635764 4.58900931807915 4.70681322138196 4.2738875345949 4.07735676938422 3.88956927812028 3.98683365806582 4.02402176928615 3.87365530864728 4.41441228266551 4.50138370234172 4.28692769711045 4.05889162814567 3.7470517706779 4.7326178620098 4.18056390662442 4.67394778198781 3.18445551791192 2.91828818743073 2.11246800654746 3.08224855910758
4.01175555940593 4.3099251645484 4.3257965815242 5.25020559543538 4.5604829833946 4.73599066725285 4.71710954766888 5.41815529150219 5.2375620729951 4.79849607757072 4.53351191426005 3.95371712422603 3.78107217418347 3.57765092600654 3.9197894629091 4.00907032508368 3.76194300292617 3.43024914854174 3.19964326819396 3.55791172342211 3.5638632618814 4.33392774513198 4.32387165829638 5.05053558110881 4.70687616129889 5.44206334735239 4.91220526938836 4.81607921148254 4.43750699951655 5.00443744477449 5.03831787178639 4.38566468856539 4.00275008761261 3.79840482565305 4.03029721965004 3.67826399966805 3.07112116938108 3.69988325328852 4.1499582728034 3.8475323488965 3.63063573957433 3.72320302220167 5.57059584741252 5.1744829465355 5.28588032267219 3.10724446729742 2.58807788986149 1.93582108740308 2.70885415578564
4.65146872559693 4.75728836164756 4.4426793272908 5.29171289251799 4.72970172678851 4.96126335890119 5.09581269060117 5.49857405811164 5.5202755330449 5.06027932711226 4.60952273106831 4.185263165965 4.41267884839382 4.77295051527414 4.6996173500166 4.14226310378227 4.0517764476048 4.28073909101927 4.69913299956232 4.79950125322092 4.64561035242496 4.80307586354521 4.74016816427241 4.82223152020172 4.37569976739003 5.22641649215957 4.67517076638803 4.85609125395867 3.95607114495621 4.19834863655465 4.06782455875682 3.52765743367453 3.84353059150027 3.54943172764522 3.97652578547884 3.83769359408568 3.34568591599209 3.70837159252746 3.77207669997806 4.0613515478239 3.79883141797438 4.1837136105862 5.51547432205998 5.79222304617094 5.49086592930633 3.93790257845695 3.45093681697252 2.74606103266075 2.92799273829791
5.30470398339475 5.35562202338314 4.95965306829071 5.59408129284668 5.72662192550985 6.07071510768333 5.83997313810349 5.5561023258394 5.24804502593917 4.64956888633842 4.04198288851711 4.01230999856697 4.37834804326276 5.02214545683927 5.06026431982325 5.05710010049701 5.37490901417428 5.24786343114485 4.74543781731042 4.21103138924647 4.60425947345481 5.45956579583179 5.57528095989887 4.61000803253966 3.85007146215252 4.6780445581566 4.71408164633099 5.2510189064493 4.27220521662676 4.69200439120637 4.30058022420307 4.23216418267442 4.19670879795424 4.18921484680436 4.45036771594162 4.20290313973427 3.7357359371555 3.87179447784024 4.46885207913225 4.75382220554811 4.72246700900629 4.31966006704503 4.99821886708068 4.69274927418276 4.77372132265417 3.78115275224619 3.95749089202475 3.47054139002171 3.42513043856458
5.54020720330105 5.55250083947604 4.89977056715822 5.27605607327123 5.14123716635132 5.80533905635627 5.71322605139612 5.51351807501471 5.09543521338329 4.65621029670404 4.35898323306858 4.47426848170467 4.43569008967249 5.22245218118254 5.01884081524341 5.32487060247361 5.30741674990223 5.11729112590029 4.35576140412946 4.11806760979651 4.51598005246901 5.41806561746542 5.96616356656392 5.2450553658106 4.73930049704997 4.75360122395456 4.78066654613539 5.50564499586159 4.57516904005665 4.88871389426541 4.33697039903059 4.5593069669797 4.66569580239339 4.6128847479598 4.797098626756 5.03354079663247 4.87526270679904 4.73175973584778 4.09256986863416 4.4771023731033 4.29688460471314 4.22429089188265 4.27647007830753 4.22234067373521 4.60533589782645 3.90387248660656 4.19686181194795 3.36591898680945 3.49527179826521
5.02476558966539 4.10556150887168 4.05143290801784 4.1125085921449 4.60970332077534 5.40023236545725 5.55016905742647 5.75175555576597 5.3805984281772 5.06109330152455 5.31779551861245 5.81172836450639 5.81210328514775 5.83475197825005 5.22591450753726 5.60564100213666 5.65784754905678 5.53016966234617 4.49598869168699 3.96673180995393 4.11436784010478 5.30992426446604 5.74755724781496 5.02372965562383 4.44547557437103 4.38228823494682 5.01769022571964 5.57877854203371 4.74852466572359 5.27552365739012 4.83662259306141 5.52583656507444 5.19985564815753 4.61687322026208 4.8145021591779 4.85554230004752 5.43592687397994 5.3090291252821 4.76091833791111 4.27646446346787 3.96959342141676 3.82252210045618 4.08421810744801 3.64964313205573 3.79827158371105 2.77494999949254 3.65163350221332 2.93962670417327 3.94963300372787
4.21111543404472 3.30498976811154 3.5378001782459 3.38247197438993 3.42187952108178 4.4577791045626 5.0636700250434 6.172511371752 5.71054958964414 5.30753649687875 5.42379044722765 5.82224219995405 5.51699887496817 5.37282756765974 4.72837636396943 5.21494597818501 4.97816787933619 5.23610690946387 5.07178754828927 5.02267393685262 4.95923797601141 5.23138755151535 5.5363803633679 5.38313121663015 4.4928079146036 4.44546858583987 4.57769503632921 5.71856237027279 4.87848231432377 5.15104793821445 5.08660828318461 5.35754658635125 5.42498858375605 4.40377038863787 4.99821000469712 4.42705215917846 4.82238507499774 4.61299014543998 4.11347040226817 3.13724549302697 2.76605975755907 3.53991516123591 4.69570234740034 4.86388565853521 4.70898366078269 3.63317640768656 3.34036492477799 2.38550925935505 2.84859450790689
4.55772130050008 3.54039557088651 3.62717271502128 3.61569752564123 4.07288736409946 4.0735286011943 4.13704043310826 4.62203756787132 4.79244082313255 4.53164756920081 4.69475487116345 5.06973706180242 5.63025966296308 5.37704482332933 5.02710161433392 4.8833721689915 5.05848107657753 5.41465333636705 5.43962114198099 5.32236534099746 5.50966809565027 5.65307932440933 5.87443030558713 5.44801976930254 4.49145960402042 4.37860173841722 4.74138289762966 5.48637583106845 4.88578736138707 4.76942968208149 4.61669564292077 4.51404387707537 4.63729933100423 4.34823366907124 5.09763620412116 4.58822383786963 4.87060189555733 5.01104424052729 5.0922893066251 4.03598126212059 3.47726698025342 3.70110140049152 5.03196750892399 5.13020346967122 4.90218614748219 4.14839457402425 3.87988772680643 2.70282306327344 2.62568460969561
4.20754391287949 3.85041414251977 3.5097622102038 3.81704844637609 3.97322635746281 4.09895134646423 4.19927043448327 4.42907305589669 4.4186919716473 3.5749928583903 3.89692190737153 3.91722252384566 4.66447850174994 4.21196985797807 4.23196216192515 4.06342934234068 4.53153007311081 4.64756161007157 4.98076324337412 4.87421983091655 5.08767084714333 4.87719376332706 5.29892464863643 5.23944927787315 4.79877506066646 4.68128485003644 5.07915048245938 5.94101376005488 5.12049288399791 4.67013058673365 4.47996049900973 4.35835043194628 4.72651198145756 4.84974027229055 5.46985120648443 4.99182557962973 4.62811463978033 4.72792652986706 4.89424067482506 4.41869191696454 3.88681795250285 4.09912741807898 4.49989644214326 4.98635169226145 4.59372892419926 4.81935335109657 4.00209621363327 3.18785832473262 2.3562955103729
3.80205165976388 3.67967000204514 3.43401264826108 3.67302616239536 4.33943700409935 4.1235325050633 4.2715528627394 3.54785659968049 3.74677190818725 3.01119514635157 3.60588288869746 3.46658157168807 4.45699492040276 4.59978815035721 4.28993650962799 3.6691284617474 3.30075633207797 3.67816220639099 4.05190846913609 4.17139077383012 4.50923792223001 4.39598672505656 4.92250128896043 5.01488492128503 5.33938723869318 5.1512461944498 5.72919182360675 5.93145268048528 5.46835943524209 4.78081037214204 4.22542232798401 4.37143841787536 4.610265568502 5.3949928841758 5.50872734077922 6.01778646684475 5.60732879328283 5.80941373331645 5.44990687425599 5.31242555079167 4.74321741625914 4.75023657037936 4.75734411610733 5.35865561251201 5.36703063314429 5.03834994732314 4.71091614127994 3.77084439992644 3.97178740900662
2.71906596837317 3.1138462145046 3.51196272445073 3.26847144547735 3.40823687292971 3.43002946492153 3.62271435535594 3.25716150920467 3.10220265242492 2.65460966638356 2.96007831089136 2.68134148003183 3.08875302050923 3.33725780049731 3.08330058051188 2.82034777482773 2.57110552353688 2.78633468425606 3.11736705262476 3.08404288269998 3.26012891218248 3.3181423742059 3.92174429909781 4.32201845748774 4.75290218105788 4.57734173713912 5.09447396083188 5.1950905445309 5.13535545860049 4.68266801349887 4.62212266839054 4.58724925273205 4.79438574494733 5.45428891371573 5.63707367064759 6.35612132203499 5.70394111426166 5.82929444107201 5.52056552595839 5.64104395284324 5.35679835359864 5.27421166736066 4.89559680682947 5.20574966533149 5.21250850352795 4.37648768269189 4.06745552594481 3.58724120769083 3.88395422852558
2.57853395834764 3.16951090219574 3.52189562641378 3.5540405584637 3.42176463034645 3.34070325040826 2.93528963753465 2.57227137847912 2.33784602024775 2.41900764417363 2.18565839147995 1.80600443908301 2.14403140085138 3.2679210495914 3.49821810679685 3.39646409714763 2.71185607143595 2.89113861801044 3.07796005634209 3.33889743770262 3.52721102991257 3.45301873933307 3.48653440463832 3.71558574298628 3.95061637247885 4.11057385844044 4.39576732056978 4.24223882901059 4.56874665481887 4.26776441881763 4.35570091738457 4.04088370472203 4.4034985738337 5.49986832541639 5.78043600777104 6.11789816977007 5.24225167075755 4.92511689246673 4.92673131178116 5.19678538051494 6.00876123799368 5.83449152136838 6.31612583128515 5.89884560670956 6.34080314197973 4.80290681114153 4.64781888876112 4.2993604312125 4.6272297292584
