output/BIMAC_interpolation_sd.asc
NCOLS 360 
NROWS 172 
XLLCORNER -180 
YLLCORNER -82 
CELLSIZE 1 
NODATA_value -9999 
[rows 88 to 109 of 172, columns 147 to 195 of 360]
3.07956494343108 2.78156229659023 2.7336996165176 2.80787597078118 2.98351707342469 2.98653604486896 2.53478984965735 2.14505761228965 1.96588075917126 2.00972980473526 2.50119942678843 2.26571461242204 2.78806844474039 2.39382959913941 3.07821127149877 2.48556191466533 3.06477061038192 2.63906269081765 3.22892415874139 2.90342480367471 3.23449532633046 2.99704336666643 3.05809239733915 2.49377570083995 2.45580241386314 2.67916268063317 3.23595664584016 3.45020201739938 2.81079446634196 2.9569674432032 3.36056808141679 4.4911755299226 4.62152676023459 4.31778792491133 4.08645705900684 3.4426681880261 2.43560292102148 2.21484205549724 2.38609641093443 3.42530864209652 3.58884431226234 4.10029223564114 4.31830284309943 -9999 -9999 -9999 -9999 -9999 -9999
3.04899346639751 2.49514785320825 2.75481736750264 2.50553651999571 2.79122030968763 2.72716481645775 2.80186026843479 2.72576018767335 2.68395849357088 2.49603929599997 2.67521864639238 2.49035227000351 2.96882625057995 2.60434022658427 3.06264041637993 2.25405611271082 2.82246211559229 2.27356017021872 2.93721205514263 2.5371505072212 2.95552939186875 2.75994184226596 2.83317437553449 2.38399912923563 2.57584621722637 2.37828027710383 2.96242185855022 2.89446867474471 3.34041586218299 3.65288024629551 4.18290039435484 4.72476599056298 4.01465204194769 3.68412792186753 3.51494391157391 3.45883000537525 2.73987725351096 2.36564794934138 2.42026657458189 3.26659009183245 3.43857299447614 4.05491957098973 -9999 -9999 -9999 -9999 -9999 -9999 -9999
3.02017888978528 3.02264794206961 3.24501508340889 3.03230902752534 2.67617917879115 2.38004342219173 2.52346600933719 2.70242252377617 3.05083940675415 2.77758537716716 3.19120659412591 2.80211372194043 3.3576322583177 2.71491551273779 3.26269676173918 2.29393341785518 2.89486516724984 2.29589454230802 3.1803473995123 2.85277573488162 3.44635564738396 3.2340979172012 3.52476083805272 3.41130720699112 3.62354902196282 3.49583449986633 3.62130270382758 3.48674129478013 3.47299288998591 3.71837774555705 4.35648088407984 4.9145747887287 4.23978188647772 3.25672329564436 3.13334409962881 2.82414256589778 2.55259084919138 1.91165569857583 1.74800138671383 2.27332345405403 2.36568704587752 2.85859737245891 -9999 -9999 -9999 -9999 -9999 -9999 -9999
2.43934239124332 2.57367169140693 2.78020032551606 3.19509588639878 3.28519917502966 3.09588986356285 2.90337424712098 2.67657469553808 2.99378331788943 2.65413850464397 3.09479802421574 2.7875080998938 3.36413529703303 2.89749717547596 3.37592284381809 2.85091100807443 2.83609149814476 2.45944325571096 2.78175958234565 2.74982425427775 3.04994241744171 2.94756958915125 3.18783608225156 3.21868327948744 3.49326125835186 3.54613785394397 3.66484829621469 3.42563560972711 3.7883466782224 3.95764941951574 4.41669113778058 4.2382088166432 3.71390192901684 2.98482905306263 2.89380239695917 3.0896825974011 2.8126523899726 2.68536008815837 1.89576825816223 2.3922313458155 2.27891571347941 2.83211269928981 -9999 -9999 -9999 -9999 -9999 -9999 -9999
1.85562943933308 2.28071231627041 2.4973842056645 3.35937855482087 3.370643258453 3.52275407272027 3.02649728857728 2.84853406480097 2.86850801880661 2.57307920516084 2.83965782239245 2.47653316114784 2.8782783333438 2.55844708505506 3.03859949785372 2.94595372263759 2.8070831539507 2.76534098509616 2.84971561981532 3.02188104936067 3.12093807823113 3.08558691863356 3.11020087159467 3.31195054063093 3.52848052844894 4.08811604843875 4.05927695183161 4.00123032753829 3.83496519213281 4.15183647253089 4.3610275402691 4.27498257444145 4.1239877449167 3.56253126039745 3.72053412278433 3.24403214688823 2.90133946765355 2.51151525648327 2.00492005306957 2.38479060279624 2.41143211551093 3.02236825938175 3.28585313706836 -9999 -9999 -9999 -9999 -9999 -9999
1.79090567826623 1.99744853181002 2.10311164416492 2.85534299455124 3.28656128547108 3.62560143495154 3.31659419452369 2.88400516845718 2.79796012166901 2.55381945393057 2.57709609777726 2.18793223925721 2.37403926576501 2.26218432566734 2.57590230275724 2.64784861155229 2.1961193646115 2.29304023316112 2.2502933066875 2.69576981403869 2.6522484005189 2.59237098217909 2.43813984760814 2.63744177814729 2.94113085298273 3.53236323668936 3.59541069554629 3.55757103967869 3.7687896154194 4.30207445237718 4.59409277525585 4.41977527736725 4.0243914839927 3.84505767482163 3.85624466412027 3.82175782169564 3.40043688748068 3.32702496842736 2.73498478696499 2.66082777861752 2.53387868571463 3.1955490200762 3.89495610777056 4.60431130346422 -9999 -9999 -9999 -9999 -9999
2.16157110098775 2.331877329898 2.13566049368006 2.31944198144303 1.94698489138193 2.35042746430969 2.4639549174646 2.9407351896823 3.02864054577487 3.40914146176709 3.18365225296252 3.03644229574898 2.57571594950496 2.71003234282868 2.64535244575807 3.02620675239277 2.5887177572796 2.72574525758991 2.57944552788969 3.09780406752113 3.23910361204282 3.46678514911773 3.39806072111218 3.40563814979755 3.41903677834817 3.60921320759036 3.72493108825183 3.77049520041594 3.67061380140262 4.26149585057236 4.34168936339779 4.44728374881472 3.37466462626446 3.2694776093754 3.30292389251153 3.4738616043419 3.25232919563993 2.96530662353702 3.10843024989163 2.80644498747318 3.1130786872724 3.59932933286392 4.35097115772054 4.98573915875835 5.07144244227742 -9999 -9999 -9999 -9999
3.0109506644837 3.26457433160904 2.95957817544582 2.82694439277018 2.40271993655344 2.68451625615249 3.06880751512332 3.50743245992199 3.72604343222924 4.05264704713894 4.01212326560421 4.10013581877239 3.8548492240555 3.98225190559129 3.65459087487221 3.80284554316718 3.21618190225814 3.25858751063466 2.85996497699484 3.26138505485623 3.41414683957438 3.74751561428587 3.3544084219287 3.17097566641829 3.21914307986868 3.81385213073651 4.0721333684608 3.83585480441232 3.67929708643161 3.92450985066983 4.37056933606018 4.40148342454131 3.66007281887732 3.30410767810651 3.19754842089824 3.79681479764327 3.68342706486896 3.83470450736752 3.10120087340969 2.42503514864035 2.61153803123968 3.41393432235631 4.40660930660097 4.74750156302943 4.77864651056231 -9999 -9999 -9999 -9999
3.68310980784858 4.28260064587833 3.82409463357303 3.65542811939134 3.0064684527881 3.38100333748523 3.46644946622628 3.83657197081168 3.62942325845642 4.27262354105845 4.2756059747992 4.66986628776035 4.39579686083775 4.62973307308297 4.16734425440607 4.32480655044404 3.96464524093028 3.91443298943871 3.41595122498807 3.34628626539913 3.80213705321623 4.23382359811132 3.9726689837756 3.71925823724964 3.90710400830061 4.5073687680971 4.61677640991626 4.04983949291986 3.53412148542834 3.42149062216405 3.828477280158 4.25177445598286 4.04684660282989 4.02357093192691 4.1082640841893 4.62637453605582 4.42532259326328 4.42891761447993 3.705542450511 3.41740233673236 3.1045470604467 3.7053145838535 3.92700457094689 4.56033744781122 4.42351500509552 -9999 -9999 -9999 -9999
3.91675121807203 4.58948129392547 4.54935434696194 4.2381174881008 4.06838940131255 4.22653679643951 4.7411947531082 4.57432136016746 4.31486743725818 4.09217053548416 4.23250966074493 4.3170894398217 4.68448593862401 4.72880995862023 4.64522678576926 4.15479421205381 3.97293074242657 3.96650877943532 3.70033739255057 3.72150234945287 4.00941428308889 4.46679281724251 3.92925514007655 3.83733730985055 4.11304802961324 4.89382063986644 4.27273635170642 3.82885648373729 3.75746934110415 4.04657639816666 4.62752235606228 4.77434743215912 5.32807712396464 4.91627357249121 4.86119511969114 4.45694655856958 4.21191439028033 4.1437851025885 3.86318918737369 3.58049327690702 3.26117314834934 3.51677910313732 3.79290070318484 4.09652713628025 4.00979499261263 4.1781062955936 -9999 -9999 -9999
3.73261977742484 4.83414148667743 4.73561994874542 4.72659355778196 4.51027189286434 4.51228281535614 4.6615722801211 4.35589460492021 3.96147744225412 3.73250287015 3.7735093840286 3.91889432088985 4.19372608477726 4.2927319594355 4.06634276305724 3.92169590434522 3.82515394152664 3.89300963532537 3.67729182778427 3.73624272437379 4.1159944896087 4.40039690179724 4.36551076725837 4.34546093661081 4.45949042821748 4.58521508530368 3.77759001515588 3.58778895861157 3.60521234451493 3.88914484866879 4.17419741736533 4.2454949586538 4.75577756065579 4.42285649971924 4.54283915707905 3.89150163543777 3.86547906067973 3.60769609710126 4.18352709319372 4.21188613524133 3.99888128348379 3.9061797459028 3.8755535296264 4.52150164362495 4.65134600835394 4.99243194464298 -9999 -9999 -9999
3.01146752602987 4.14596202809748 4.33367600607658 4.38189711152869 4.49730388222642 4.23578521736119 4.50170790416798 4.14629522688577 4.11972353060685 3.88548846161264 3.87675261392279 3.70712635423585 3.4807523686266 3.45814204043442 3.5002968268262 3.76885334589613 3.83250159743954 3.78889321061286 3.86145378378461 4.0859715351017 4.47790362678462 4.48514391182473 4.26555410716899 4.09281138494542 3.91458706342364 4.31423259768661 4.00731107288304 4.31122182061901 4.48017230960927 4.74401849814768 4.76463235643531 4.3827066324595 4.43212197970337 3.90361064912173 3.86976566101733 3.30093111840838 3.54184804775448 3.53958956945321 4.28491953219509 3.73558712416756 3.89747980985338 3.62820063195818 4.29158227147199 4.26709227074302 4.65565899177545 4.87360515317497 -9999 -9999 -9999
3.18740932713994 3.97962558364431 4.49504601609828 4.54579473031365 4.77628857559924 4.36551784067132 4.25295412614248 3.49695171559043 3.42610500880057 3.6314067078104 3.6488059107902 3.58366558598829 2.98497571180184 3.19400205604654 3.00680853815355 3.66033846525796 3.97514168717052 3.79541966047012 3.8423745279092 4.09356225118237 4.59119431678789 3.91523042328124 3.75035791091785 3.50496180529133 3.78932661410466 3.91980254385015 4.23223362086085 4.29398118131954 4.41464216687976 4.29101285173499 4.3637788435091 4.07123599548789 4.239039782305 4.05076737137948 3.92506850395606 3.21717521069538 3.39064410578415 3.46725570152857 4.22825666271755 3.76529557014884 3.841640522586 3.49817632173475 4.085015678311 4.18458407250069 5.08907506719713 5.47432656160917 6.07741969093051 -9999 -9999
3.54395144009245 3.79861463225327 4.43563751836291 4.59884332334401 4.94840673191003 4.32619448422104 4.25934800020767 3.47209330991607 3.70418699242488 3.91975687975355 4.34036775890501 3.98678056505836 3.34729767221619 3.23697398542233 3.32031867575769 4.0103437416412 4.18006431699953 3.88110934431373 3.77020980725012 4.06352926285331 4.53986394388911 3.92184792526354 3.71737038277732 3.07866592306764 3.50536635675428 3.90524660071288 4.91242829449551 5.02195357727911 4.99827086482712 4.84956300028335 4.75663140926226 4.61303018159076 4.749166070499 4.87988620626577 4.7993296498977 4.04550432704171 4.03444321946044 4.14455949967846 4.89977778594321 4.42827658571484 4.2642109392979 3.70239328133345 4.39468432357194 4.14809446524328 4.96950603065685 5.02814702490707 5.86216694148139 -9999 -9999
4.40116333298842 4.48041912580481 5.19591546045009 4.76584062830534 4.87716316995134 3.97307696980593 4.50016098016837 3.85838910253633 4.05337613310408 4.1248360612709 4.3691255806619 4.20003336854813 3.47440903915743 3.67398714830456 3.56017307745332 4.2238932686269 4.03191280132165 3.83334642779206 3.56309531460951 4.12445552851869 4.57248303047648 4.06274502553423 3.71811697399248 3.13654852767776 3.7956746702184 3.83019057221211 4.55051531912594 4.51866873548623 4.4973002495998 4.70873043671426 4.67966187764494 4.8036517480411 4.9892346029942 4.65376198581834 4.56496442943319 3.93518607155338 4.55188983729765 4.18281856415989 4.57117040502228 4.32415496975339 4.59323522486864 4.12668042700869 4.13186761745756 4.04429126733532 4.67112390629851 4.92819830273904 -9999 -9999 -9999
4.52303521048156 4.69925692684384 4.89403205676611 4.34208752959158 4.41290456446849 3.55409711917851 4.22336512885528 4.02528392992514 4.52743021191316 4.58044627557604 4.82379205374946 4.50507253869039 3.85669545475176 3.7450208472845 3.63152462010015 4.31698908856271 4.13741955336983 4.07428426500486 3.8210486930024 3.89003052845609 4.3947857351782 4.30708171085224 4.33850080337832 3.8118131413589 4.19340527633571 4.39485074039249 5.13190834072873 5.16429574294993 4.98179557456234 5.26031210553582 5.3010927403473 5.46737140092877 5.10479554466793 4.42357718079468 4.3963459996585 4.49964239306809 5.55799818602367 5.22949249834556 5.16795878571323 4.63846275128531 4.78108403526786 4.49648568475911 4.42676662147418 4.46123695572999 4.56824274709039 4.56375038408315 -9999 -9999 -9999
4.27282645458415 4.40598437201353 4.58766569912482 4.10448166660849 4.43107610017618 3.9845888742509 4.53043611337789 4.29535642680272 4.38270655360374 4.51448921275881 4.30449754922094 4.23532337250031 3.36426788371711 3.56994057671923 3.6737307552035 4.36833871473089 4.25126211245849 4.02686589287385 4.068780116427 4.35119614822005 4.89389789952933 4.67053947875401 4.52900972413925 4.63544060969676 5.1368091694382 5.01637651331403 4.99627486295827 4.77963375216093 4.81563423786599 5.04670418099306 5.35555328207813 5.59588441922858 5.06856666314422 4.12923130077788 3.94950724062471 4.41200203325544 5.74233015317882 5.27772791058694 5.01729610116194 4.38493473846514 4.94900529626043 4.7091408658913 4.48905569639303 4.24569462220795 4.12876190497008 -9999 -9999 -9999 -9999
3.92123685899633 4.31625133351618 4.2379470468127 4.38884704193947 4.77188858750147 4.69333435495219 4.34665439449419 4.09093036846716 4.26905074594601 4.42698538744245 4.46086537402542 4.45437600984595 4.21747078152908 4.27219776373502 4.43536730870072 4.89793061714855 4.77091471168124 4.37876977840996 4.14246211875892 4.11979202360391 4.36269351295598 4.21950138406047 4.43850528968079 4.69940833581598 4.89223123520589 4.74188034892733 4.50616882002315 4.33495322444798 4.42412914135458 4.59213488588587 5.10129827151105 5.18554071170718 4.88172175540377 3.92140763518866 3.51018856969969 3.82487657522829 4.42390136263453 4.66525314484695 4.49238132997074 4.55973297661024 4.94016370592658 4.89371460470413 4.86079383009668 4.67497879647375 4.71477051194256 -9999 -9999 -9999 -9999
3.82985417993874 4.0407259310442 4.19399316252607 4.4027598002971 4.72484044892771 4.85334650923634 4.67782803151039 4.34414273833089 4.13241303133135 3.82058140033943 4.00551328232944 4.16603028861281 4.07068549471838 4.0799205957551 4.35673221111609 4.68699204581249 4.51373014233794 3.72997660269481 3.61199782494119 3.88875029398133 4.32702200961377 4.28927760712611 4.09405828680742 4.37969275529989 4.57785121436602 4.32654036702116 4.06937100929076 3.64759215870749 3.57890068754678 3.56055352258792 3.89787062805663 4.32300921420988 3.88517798327951 3.42887070843059 3.06064964190143 3.92035935943693 4.11958663360078 4.2544735450671 4.05041460423918 4.20623487937697 4.71517322770041 4.62684409608057 4.80643154715 4.70956168236054 4.78085113024879 -9999 -9999 -9999 -9999
4.11188517271277 4.57794349586927 4.80257496905307 4.78046730551096 4.51143080428215 4.43377253135457 4.4920339073659 4.37485352658964 3.84948911378228 3.30249443820753 3.13004592493212 3.56457911933918 3.80051624338466 4.25241430710187 4.2449250747689 3.89177790195298 3.80081673562781 3.32939602337807 3.67973860616006 3.69811315759289 4.08930075854163 3.66948501708756 3.11247397032162 3.08388038798546 3.59010043501423 4.01923658001146 3.99196171792296 3.63702021250989 3.39588039028225 3.46446415558031 3.82715807075047 4.22842966674719 3.81098117986123 3.55052166801124 3.17672073571809 4.07300890368774 3.92416789126036 4.04644289252186 3.72914517812616 4.02033963902305 4.19119033953166 4.14301251036168 4.1211957513454 4.62839418687894 4.75449470149513 -9999 -9999 -9999 -9999
4.36968485561986 4.530873008289 5.06536573384623 5.06337988547331 4.93700669459765 4.79444637828198 5.49816749659118 5.35551446725187 4.53885977450686 3.27472077889711 2.93415342377133 3.2460780798501 3.59053283973084 3.83436826743838 4.10092417299791 3.62871996832377 3.78372890738556 3.22740702185935 3.93632311229849 4.34692296603557 4.76989418049487 4.19289608742737 3.37707852378636 3.34159401317893 3.96497493764155 4.29388321521645 4.42330362279557 4.19608783352091 3.9180877730335 3.80161808388676 3.7976136935023 4.3468235022435 3.85123583993512 4.15915086627944 4.12586844177301 5.02785927577573 5.16196536342082 4.83003468010614 4.63302259747608 4.22365462785051 4.26630891361975 4.07375959694573 4.25845462295312 4.6485867363 4.73212246000675 -9999 -9999 -9999 -9999
4.16975429255286 4.20028125963839 4.26030102530641 4.55333388554916 4.87561623935274 5.11630528550417 5.42042141957968 5.32967262038385 4.69702680017639 3.7792386882421 3.26610649290619 3.38572298674921 3.65564317886786 3.93463953501316 4.17743377854676 3.82550585541596 3.98948279762595 3.47394464152561 3.94321768490951 4.38602307216169 4.76856445931049 4.10713355430046 2.94192200459441 2.96947164269624 3.24649170548749 4.06871959303264 4.20886902768958 4.58202269990979 4.62923121807857 4.65540930536885 4.10188202360906 4.05031652499994 3.75633944058492 4.36771424930894 4.41652697045521 4.79088800619868 5.05904113683958 4.7355140763287 4.67727006548817 4.33133274044832 4.37953171138538 4.04824459861757 4.20713313796894 4.56943629293568 5.06053459894564 5.10799624129041 -9999 -9999 -9999
