output/BIMAC_interpolation_sd.asc
NCOLS 360 
NROWS 172 
XLLCORNER -180 
YLLCORNER -82 
CELLSIZE 1 
NODATA_value -9999 
[rows 132 to 153 of 172, columns 196 to 244 of 360]
2.67433619429852 1.98322437865789 2.75082624528025 3.27708247719052 4.06431595035812 3.73817392317 3.07411617840392 3.06776975492619 3.43880905456926 3.34005494231813 3.25722804717018 3.09499567455184 3.41087883495171 3.44940684383822 2.92559586772581 2.89506656476449 2.73581682074446 2.99105279731363 2.77718955075216 2.77796560149182 2.40087716491757 2.51466785203124 2.3588979334042 2.54761207326064 2.24988156848046 2.24511023421055 2.07857261579182 2.17525461833537 2.46771206156568 2.47538724508133 2.35722960881268 2.08319212517817 2.14839526722552 2.11951346608343 1.7891740740325 1.53904197254981 1.37647803767296 1.41429163081004 1.46250768692179 1.34821866788076 1.49418936395692 1.51714446727903 1.72687269294705 1.5270330616911 1.51411648295829 1.92268712250221 2.19227555952165 2.10824214056048 2.03698297974505
3.15120065396486 2.21204381837322 3.13495082507864 3.48296918681185 4.13736256245097 3.45369242505246 2.68952586149113 2.99128143939742 3.53297239773585 3.59119890310016 3.22494667347448 2.80886191596267 3.10032155577748 3.20443419766723 2.97687634341631 2.98681563661433 2.99757758706197 3.57162812844262 3.57118619524468 3.6001131976367 3.15124217373508 3.24567026410662 3.00869393558519 3.1047000769394 2.89556515709224 2.93319992871267 2.72109455812085 2.69359267806173 2.89056397959861 2.83538644794964 2.6777589526166 2.40137887634363 2.7228079542055 2.65821919278281 2.50660945665526 2.05256842516506 1.64257212639525 1.49498718034542 1.52731424480131 1.73843245372974 1.73764619196554 1.72427866403719 1.62374709799797 1.58269571360832 1.3864991353874 1.47505231259698 1.52482785199278 1.63196633843313 1.70023707505416
3.15771703467811 2.57619586556555 2.91365884477551 3.12063142562451 3.52442279600727 3.36346091736404 2.9623421481008 3.35853552504938 3.59139203971315 3.68336066940062 2.99379553656168 2.50031458433702 2.49308677933386 2.97410766582264 2.84358999474062 3.27963281291418 3.11431574859777 3.84609069164113 3.64063559648055 3.68327055439334 3.35227461395004 3.68571103200304 3.80785141096842 3.93209547258605 3.76793572128409 3.45834130332178 3.47629369276859 3.40286345618688 3.84657107423898 3.43076317056197 3.06927586508686 2.84260857306126 3.42069461965163 3.33703088342019 3.14910597071584 2.53018354926822 2.35521769838294 2.02764284527677 1.97100541199395 1.94171754809753 1.86042101710491 1.75348160469016 1.62394965802555 1.41023502114844 1.25286526665708 1.01901703123187 1.15602929204223 1.13105010950622 1.42561765679775
2.27863603680708 2.33654376647738 2.40884433362618 2.44293280169427 2.39026606658538 2.29125479420101 2.09192207520707 2.08032914547287 1.91994948881565 1.85474060415084 1.82849784286456 1.85342882742249 2.23513659717339 2.77186281893495 2.8686234740271 3.38154333276055 3.44582356804694 4.12602134028873 4.09584280409286 3.91815260525202 3.38036569314521 3.56324902041667 3.5270530493654 4.04111446339849 3.89773581453685 3.77005689707276 3.58759725154341 3.31534001306261 3.1605925426099 2.82525459350947 2.4727212003903 2.72192207929514 3.43065424351626 3.48176069896117 3.49664639570926 2.87931741877678 3.02529360065034 2.90026122746111 2.64179854675718 2.0584508167829 1.6678093176825 1.60376273604999 1.62664632278287 1.3527989110412 1.28497940888183 1.04214048418415 1.1428530880024 1.23057404585868 1.55812724266504
2.21254362146752 2.18508889339196 2.10288948759718 1.67865299430347 1.64300045640291 1.6013061678176 1.88123957525166 1.8888164812608 1.79843053310712 1.65036072764946 1.70286829418425 1.92162471733774 2.22667674018926 3.14917414278575 3.31555757797863 3.84515030124784 3.46257165805213 3.74655394519194 3.58767844194241 3.36844580198275 2.80419432068705 3.03615048274284 3.09068250629928 3.78080356615534 3.67459542480575 3.5045485616065 3.48223095621841 3.27961814521083 3.35100550316823 2.94566491470556 2.70151219723687 2.97208356088467 3.54838958040878 3.6790613949577 3.69387015368325 3.35322258393536 3.89609993976487 3.8072196155689 3.87356514259724 2.96870515452966 2.40717857157751 1.82735420038844 1.72830488062932 1.63496876520812 1.80436138758817 1.76932582989018 1.93712225885213 1.89042482924801 2.28470820673451
2.34455897369126 2.04146326946622 1.97734088521582 1.23929628695833 1.31958657483975 1.03791420129469 1.50659826022355 1.37063090641569 1.27978748170114 0.973627035584294 0.966110140352074 0.955801776697309 1.23688438676597 2.21361587961059 2.5699623211943 2.8743371612444 2.44013079246206 2.56814982960929 2.73017842015627 2.60108292841049 2.43773434477797 2.58996115007989 2.87640405478891 3.46854621655235 3.56894120623033 3.50974000044307 3.3013831908107 3.1350362121199 2.96151377135366 2.91097213297416 2.71201589276162 2.82335990240286 3.15755240717412 2.95540374259857 3.22187168126999 3.08898907847221 3.93268924310585 3.59934393435867 3.79991355290955 3.01159074497629 2.96167100916406 2.33876235134526 2.38021532712935 2.45348938315995 2.96324135080897 2.80443963391458 2.73711272603817 2.37064677330005 2.97662672205547
2.54697051169695 2.05987609750641 1.89288288018718 1.20792430036117 1.56590348671524 1.24082020234246 1.68527421388779 1.27580543386691 1.34574148486615 1.10213943000936 1.04209749237419 0.954992743661949 0.843440712770674 1.91518483540251 2.17158289793218 2.5155945074971 1.63676266632356 1.61116251067212 1.42264728651745 1.73975818999364 1.83605187833598 2.30965474091845 2.37158678462243 2.76913873335667 2.77858751811354 3.01801987133989 2.79478674881099 3.1642037040199 2.81949755435537 2.93441632716115 2.62889631810219 3.20852969374584 3.64052995351216 3.64376073064004 3.84640197273121 3.76238665371492 4.15899503348638 3.53864853216911 3.74050266577507 3.56011244529801 3.76180580056425 3.26394394375865 2.87508300004554 3.22057435357533 3.23699547023241 3.38888951686064 3.18504296242252 3.15692929010724 3.49461759294413
1.95104987092037 1.64572874106622 1.60145895165854 1.31948533582237 1.86507181503291 1.40450279429131 1.85387786801673 1.35179024165968 1.74407550485916 1.27418582396199 1.29523906605321 0.871361327126607 0.899777905211151 1.3536054463229 1.91988447409833 2.30600533807202 2.15009502040916 1.91677907086476 1.33983201838627 1.46630509866107 1.7458066737492 2.23671312021859 2.17606600787225 2.33524032546318 2.48414671645063 2.58728338177866 2.13965003979376 2.54749974061202 2.3223329385004 2.61279094540517 2.27380955377724 2.64909973032746 3.33629831154185 3.31531108784102 3.92236032779695 3.94650890830186 4.40444712133797 3.69891578404898 2.98866328099838 2.82039217001027 3.6160708197815 4.12337229092821 4.19110259929461 4.07391692775646 3.78731581827696 3.54507466130259 3.27776047952955 3.75767090569934 4.31940147630691
1.48888913550864 1.37879365299204 1.34526568061926 1.13418955222442 1.51080950885431 1.42151204165701 2.0177777218524 1.72096884790797 2.2158557368941 1.8595730574898 1.99253826557797 1.63996314658511 1.62680027028431 1.81114748167794 1.96714727620023 2.28358623791784 2.32615956705661 2.24691827905138 1.6645813712304 1.44978319793598 1.73957054238834 1.83681099583316 1.89832965222999 2.02620719664469 2.3579421718631 2.60236054054638 2.11444630688728 2.66034601262739 2.0145831517067 2.00644048518815 1.57613091289272 1.9305052740824 2.58059600346811 2.58592294146224 3.3604664774396 3.65392577283893 3.72348197199848 3.19130590821431 2.18909269889661 2.3509787208878 2.96103120681374 3.82604479147645 3.86862624754116 3.77376520658212 3.15920921069799 3.11247356491358 2.83953731546398 3.88798842500095 4.12051248273648
1.79161074165174 1.63462197344326 1.85980140454506 1.76321332452271 2.10409812604594 2.13145906907641 2.67299182380349 2.49300328487167 2.87794352873757 2.48669133030266 2.71915997675117 2.21550063814503 2.50150226060301 2.31634987328278 2.6709773174262 2.65427827921084 3.15729357811794 2.64493138853379 2.4164865243531 1.6097102713669 2.47427202133439 1.74903700514157 2.29398271082807 2.14209553078625 3.39758861353358 3.37014312827799 3.14474635382164 2.99180568637609 2.56256370584543 2.22178328626362 1.88141432517512 1.44269925842784 1.77284502642695 1.40265378201047 2.2974962362318 2.39049595345468 2.43708804380888 2.00703121174226 1.09677665952527 1.22193954287606 1.65642088462432 2.51466424409143 2.80409564165487 2.58799821067982 2.37968892167691 2.10533314666016 2.13980594664675 2.97138088000556 3.56904582288758
2.39512717651503 2.31789822927111 2.37741767021466 2.369488547742 2.50343670411714 2.45140626491948 2.70134232490743 2.60545173296037 2.87335292603563 2.64672546988035 2.77625413062461 2.58045103282252 2.43973187281362 2.01223740391458 2.19302180854437 2.42472792938529 3.19389614670233 2.44635863536705 2.63164479250413 2.0447025410647 3.20458428595895 2.41813330776134 2.82400031152686 2.795751140433 3.83281022655534 4.04369243004577 3.92949976911075 3.90054213535697 3.1782041391695 2.85988184256334 2.38396660687675 2.09282149023044 1.731277778473 1.38839533333728 1.76034275869405 2.00290780003395 1.8973395029612 1.61757702024259 1.21733380732213 1.40274535518402 1.52443767170885 1.89076148962652 1.92013884507463 2.0296150795478 1.92698192948549 1.6418534964607 1.33980175836951 1.90589363628154 2.13033721708157
2.85980088296349 2.45975308209939 2.71174361050814 2.84343568320745 3.46553534142437 3.20380957976285 3.49775183227163 3.19434682732815 3.556647345575 2.77273496279891 2.92715739174617 2.42056909031439 2.83512255025883 2.17741939694821 2.68798037622008 2.70754220755945 3.56122877063376 2.96828739848307 3.39174574759744 2.97792805379565 3.63347268880211 2.81016777167952 3.23083188608709 3.19622900413287 3.91965244493153 3.76376347172047 3.74743372937543 3.74960691984781 3.56286912444496 3.78150902515831 3.42851204661221 3.00584266397177 2.44807845271295 2.24914227394812 2.57785008097092 2.47847008384581 2.42880702534975 2.27304139733595 2.11032003023181 2.04822304496134 1.93415752282029 2.1253813160791 2.15186730222665 2.42599832006683 2.34758384417462 1.86559029975109 1.48884876644876 1.4873854069345 1.56808284003317
2.47574889650042 2.57557280192873 2.53568828485848 2.50191138807396 3.04469588598763 2.79243127762887 3.34950846354131 3.23137930343254 3.7594509852779 3.08779325732098 3.06342911222943 2.53013516155053 2.96491533443554 2.08031922252613 2.87002989593837 2.69412400859878 3.75774498968888 3.0914886859634 3.64051646921234 3.37338931713191 3.76845121837055 2.85282390493518 3.20037258099708 3.00166754938262 3.33922737350112 3.1280388783475 3.01628367035583 3.35405634210602 2.88324786697481 3.48810875040666 3.54781298852635 3.79793636238729 3.25517977911419 3.25163887261144 3.65017277959079 3.44717178639666 3.17707161230132 2.8693809523321 3.0772716965999 3.07095528174573 3.13006971741403 3.23607012943005 3.16684309774472 3.34059714397975 3.31621400771943 2.9371365643146 2.61724306582144 2.33019326780962 2.18506131634986
2.33986875015065 2.75902670711116 3.07494766712782 3.38252433264774 3.60012615975457 3.45684285564396 4.0201097392565 3.78746070362862 4.20122428706746 3.64441357577304 3.54963756242528 2.90237233918789 3.75531176998479 3.28825478141178 3.83821847080876 3.10594148759471 3.52423308854341 3.31066939855762 3.43884478970862 3.19201734797073 3.20482013293976 2.5609708805532 3.26877585350016 2.98640463060193 3.41165625364276 3.01659265889108 2.99158018384214 3.3319704544001 3.06290422060293 3.55698998688227 3.92445204635873 4.04810905337048 3.80919343517568 3.64312394605405 4.21402715527999 3.80321644471643 2.99249417970254 2.63265269899052 2.79236977459802 3.17217951375811 3.18530738819502 3.27572712704702 3.44107901630883 3.63543966840939 3.64191468645082 3.31041607894721 3.27079485174491 2.57548289327449 2.58895862208614
2.99766050191807 3.12753406127956 3.15328865037881 3.5089081182263 3.90515374487121 3.77286535825731 3.99396787446373 3.63694227544583 3.81704417371091 3.8528712618675 3.81411384764825 3.39775306881036 4.05284271878578 3.57151201784093 4.31234830050565 3.3265784943591 3.70015266449568 3.154957053843 3.15057092171378 2.99972478570855 3.24837010159657 2.96454285035013 3.45158692157045 2.70065926829051 3.55402697589619 3.20182439421384 3.80982181556316 3.54808869721999 3.27792547142643 3.42639895140473 3.94297048724214 4.72471073574732 4.46380535951784 4.49810109295185 4.76023883412609 4.6889147558585 3.76062197288718 3.40538679185423 3.43360573159913 3.88299357613363 3.78608491447842 3.78092203372762 3.72338415716746 3.12385780900636 3.06255382741091 2.78789063141608 3.30733021785815 3.28545756568013 3.66237856457235
3.60286860164002 3.58084253717525 4.02685341127933 4.65754364379592 4.88453994260159 4.431706871061 4.33369479475328 3.85798757743051 3.96184273638332 3.98101819215949 3.88186689908369 3.49644234729504 4.0226221650993 3.93767868352538 4.34196647055738 3.46458462748927 3.36853558640221 3.1664527218665 2.91406138074758 2.85269455961153 3.05650468240305 3.55313921448419 4.17753236528459 3.56161679270202 4.26935255913536 3.95434263086014 4.69895065688982 4.15935810098681 4.23717834528695 4.16118810416074 4.33560809137759 4.62378218815567 4.17252023998689 4.2310112119782 4.26927909907293 4.92677941173175 4.21627715000564 4.01263014140059 3.36152903838732 3.74536993067038 3.63041920098746 3.89636098132811 4.09593999644143 3.5819137630651 3.38706567820921 2.50514983472025 2.72768252432097 2.61517174677146 3.3235026175667
4.59996512380477 3.80920306724006 4.11806783026457 4.23340638512983 4.78807995874309 4.30930979168356 4.18432564218402 3.76086997466566 3.88677795832891 4.05360757110132 4.13532963966905 3.77200007182622 4.21554635153712 3.97719842295247 4.59497841501224 3.84821616534148 3.80689303389014 3.44807533149107 3.55279832286845 3.46386437634887 3.59057458776177 4.00475712851531 4.49706452175281 3.99812522301725 4.38936938064588 4.173567740948 5.01857619838943 4.32452138495117 4.28760662844289 4.20325195174633 4.23549454632253 4.84756791913508 4.40530238790121 4.70587847788053 4.35743326124696 5.00467944072278 4.82443894537234 4.88335608177413 4.38145655684755 4.30446417438968 3.96826244475785 4.05166268905872 4.14285342971521 3.70434528218562 3.61216318020527 2.74851824018003 2.9227311761644 3.11989044483519 3.82526840060831
4.38309360365361 4.37817057967749 4.9164328693382 5.13356638963306 4.9229679094946 4.29859981541787 4.24771161737453 3.94434408492881 4.25942866711924 4.39214607536337 4.69579270937938 4.42918214387191 4.36741334583302 3.94021803329291 4.2522937647169 3.96093008149215 3.90863114629087 3.63088067479659 3.55926493830584 3.68579017528618 3.75719453900862 4.22541374403204 4.52885557814743 4.51789307519154 4.49997018907389 4.50138733822338 4.89572095034142 4.71203754089626 4.69660249059687 4.61626168531729 4.62331678181111 4.40694189562088 4.29133668593716 4.33542519731491 4.48266182044028 4.87089120904696 4.8774945161517 4.80489023310582 4.34066007194678 4.25239647383822 3.98579521671187 4.02989439511498 4.27452102825596 4.21869892348318 4.17036242635552 3.29684272927574 3.10892428130603 3.16920508341041 3.85213945602089
4.87551663089389 4.51188819276954 5.10857955091393 5.15066926271266 4.91151252514648 4.20319113379463 4.14513864489454 3.96455763546286 4.10711414929781 4.19354298611625 4.51978552335038 4.35806074416041 4.26216004787267 3.86142022283056 4.13561196693199 4.02533358799045 4.1104352324326 3.93679969924942 4.02221917874313 4.15717603501083 4.29350370002633 4.39827418252976 4.37470669250392 4.31389279983516 4.07920102310084 4.29153886297456 4.35088008163659 4.52413238360853 4.38472563238394 4.70009721940193 4.77534196828033 4.66668775994523 4.40180831549241 4.4851446825004 4.46490285821294 4.74001951986471 4.68320488458079 4.82221579917045 4.59606840871834 4.50257934968705 4.09995790492998 4.03349680699044 4.35830785155692 4.65257734027224 4.52531427565352 3.95504548040294 3.65855295120947 3.88150994048212 4.10318473763191
4.53128219973876 4.57372860662035 5.28061838826396 5.37976534108728 5.34611006470221 4.61091140331614 4.45504015514962 4.30356659519386 4.27090277896889 4.34387287955762 4.46397871376336 4.68779238935136 4.42463257569267 3.96333554825115 3.82795206426713 3.91952306520649 4.01707834768435 4.16394484300728 4.29444986815302 4.60329558277244 4.91915042468959 4.81691791792135 4.40482378621367 3.99432641112146 3.92089608740862 4.4102866121229 4.46767099545676 4.58003063944977 4.51259239085469 4.93201800102933 5.10165122279201 4.70639104147603 4.14688069126239 3.98016324406241 4.1292763646596 4.40119618597409 4.39793261478578 4.28344606073756 4.06009766550961 4.00978117802296 3.93697223429634 3.61832780194016 3.81021548504056 4.00519775623908 4.26411155627844 3.94737417046923 3.68885435083005 3.7325069036433 3.86583193795783
5.46819770484115 5.17913445586594 5.42776426323379 5.2625910216051 5.41004226896927 4.76947535033513 4.47549204281908 4.467002552524 4.31213718746817 4.23086689575058 4.06450246206355 4.38043382941801 4.57111291841682 4.28015829490027 4.23662538363454 4.16563757786823 4.50301957773758 4.44480861024376 4.74826865168754 4.62387219504048 4.94819739234431 4.65890865504825 4.68949868519161 4.51623965644665 4.52490360131352 4.46888197821028 4.16347071230687 4.40917458087809 4.55864312701775 5.14161872032535 5.12466913115316 4.90421001562472 4.30356228167229 4.09920395705805 4.02574159221467 4.1971819893172 4.05760323599359 4.08341238946439 3.87875450535929 3.83071135201922 3.7536269751016 3.54271709092631 3.67786685201637 3.86486853147842 3.89869659491892 3.76388802226299 3.69273547509352 3.71280867873295 3.58691390648825
5.19859261056811 5.13100673424446 5.0718024570348 5.09998158989142 5.39664976518467 5.12155927410531 4.8127243172616 4.62077463220696 4.47584290897829 4.41653961759377 4.43819193137893 4.85111146029047 4.81582546595129 4.44821986490778 4.4134801304647 4.46445066274334 4.56904320447136 4.40462541885017 4.85140318004804 4.82801595642829 5.12998980915597 4.99869389719237 5.27288442894722 4.94047906780273 4.87596228646004 4.52547967086997 4.8946077365805 4.91103904005312 5.05263346140082 4.88775561739646 4.76579929726411 4.817835910972 4.69795331654794 4.40244370664744 4.4130442158048 4.27746126627344 4.37483708066747 4.01558812271159 3.98666235160849 3.96827226685514 4.18865082312751 3.91299272800068 3.61236479275682 3.5683908757961 3.77060955326983 4.11796232057684 4.13535563916611 4.25165285592738 4.12846235215972
