output/BIMAC_IDW_prior_no_advection.asc
NCOLS 360 
NROWS 155 
XLLCORNER -179.5 
YLLCORNER -70.5 
CELLSIZE 0.997222222222222 
NODATA_value -9999 
[rows 132 to 153 of 155, columns 294 to 342 of 360]
9.92009991931281 9.72025092177611 9.54898093746132 9.45860059347457 9.50123337051284 9.67803347051702 9.90274683023236 10.1472133231107 10.3103885776871 10.4433020630741 10.5449552457731 10.6114272798424 10.6291066528894 10.6681042988029 10.7317971735662 10.7834463777101 10.8395134166201 10.909700057588 11.0056669779158 11.1450953563996 11.334617838377 11.5165218308326 11.683008804851 11.8097617712958 11.795081078967 11.7634056685074 11.7793054892293 11.9250527841704 12.1813278420344 12.5141317277244 12.777460757531 12.8851517172639 12.8827157728249 12.9590012723397 13.0812020895849 13.2292251120653 13.3628601062146 13.3815705382029 13.13935370599 12.8332600588542 12.546325424266 12.4429943072671 12.5463878329392 12.8959779206052 13.1247332789125 13.2053773986069 13.1982037763142 13.1663600287081 13.0193508933687
9.22085620271793 8.8690173660549 8.65393139297184 8.62517434914483 8.74247277302404 9.01161633228511 9.35886219716845 9.70375998076697 9.98362717803838 10.2118878468812 10.3169136352254 10.3355970217565 10.2381932336686 10.1190701631416 10.0788655737291 10.1101910329588 10.1661941995832 10.3016443497945 10.3818385597622 10.413545507285 10.4523921934514 10.4786861798909 10.4874867349781 10.646715418113 10.7767739253224 10.8815116272382 11.0073189622552 11.2006849631837 11.3532298997533 11.5378567292607 11.6968284028692 11.8149134011171 11.8646419572559 12.0177289962482 12.1558579255454 12.3463061320894 12.5659270402867 12.6157691668318 12.4795852497556 12.2756312354578 12.0569255283952 11.8433916148884 11.8327049342161 12.0378946794918 12.172222197151 12.2117364444605 12.2214769147525 12.2795142011213 12.2047954887269
8.4172918633735 8.02230608032919 7.77964243773327 7.79693482823663 7.95935048570958 8.27492687786198 8.60282572675751 9.00912194857829 9.40972141960426 9.74471372930588 9.90688853204828 9.99479882525638 9.85030062128077 9.55143907047948 9.40371692682668 9.38251462067315 9.43879981724115 9.57602076339112 9.65981834795807 9.59826499366033 9.51240034276937 9.41212909591472 9.32236000586904 9.44324794630814 9.68906569440384 9.94512684539813 10.2084817570952 10.4374838821143 10.5384841319482 10.5648930352021 10.5898472698815 10.6144803857226 10.7787179079573 10.9237390213578 11.0708791147729 11.2530439955619 11.4266664318833 11.4134555987644 11.4185671327577 11.3296739992654 11.1992598309221 11.0689591300156 11.0337619664722 11.1485082376873 11.1840385977309 11.178092234013 11.2148356026405 11.3046322724432 11.2933977016205
7.57094184964176 7.19307297404806 6.95645833470219 6.97829625409313 7.13550479801573 7.4344860561773 7.74285140172044 8.1250775848045 8.57559596678579 9.07139539003776 9.33363746272599 9.45343705473802 9.33912312569616 9.02086202012477 8.76041958617797 8.6854115598791 8.7355595849104 8.88143981942461 8.92879529213043 8.78490832148724 8.58501162949938 8.38796384568244 8.21796995515792 8.29341825751304 8.57615657891485 8.94860226337508 9.27915050494056 9.5269956636179 9.6180784846029 9.55093475378639 9.46983260029142 9.51376735736812 9.63832247608343 9.64567463799115 9.81692815301889 9.99153051380365 10.099667175274 10.092920098634 10.2748807493195 10.2594012548293 10.2114337688712 10.1478916677777 10.1533486398682 10.1708093420252 10.1909615421549 10.2795440028785 10.359715332439 10.4704578666077 10.5513222635782
6.53545847346834 6.31362014191813 6.17509445505448 6.28556054497311 6.50485047333785 6.77256536527396 7.00016097302997 7.31046353513397 7.72254785913726 8.16634728238922 8.45586398609149 8.60031314084745 8.55066991851284 8.29748619293648 8.09227230745957 7.98216618507832 8.02520193422492 8.13703789624664 8.14544120360238 7.9810258914199 7.69330243175971 7.39385655482719 7.16342791970274 7.20994663396512 7.43165483512986 7.84392772488735 8.24296235767535 8.4842105948704 8.54144639685546 8.43809451867546 8.35482182166969 8.36826685649404 8.45759486282012 8.40839841717558 8.48498999287329 8.63096718277381 8.72688751516146 8.75074114104216 8.99782483824533 9.16161860496406 9.21901280373934 9.24635710091356 9.31765366226493 9.32340684600439 9.40984502870603 9.55796289916389 9.71535815469677 9.86224422125783 9.98586129928992
5.52000362715562 5.44987081310549 5.44734512624184 5.70234454949381 5.93862651068398 6.19120421610739 6.36339585917331 6.60385638382806 6.92213523854301 7.31793466179498 7.58279679603579 7.76314089934284 7.78756028693421 7.60078757484663 7.40273146709081 7.31448903112492 7.33335113815852 7.41397769396722 7.43698017868397 7.35117566834191 7.20464309172783 7.05237435554719 6.8312854769507 6.7674763118802 6.85347471832992 7.02597157050153 7.21194198213893 7.37940701039892 7.46869910682842 7.40353604390955 7.33608892844929 7.30441332259325 7.32333421667463 7.17667130102373 7.1462780696971 7.21980571563799 7.32871090985663 7.41675566183772 7.73216751079849 8.01832594853464 8.23867639157801 8.39692288507199 8.57817239816947 8.68476781502688 8.80877853362783 8.97940199077032 9.17224162636303 9.37121902180346 9.54842772872581
4.86117383138064 4.94984482894501 4.98198932433962 5.20073795387956 5.42655250359347 5.62801668294845 5.7289419885599 5.91770842955001 6.159365942022 6.4548 6.69766939703465 6.91068474162401 7.01756569604496 6.92209389365783 6.78720901215655 6.72786947946391 6.748195116033 6.80777233402873 6.88583314801792 6.87295720449072 6.85791446180954 6.78894300531005 6.64452463111959 6.44643919253474 6.35040226247847 6.28593461266226 6.29912880941245 6.31623994434638 6.43059444098202 6.43559010364464 6.41322081964978 6.33148687821962 6.26547893220444 5.98694278684384 5.86461724597417 5.86798708934592 5.99815730936694 6.21724895925554 6.6550806847136 7.05520293239194 7.38177468132373 7.66082117481771 7.90970482398256 8.08841952773498 8.25199241133139 8.433239035677 8.70376822008946 8.91863316727432 9.11957490057333
4.38029893331368 4.50230922948143 4.55936548132913 4.70448108378697 4.87739407412294 5.0564999147356 5.24742522034705 5.38679862975642 5.54266142482981 5.67659704218575 5.8572048172285 5.94276043027244 6.10264733687565 6.21324479740933 6.28686141142577 6.3043661547584 6.3608868071821 6.43952972760924 6.48955863683501 6.50628099085949 6.51114871146573 6.4681878686908 6.32794148123679 6.12124004152294 5.89930855713146 5.70884628574077 5.5860030543475 5.51978212735602 5.53862164469253 5.57364661167947 5.59089401752616 5.53434159799355 5.33329414102852 5.03699281455531 4.87718781812785 4.85768407110877 5.07916429934195 5.46872374156424 5.9725306151982 6.43234521783548 6.80796674430023 7.0436132377942 7.29146501752486 7.50641445199686 7.71241010032876 7.93264725472924 8.22451042694885 8.41104990241447 8.61602237735705
3.98604088935023 4.08411558373877 4.11459969166459 4.24568942933231 4.40796444045355 4.6040884669798 4.79698966051232 4.94133811420606 4.99319085869088 4.92076158506543 4.95992375719663 5.02410643002706 5.19692788898975 5.41952786565917 5.71851371651525 5.88269631594821 5.99263748370207 6.07998729730391 6.16292952200996 6.17109654555852 6.13552646646515 6.05378656579701 5.90454820451616 5.69429707519821 5.48502039570675 5.27996452654875 5.12878520730279 5.01716426724064 4.95480378457715 4.92203809774355 4.91318341353422 4.84261618812264 4.73342488839518 4.58272356192196 4.45386200038802 4.49783916243525 4.76362587925558 5.100321564999 5.47075314228241 5.89475410591758 6.23072159595488 6.43680919585566 6.60879430891966 6.86657769445631 7.13408853806772 7.38652233177207 7.68633262762652 7.91193876975881 8.06057522285693
3.80388042996987 3.79687816990223 3.75187153409144 3.79845720171369 3.91764705644674 4.07618295458369 4.27631902913596 4.41141329442606 4.44722790897101 4.35673068487836 4.32211258588377 4.35786037769445 4.53536634322258 4.78702838076934 5.13952527272897 5.44839420258417 5.65888154913244 5.80738465024592 5.88647148721776 5.80175471323543 5.68076026170484 5.53557880605826 5.34712277378135 5.16669412852564 5.07668496082501 4.93993796076914 4.82032932047326 4.7011710622053 4.59439439216401 4.5094630282712 4.46023820634105 4.38657747964559 4.33144541945849 4.2857758171562 4.2487557037116 4.29374673136868 4.55035164670683 4.83492118663791 5.12055276392132 5.41202011575717 5.69941592348654 5.84647015681151 5.97752920472181 6.25887301813429 6.57110017611255 6.85777923232715 7.17287467969906 7.34779169406658 7.38511327005289
3.61348362363539 3.60659448240613 3.54890162340219 3.51831857881887 3.55952942446782 3.6520986020142 3.792159691928 3.87640974223627 3.90739306898679 3.79613603548686 3.72491003197148 3.72028913833127 3.87299075582026 4.11772456296212 4.5032827599718 4.88441022268012 5.18574202473301 5.39335892962886 5.444273790075 5.30391713081307 5.11712318977488 4.91547257461943 4.73225130142774 4.64183656318586 4.65773232171153 4.62893016221372 4.55989581371057 4.4552947500768 4.31152968297649 4.18178347308022 4.07955591128901 4.02026322323453 3.98088860944191 4.00681023711045 4.0452758597125 4.13037929512891 4.35367976182257 4.58817337896379 4.80911333150948 5.01732564221944 5.23126694149247 5.34290278293926 5.46226511500098 5.75122585562842 6.09169702924395 6.40192916107862 6.71844574552192 6.8013794492695 6.73576653422172
3.27011098676307 3.36239792013329 3.3840789053231 3.35088908456909 3.31798716267214 3.30802320362921 3.34690821894353 3.32577230429883 3.29777261401925 3.180176310182 3.11362386643528 3.08778453539648 3.19288576850448 3.41761957564634 3.81742330553861 4.22673637252855 4.59262966624383 4.87358822903742 4.95161557260446 4.81549819509337 4.57575163729244 4.35118844321424 4.18582510238427 4.17782815314769 4.2487408379634 4.30118947195443 4.27293728487433 4.17497209750771 4.00303053353659 3.84760215424772 3.74285600705229 3.6920157080361 3.69157437548173 3.77307698285905 3.87669375731261 4.02439203894004 4.2011496426199 4.3945856716528 4.56873975875451 4.71350533243298 4.84354274461351 4.97074785197556 5.06631209051143 5.34312899584653 5.6843254026673 6.00089788419888 6.22561014407603 6.2354201327302 6.08339196902238
2.68961031761953 2.90527198627818 3.03761901961197 3.09938217761202 3.07409313239837 2.99960964267211 2.94439331815203 2.88933854120186 2.83796017954889 2.78670636603017 2.73458019116132 2.71493457244454 2.75589572479777 2.89627442764862 3.15688575554547 3.53087758764993 3.91351012769123 4.24337484879185 4.37540219235889 4.2932848148478 4.09664946606159 3.89890875513599 3.75570337422802 3.78415433088387 3.89207127294683 3.95644563643541 3.94403559568891 3.8647039222473 3.70449228484402 3.5569664002999 3.44919948758562 3.40037998656561 3.40814732842989 3.51527343882732 3.66174845473511 3.87171034304312 4.09172665581469 4.28765759238093 4.43889949519136 4.55479429298582 4.64371565412922 4.73596685594738 4.81453520011084 5.05806242778704 5.36228242044196 5.63408817673982 5.80135873102804 5.77420334830014 5.57018372733583
2.00884609358383 2.27607591895341 2.47142574629644 2.60962381659275 2.65722645289354 2.59574215908065 2.5692853363515 2.5664781393813 2.57983467999825 2.57704495564231 2.56033132188919 2.52532325367392 2.49652041641613 2.50715939371127 2.62342959611117 2.8810167774301 3.22936089383538 3.56178532849118 3.72431865183322 3.73173610757344 3.65491059892122 3.52641685419469 3.43053684038368 3.4916469868127 3.61240933090624 3.64606062340374 3.6285447933999 3.54904518261324 3.38103354520995 3.22896739482977 3.13584041650145 3.05958262736641 3.07022015680654 3.21628504554612 3.39933989212043 3.6379841594152 3.92512178082143 4.16848294079433 4.35388216091816 4.49267251871201 4.58217421805158 4.65761242374385 4.76544346154313 4.9674159992863 5.2073288589964 5.42955697043087 5.55491855387299 5.4356128705453 5.2112388461538
1.29929542353665 1.62617678476661 1.89504269367607 2.09049051068777 2.21564560556366 2.21259687841238 2.20449941096212 2.24599500954516 2.32222155046314 2.36692070510927 2.38362702214658 2.35250894021014 2.2848095178657 2.2155864342835 2.23334554045562 2.36534448743469 2.62796795386825 2.92125604871637 3.1227504138985 3.25549974672524 3.30592537818257 3.27564765961179 3.24656836909288 3.32054684590241 3.39917477450033 3.39559588353969 3.34612087645452 3.23509820352337 3.03872308891574 2.85282056633329 2.75092837829534 2.65975591960526 2.70280679078339 2.8811124930687 3.10858072394238 3.39538844471878 3.74143462047896 4.02127407501032 4.24522277205937 4.4142280496835 4.53592850446362 4.64427398142172 4.78289715131802 4.95851435607314 5.14924110296153 5.31116815295296 5.37748588858711 5.23719983001869 5.02081077113619
0.658243808616567 1.03711050979181 1.31587989205258 1.56308225361321 1.74629279049107 1.79349184316024 1.80052743019319 1.86048005668739 1.96918864737453 2.07192761142795 2.13070645410935 2.13681481892629 2.08695040306328 2.00608143132764 1.97162145472862 2.02764596406104 2.2250493465099 2.49373426091577 2.7463759839395 2.95965740212648 3.11544366247153 3.16148076644547 3.18135888769226 3.22793856865192 3.26980432487937 3.21093021054758 3.10326080833361 2.92986009857088 2.70317655421584 2.48816322746459 2.36774695004808 2.29939080836096 2.38959885822603 2.59931011599599 2.86505970162031 3.19853571663382 3.5748601504487 3.87546944447965 4.12638444372944 4.32396624830588 4.47671858592275 4.6179186694499 4.76431568174393 4.92322818234477 5.07967732127722 5.2003692217855 5.2308623919566 5.11380983197577 4.92860399899961
0.261205380126625 0.601160379861623 0.844321726619349 1.07353871583768 1.31499015030735 1.41682651400378 1.45003517426353 1.52600799569584 1.67464678848494 1.81518578771771 1.91530353033818 1.97202596967353 1.99446860092692 1.93425460379728 1.87435731088248 1.88969792981908 2.04249199685706 2.27351768814512 2.54349572633204 2.80479839687721 3.02172199326195 3.11844719105913 3.1584643806717 3.18270817457976 3.19318089884222 3.09783928453055 2.94936784929498 2.7279502270971 2.4652021335804 2.22141014249087 2.08406981368419 2.00504605519527 2.11860717170011 2.35470581398322 2.64882955029216 3.00145545627372 3.40745498765851 3.73024492166292 4.00242304809099 4.22550969065609 4.40785027558402 4.56940338629482 4.7237799198755 4.87511793608256 5.01076752973585 5.10590271735636 5.12743797637073 5.03611829753527 4.88075260773599
0.0483914849578076 0.342692068672427 0.538990245100244 0.751171409516711 1.0283465559721 1.18823934737471 1.24537684749239 1.33199041915545 1.49471235269926 1.63928605287764 1.74959673845192 1.85299951609894 1.92365110313998 1.88488577537738 1.84833979275768 1.84 1.95893021681658 2.15620037232417 2.41834993551867 2.67675349624557 2.94279960973402 3.07715257148634 3.14455365158043 3.17056978070212 3.17656448185394 3.05797276055712 2.88146896184779 2.62138422641401 2.29601381884163 2.02297359318997 1.89426163365814 1.83789705512498 1.96588799035469 2.20915396835232 2.51082342571865 2.86094902341317 3.26258428923658 3.59359214405686 3.88080009706895 4.12427142141015 4.32903583470547 4.50821023924868 4.67090517791748 4.81920172383323 4.94402835206508 5.02847836789128 5.05226587237696 5.00240448779283 4.87565978077011
-9999 0.251313928372511 0.447485087957631 0.632478571812164 0.90567935988317 1.0828407787084 1.12179846267864 1.15591218445547 1.30565643969177 1.44455022443441 1.57121815187974 -9999 -9999 1.85273255487475 1.84 1.84 -9999 -9999 -9999 -9999 -9999 -9999 -9999 -9999 3.14716620564392 3.02246303218466 2.81319506958622 2.51433092796644 2.19491059918066 1.92236461419974 1.7822947015622 1.77775103000761 1.92694207368313 2.15435107325248 2.45728814481994 2.84392805774724 3.20238334311109 3.51902338050826 3.79932175634003 4.0573735495496 4.30557702727124 4.48509471639374 4.63685494251317 4.76419587482247 4.88120937100563 4.96054403311279 4.98884858418315 4.95864184496679 4.87355897306879
-9999 -9999 -9999 -9999 -9999 -9999 -9999 -9999 -9999 -9999 -9999 -9999 -9999 -9999 -9999 -9999 -9999 -9999 -9999 -9999 -9999 -9999 -9999 -9999 -9999 -9999 -9999 -9999 -9999 -9999 1.76683517698753 1.81266211215318 1.95050243003075 2.16323219331795 2.44939023476005 2.82523600828205 3.14675531422583 3.45533200271367 3.7354900632972 4.0061768306593 4.27228455527449 4.45781330750607 4.61043033557599 4.73442136269975 4.85179972725429 4.92480580494932 4.94914970107551 4.92564800679043 4.86263004719793
-9999 -9999 -9999 -9999 -9999 -9999 -9999 -9999 -9999 -9999 -9999 -9999 -9999 -9999 -9999 -9999 -9999 -9999 -9999 -9999 -9999 -9999 -9999 -9999 -9999 -9999 -9999 -9999 -9999 -9999 -9999 -9999 -9999 -9999 -9999 -9999 -9999 3.39847362622677 -9999 -9999 -9999 4.43457864110807 4.58541716782248 4.70434419630773 4.82348839042693 4.89596264323255 4.92153434116446 4.90090161651964 4.85047175728278
-9999 -9999 -9999 -9999 -9999 -9999 -9999 -9999 -9999 -9999 -9999 -9999 -9999 -9999 -9999 -9999 -9999 -9999 -9999 -9999 -9999 -9999 -9999 -9999 -9999 -9999 -9999 -9999 -9999 -9999 -9999 -9999 -9999 -9999 -9999 -9999 -9999 -9999 -9999 -9999 -9999 -9999 -9999 -9999 -9999 -9999 4.8999307236655 4.88433548761392 4.84382021002167
