output/BIMAC_interpolation_sd.asc
NCOLS 360 
NROWS 172 
XLLCORNER -180 
YLLCORNER -82 
CELLSIZE 1 
NODATA_value -9999 
[rows 0 to 21 of 172, columns 49 to 97 of 360]
5.81207573816879 6.41813892059699 6.97840333029551 7.16002060311253 6.32686560156587 5.30790361367556 4.59402832348028 4.48300047680365 5.12201193792925 5.12991033467525 5.44169462680621 4.75680358423835 5.00108026230111 4.29243435998547 4.85536661849877 5.15136327701324 5.80528543673278 5.7320858550497 4.74153275601262 4.59485848079025 4.49836068247348 4.96195949870137 5.73687630210173 6.57715044542864 6.77841710686901 6.21870290429361 6.05856979647714 6.71683881121456 6.30298952035355 5.65106781362125 5.25445741069985 5.9232075874801 6.68934313952512 6.45335538772766 5.95337675860583 5.10006015240278 5.30556820461176 5.42239994987805 6.0733257306487 6.22634988786321 5.74670120479878 5.12596240500997 4.39775203896548 5.31073784918653 5.69796433911889 5.78589514124267 5.80260835696917 6.39349077388262 6.37782699597465
5.45876916869217 5.77016914074678 6.26229721815257 6.39988443265829 5.99099216290697 5.14594947626927 4.62525508568866 4.61684420020223 5.12761920941307 5.23626409982106 5.43610023372003 4.82171614812396 4.91031620008015 4.36033549684528 5.07884930268886 5.56294419833953 5.88627003354299 5.87947226002952 4.92028414853797 4.88983441439929 4.66441539671946 5.45364363444101 5.82476823300841 6.64282287187276 6.31611209001761 6.13758749263988 5.94712691901331 6.26693949013428 6.31092453422924 5.70958048572708 5.49833870195552 5.81600717732467 6.33511213470625 6.43571438061938 5.88896183201826 5.38365719641847 5.18280888506107 5.15607934783191 5.54259080656668 5.95216726125239 5.76965651171347 5.36017048080605 4.67726634018457 5.0764653186915 5.15045643912483 5.2012180339305 5.30425081189953 5.60297920308925 6.13503452375885
5.32744464478547 5.2652421293373 5.78256901138676 6.01382615920718 6.02251427089907 5.8747627723068 5.5812226395642 5.50108520709408 5.22069083426698 5.16875345173375 5.15062340519707 4.98110119055041 4.99845958635302 4.82411041255619 5.2778387478397 5.85013456201049 5.779358173531 5.80794453206901 4.58983209867299 4.60574811062107 4.27373644527825 5.26026764179765 5.25855469789768 5.96327101221367 5.40382359260382 5.81484624406821 5.93003968110371 6.21907628275954 6.0086675058334 5.44946404826637 5.06659907984452 5.48154847301677 5.79971704437565 6.37185665551237 5.83144971516583 5.85575687416017 5.67654100659872 5.51537211917689 5.30690469375112 5.45077072591718 5.3135370793043 5.4744065844011 5.29005436856685 5.44841973858039 5.16650896256499 4.77626477796067 4.85619157592829 4.75716592900105 5.24177735957635
5.05223660123771 5.15392981912703 5.75342918274739 5.5380229008683 5.54531716558005 5.14990167261214 5.18356677423004 5.81937036528509 5.9935108472024 6.20662246965032 6.04763712550661 5.38957027408679 5.17759480581768 4.54915995321979 5.25470356333271 5.7878864284563 5.94932820885395 5.66496098277835 4.79546593690562 4.87586038854306 4.97307350293246 5.87347007248302 5.5228182011702 5.8793671402265 5.39758893111846 5.93660857756428 5.8598743128026 5.60450194299652 5.75357195687071 5.22984129487822 5.63301991324772 5.88416909460179 6.06335742377415 5.82395887377621 4.98867072858932 5.27948131550095 5.40449635112255 5.38566575842775 5.16446335238324 4.94742645954695 5.20335412910686 5.55594576536261 5.95216272800131 5.54436846623026 4.95513554486716 4.63773681743611 4.74541801522044 4.6524733664102 4.98132750673015
5.80052377856355 5.71333726778518 6.01566885241598 5.57427361623821 5.44846096781656 5.00730750107922 5.21761148887873 5.85242429552768 6.01947751516741 6.26521982856051 5.94843185300083 5.36462654879968 5.10058457843288 4.69818611105755 5.03033510790779 5.49120727988732 5.63285268564509 5.5276591211899 4.78580017241602 4.82713709136804 5.03188579097901 5.3900387860442 5.24972824858474 5.371767420736 5.26676329320306 5.46108341630619 5.31864709093444 5.34252705962762 5.31857817505301 4.86419458535986 5.05924692914747 5.30667972714996 5.74445200040758 5.89212385617741 5.40748378058128 5.54267103760779 5.2547819379855 5.34460777184873 5.17874387700871 5.02485474275526 5.60081782830373 5.83927859237647 6.06407291834176 5.33113366179957 5.0257132810599 5.07493303678075 5.44463473336784 5.46610755981337 5.06009807778245
5.98969310740144 5.88656581012866 5.88821962170535 5.87137735674833 5.45562215877448 5.08507347933684 4.57663808745911 5.47609181615652 6.21477638312576 6.85511546259719 6.51702378726016 5.63068740459838 5.25607755636681 5.00829327799632 5.1924420719127 5.35480183444319 5.4346783120064 5.57747300095 5.29943291198948 5.28134007530115 5.33709776231408 5.36042642948571 5.34122602108899 5.36420939529974 5.08337699867628 4.92981788512888 4.85821288389826 5.66454131110741 6.17202444287611 5.83495357327948 5.47819931727034 5.12758193242856 5.29367478601237 5.66053486370841 5.38597127554848 5.33600308119842 4.59415055265762 4.76191649923582 4.86647600296217 5.25807943682213 5.95483699053048 5.88034923625335 5.93930694513846 5.13292568818191 5.34572979170299 5.46533868088956 5.76686128348323 5.73575133405595 5.40736331764371
5.82447802913675 5.33939374872978 5.26204899675119 5.54592846439856 5.41795534960419 5.64130894262352 4.92123189620826 5.43461430304901 5.45438876186709 5.82733221785215 5.63876250536242 5.48298608360027 5.31183913099342 5.30943547168061 4.97090254828159 5.4781182670834 5.4921716083975 6.01208238619315 5.45848045685491 5.31148684307185 5.14342641088258 4.96137104790364 4.90308208335347 4.68204110603053 4.55527169671435 4.38451470695314 4.48526930790305 5.24622889687966 5.65550174861373 5.38610688158008 4.70696289605696 4.24970363318191 4.4287439683323 5.63000121224557 5.7354141645819 6.08365957889519 5.02305457382514 5.53106691945936 5.36469523904974 5.64918814461078 5.74142156213561 5.38776279423219 5.27370875883354 4.59082337535056 4.84899063023433 5.18024739338853 5.8600979211556 6.06714240521116 5.74711270464293
5.3989033840406 4.84823890141697 5.25140397510374 5.77822464990193 5.87056142143734 6.01690900968952 4.98937511915134 5.26752654362451 5.27229781795376 5.51892292641026 5.51396591157943 5.34877277100809 5.4524596475431 5.35391799018582 5.06595169258066 5.3832346063989 5.56932178849256 5.64076370702321 5.06023524182502 4.71843029838013 4.92075995066552 4.68540291170587 4.72689701016636 4.42716762558631 4.65152150983909 4.9868477293078 5.18616279502453 5.54373851895399 5.81168101785586 5.99545069741071 5.76490564228443 5.38794956486741 5.2756268637279 5.63713057502398 5.34802413666058 5.65369605780499 5.27920223466547 5.81088092994705 5.53139084810575 5.70690852263676 5.18765994727798 4.87411572127086 5.12455038142826 4.90212714082115 5.13989902149403 5.09864485141276 5.58755394363218 5.82971266331063 -9999
5.53966783241342 4.8297135817618 5.13964381291031 5.69962697098334 6.04771744128755 5.95536388967771 5.4692001640059 5.14260509685967 4.98609252089714 4.69747694021235 4.67767735913207 4.74473637212858 4.92569033497307 4.74050996660594 4.72627747238056 5.30281210192125 5.81570548232764 5.69393896081692 5.29274001265587 4.74418107448355 5.04563378338126 4.65888692051814 5.02600771158506 4.74897393584069 5.05730694631932 5.24858655542001 5.71637231595559 5.67033290087341 6.26876930917137 5.86426379768894 5.84953985715613 4.91861887362697 5.15129672901704 5.44676392934611 5.57287308589568 6.04539769774593 5.7208550893506 6.27299897546643 5.78514697378646 -9999 4.9433431596168 -9999 -9999 -9999 -9999 -9999 -9999 -9999 -9999
5.56090629952787 4.96101123955273 4.90206622714864 5.39901590146359 5.68704100411684 5.49748063187717 5.35095935967883 4.82122977152365 4.83149051607203 4.64668729670819 4.94576439822048 5.12718200574846 5.14814922102534 5.14804306034407 5.11361699486145 5.15615257086099 5.25743319739008 4.94312381821876 4.85961488294703 4.39152287304118 4.71034665022432 4.64371654640281 5.26157530552533 5.20209641261068 5.29622898476522 5.72253997181809 5.73629766736316 5.8372616940648 6.01851107960398 6.11861779692118 6.18686597085993 5.40156827229884 5.66302843927307 5.72611039287248 5.85254973082431 -9999 -9999 -9999 -9999 -9999 -9999 -9999 6.39417782575715 6.2755259358054 5.70733899279393 5.45296907086873 5.00655019828463 5.04098152824716 6.92770044487011
5.5716972316165 5.33969843334437 5.16417257700192 5.47628627685539 5.33701050491139 5.39951131028032 5.31563841236747 5.08634949542055 4.76919465870729 4.66895553999903 4.78749910076949 5.18478727859373 4.94391294743847 4.8738717505055 4.94581024062555 5.12840149701232 5.29487255898606 5.10069016921518 5.07976798422128 4.75891500673437 4.81303882098653 4.64138388756919 5.3207981538942 5.35959894792338 5.29698295602663 5.28848989389133 5.31171151865981 6.01902000905218 6.28259110727901 5.89907812094402 5.39116997435337 4.74614514673714 5.06777290029285 5.49864205815709 5.85116124065126 -9999 -9999 -9999 -9999 -9999 -9999 -9999 -9999 -9999 -9999 -9999 -9999 -9999 -9999
5.46785468194033 5.91328851027787 6.11424715628247 5.94483539963418 5.37076938561317 5.75314878741371 5.58450558189728 5.61490157139137 5.23970929925051 5.3819371659283 5.60479334614718 5.59596548550789 5.09445210572752 4.62209902295583 4.55737752152741 5.00851906120962 4.97739897197317 4.85241388065843 4.18790367752857 -9999 -9999 -9999 5.16786192919801 5.48345024691348 5.46106889766048 5.22199304997144 -9999 -9999 -9999 -9999 -9999 5.74534734355427 5.47036255739039 -9999 -9999 -9999 5.76600856454279 5.93959169142931 -9999 -9999 -9999 -9999 6.21423722737882 6.12912598219493 -9999 -9999 -9999 -9999 -9999
5.33906554398167 5.70555159017096 5.76501981267528 5.63078325340055 5.47527609509704 5.81023966103367 5.50698324854868 5.63329520141733 5.54056408580696 5.80751434911191 5.5590922521359 5.3702636810662 4.71810809799695 4.14416866242193 4.30644553163923 5.02879879402928 4.9576496785171 4.48065587947353 -9999 -9999 -9999 4.14422705617028 4.86949503472896 5.38944652339012 5.65530774882064 -9999 4.33804225781818 5.0157723847036 5.10207131340867 5.60963251721439 5.43758874004964 6.10731559488799 5.49861247486747 5.02031127451554 4.46720656293852 -9999 -9999 -9999 6.26082427074135 6.00008715682431 -9999 5.43967617190596 5.27660202572239 -9999 -9999 5.0504663429906 5.0504663429906 -9999 -9999
4.88046616604324 5.35328444587253 5.38888485387564 4.88788175368538 4.92330849797679 5.29583382912201 5.0330582111979 5.30701340038468 5.7234162645684 6.03910845430269 -9999 -9999 5.44645512317182 -9999 4.56544398432456 5.05775484039867 -9999 4.00033591355128 3.47984707171356 4.30178258357417 4.62576311929645 -9999 4.98149915728903 5.60454191963771 5.74379377994371 5.05036753268449 4.68904308493473 -9999 5.2149746554135 -9999 -9999 -9999 -9999 4.60642861168579 4.44399547036956 -9999 -9999 -9999 -9999 -9999 5.42554418461303 5.58012162944835 5.97052419303861 -9999 -9999 -9999 -9999 -9999 -9999
4.09982486979313 4.3464575397923 4.17355383788519 3.67798798403262 3.81606227120264 4.05556865140927 4.16138878944496 4.65475121358646 5.27461198351373 4.96810566434302 5.02507503414635 4.9987229717821 -9999 4.85169549096461 5.10627280962258 -9999 -9999 -9999 -9999 -9999 -9999 5.29808538691525 -9999 -9999 -9999 5.59290188131315 5.22558813929033 5.65909238711149 5.72934179850372 6.0705195563089 6.1348048725901 -9999 -9999 -9999 5.36267657008082 -9999 -9999 6.29650225752651 6.39051427109871 -9999 -9999 -9999 -9999 4.36130977901898 4.38838275336339 -9999 -9999 -9999 -9999
3.89275290495032 4.34526351683247 4.85295727274318 4.06608328409399 4.05224007338596 4.33453254230252 4.45972363862805 4.99748985850928 -9999 -9999 5.06389030556396 4.72119752967023 5.22635149212669 4.76912988695748 5.07626439642548 5.57164027837727 5.93830020762887 -9999 -9999 7.89224504694292 6.54909065816742 6.49626740893719 5.85477674157613 6.54085419644368 5.83977743685689 5.56752688248256 5.02450745255394 5.1930754277891 5.12201174923454 5.67002661008724 5.86373684776357 6.50877121057393 5.93449290405852 5.28041306491023 5.44841594627159 5.36466748501257 6.58498901135145 6.29650225752651 6.39051427109871 5.82960482557096 5.24682821473626 5.45858548778087 5.36147970229628 -9999 4.38838275336339 4.52220766131581 5.16850949914753 5.5347716528336 5.357856532545
3.82407836700362 4.27720850674003 4.39998096159206 4.28942662203359 4.39476988498404 4.69403710305538 5.01934688111827 -9999 -9999 -9999 -9999 -9999 -9999 -9999 -9999 -9999 5.93830020762887 6.79961741366435 7.37297197241322 7.89224504694292 6.81178606210046 6.49266256373076 5.8511718963697 6.27532588339044 -9999 -9999 4.82114248970719 4.95373397520997 4.89293260375969 5.47683183528941 -9999 -9999 -9999 -9999 5.76892691789358 -9999 -9999 -9999 -9999 -9999 5.43862176731838 5.71231297131611 5.18547914110325 -9999 -9999 -9999 5.55161628075258 -9999 -9999
4.30789803445258 4.71479854113862 4.84459269791093 4.6867987584047 4.91999556578596 5.71214628322539 -9999 -9999 -9999 -9999 -9999 -9999 -9999 -9999 -9999 -9999 -9999 -9999 -9999 -9999 -9999 -9999 5.44041502632718 -9999 -9999 -9999 3.9813446560732 4.18325794438633 4.27288581223924 -9999 -9999 -9999 -9999 -9999 -9999 5.00620025122958 -9999 -9999 5.68477296995852 6.17470668347646 5.5140944717085 -9999 -9999 -9999 -9999 5.55904773920772 -9999 -9999 -9999
4.50125563199149 4.64396675828874 4.37568329116199 4.40093888557503 4.87691654747889 5.52634555130133 5.71696552887803 -9999 -9999 -9999 5.50599113214315 5.11810140704505 5.19475614050893 -9999 -9999 -9999 -9999 -9999 -9999 -9999 -9999 -9999 -9999 -9999 -9999 -9999 -9999 4.2308217200125 4.6395101948212 4.63398516006875 4.70900501334053 4.72680896388478 -9999 5.51136355018697 5.37403343075349 -9999 -9999 -9999 5.78386998754971 6.0779610020121 6.24612447856651 -9999 -9999 -9999 -9999 -9999 -9999 -9999 -9999
4.666461110468 4.68890888579079 4.62159784792413 4.42221361075336 5.0152324993686 5.70801555903075 5.49811286673548 5.09235806659515 4.77856225388271 5.34541607555165 5.61790318883084 5.30979139900007 5.3928315281572 5.45666759241638 5.49704540759801 4.9494531610643 4.67039681320656 5.34743014956758 5.95181823248197 -9999 -9999 -9999 -9999 -9999 -9999 -9999 -9999 -9999 4.69068199981205 4.66749354219791 4.72378945544646 4.58853810228284 5.30796934668163 5.51136355018697 5.22911529889094 -9999 -9999 -9999 -9999 5.99390205834009 6.82425683126889 7.21579473349353 -9999 -9999 -9999 -9999 -9999 -9999 -9999
-9999 -9999 -9999 -9999 -9999 5.11509446002279 -9999 4.17864840312626 -9999 -9999 5.89508882942609 5.38493050714469 5.51533805958927 5.42226883621023 -9999 -9999 -9999 -9999 -9999 -9999 -9999 -9999 -9999 -9999 -9999 -9999 -9999 -9999 5.50230154198174 5.07858234724212 4.71295734527466 4.78939134659059 -9999 -9999 -9999 -9999 5.35084264105201 -9999 -9999 -9999 -9999 7.22686291179868 6.5549944665359 5.24625885524649 5.04228105989727 5.34858214281795 -9999 -9999 6.06238256050491
-9999 -9999 -9999 -9999 -9999 -9999 -9999 -9999 -9999 -9999 -9999 -9999 -9999 -9999 -9999 -9999 -9999 7.46122362899502 6.18482116866916 5.46123510803887 5.68668325609486 7.15283107396126 -9999 -9999 5.49044363934363 -9999 -9999 6.00053221235649 5.66082267410593 5.25521986521001 4.82694191399874 4.74574735638041 4.45001662722902 -9999 -9999 5.37102200584877 5.37102200584877 -9999 -9999 -9999 7.58463026397663 -9999 -9999 6.05528884365664 5.9095904184072 -9999 -9999 -9999 6.06238256050491
