output/BIMAC_interpolation_sd.asc
NCOLS 360 
NROWS 172 
XLLCORNER -180 
YLLCORNER -82 
CELLSIZE 1 
NODATA_value -9999 
[rows 66 to 87 of 172, columns 98 to 146 of 360]
3.84090841401859 3.45313947145459 3.95722488525365 3.90228648417641 4.15990371446124 4.03340936451414 3.78601276890793 3.37663532021607 3.34225655654273 3.38912214212086 3.0397965212287 3.06458418615825 3.20331324940508 3.39153510488857 3.07818661558769 2.88215728056618 2.53612463554527 2.97522371664888 3.53820653748532 3.82486522517746 4.11754831179821 3.90938363818583 4.76903166605579 4.63422212486662 4.79760636320414 4.47139391915373 4.9626467137169 4.88065576016125 4.68647579894364 4.16250591838563 4.20622167354149 3.55397173185685 3.74791645136051 3.68551788224124 4.59845348419048 4.46328815927045 4.73394326109316 4.77779391158689 5.06160770488892 5.35581578091168 5.51881334236052 5.85545552457428 5.80112947993289 5.60505290671076 5.69678350028809 5.0624979826746 4.73402565054397 3.48720163126456 3.77916685691621
-9999 -9999 -9999 -9999 4.53312842180959 4.72456859645354 4.32008391496639 4.33821950295792 4.1282718436769 3.52006336638695 2.93604724528912 2.78453039692358 3.40307778635595 4.00764877970538 4.16372729494128 3.82985594734108 3.25876638442799 3.17314084886529 3.49035082284057 3.64848729514032 3.79827103733738 3.64243445439144 4.1971328251611 4.24256645120092 4.11204769261834 3.69664224991728 4.04138849400669 4.47355376126152 4.16908124408339 3.89807379772567 3.66093864605601 3.8513109491359 3.88642395895308 3.98112070714825 4.34850900057045 4.37863122177647 4.49080518687642 4.7797309457177 4.82962547758953 5.2369864646344 5.25170105514412 5.52520523508736 5.80101796959253 5.05256207382172 4.72733152274133 4.10286847119774 4.36199206785883 3.81579602041709 3.85579694481009
4.37337365437341 4.24924863399468 4.32579767401253 -9999 -9999 5.08938495260311 4.86021973163771 4.9774875833446 4.515481553385 3.73726846226684 2.91806941123851 3.00556024179508 3.4384448134758 4.01342797153399 4.01071297723556 3.75474313364592 3.20236801285636 3.68039264407504 4.16641253459144 4.94601794979384 4.57596718351887 4.10366011130547 3.84443882339507 3.94746043029787 4.00420160765502 3.95643236453916 4.20935325257614 4.37315046824356 4.31776751159761 4.32249242035445 4.4906602252992 4.1166615383436 4.02338487422404 3.84965446488324 4.16315456732276 4.08350081005521 4.47505500771195 4.76071189491766 4.83975108940323 4.60818653493759 4.48663251002864 4.79761200144875 5.32499132081177 5.16667888917607 4.54093975578772 4.22103435385595 4.35851939627165 4.59463654355549 4.17172824700917
3.55390430658439 3.70386799771527 3.75362555433241 4.50031664030174 4.7970178401419 -9999 -9999 6.04661917866317 5.51492646188222 4.42271717054494 3.5351212676798 3.63071080976897 4.0674128225065 4.10740219682514 4.03053308127346 4.17752486678074 3.63374428018228 3.76215916741036 3.75223794994842 4.38666730549749 4.24427505844792 3.8811888355077 4.12261475851749 3.79893154786412 3.678840796926 3.19881881391734 3.75009027278967 3.92447368350372 3.92706156160211 4.17403567704872 4.72866407027745 4.96757833318872 4.94097024587149 4.59945733628724 4.7277348843305 4.49036772856893 4.41446154653109 4.16170314128509 4.10757301009955 4.28795777488862 4.28030046602042 4.76996960875326 5.04641749404631 4.93380061875336 4.01469680891849 3.74190864392252 4.05794779255241 5.40877922595379 5.41353233957984
2.76046356656444 3.41732165069898 3.61954577826189 4.47945215107214 4.44696790580716 5.87990399021256 6.24791367017055 6.61909910283606 5.8964998189043 -9999 -9999 -9999 5.00362644936912 4.67889334928524 4.35407315434392 4.38846270757775 3.62397687231317 3.79787105535948 4.11978448072785 4.84749076917603 4.72005817031575 3.99463467991394 4.22796980498361 3.79307500575923 4.20296601552848 3.76720213129664 4.41395976381352 4.13131638061863 3.79681953564991 4.03676793848722 4.55965140301215 4.98277594376094 4.61995758271161 4.35750688443711 4.60073901102309 4.32094471968028 4.32769439905952 4.19798731957893 4.37720676364057 4.26954890627091 4.01511774727996 4.52439028237558 4.70838528034778 5.14091063821915 4.82489341374588 4.65976756818308 4.67979035361474 5.49295045728594 5.6379352667092
2.2460801026236 2.59174732283286 3.35469207968301 4.42454286275932 -9999 5.7173048854943 5.6367224818892 -9999 -9999 -9999 -9999 -9999 -9999 -9999 4.61305194815202 4.19939712949758 4.10062449134272 3.65468555855109 4.05770644400962 3.92956083738233 3.98471595782395 3.46709376928648 4.01146732022236 3.69464839113098 4.14568509077865 3.57924032900555 4.29967635357586 4.44587539686587 4.11352286816895 3.9936982838715 4.17431479344732 4.80651857077702 4.78775227056791 4.50971982436004 4.25754905838502 3.94958189068181 3.77219986704237 4.006133069417 4.13478151724784 4.10255586735387 3.48041456524535 3.98974265230116 4.28058213151225 4.96303193844191 4.57576370770389 4.39451358470974 4.47807619417542 4.51566239705766 5.06886916894055
2.24252426792298 2.49254726225728 3.26124106095556 3.86813695838186 4.00289872262852 4.51913302506134 4.45838566474703 3.78991159748005 2.58999614921169 2.83068206443226 4.28024756494066 5.26354845563543 5.47701325746084 5.29493576884491 5.06322854420624 4.46950763919621 3.93246736528191 3.41994060450289 3.73823301319183 3.67912915595917 3.95917784925678 3.5768963175978 3.79565746351199 3.74658246128864 4.13524416419456 3.71629442719298 3.87821942094677 4.34916669526338 4.01034527421149 4.01519664020043 3.24009199909319 3.95756684919839 3.87677750663519 4.31972620045361 4.01317456829746 4.03353111690507 4.10264109141343 4.9415956196418 4.92600929374088 4.69198011163913 3.73788528102567 4.21875721141552 4.46565321122248 4.8373407581364 4.31957765230732 4.57748394368388 4.24588871843476 4.00227429738543 3.96500699607947
2.25524648238509 1.93089372413994 2.69471586120053 3.09142760859965 3.38532361355394 3.08627829921975 3.08855619045675 2.5514195468852 2.42666145614868 2.54793606755748 3.97336038214036 4.80654575446468 5.35411814897765 4.63900498723276 4.5065687117889 3.73746579737926 3.70670816764652 3.00335287358051 3.22824924887593 3.01710069857367 3.30479272147214 2.81715465201053 3.41260270583153 3.64871375961893 4.34952993153726 3.73033559715744 3.80781469883681 4.27607844517806 4.45270227870802 4.28115928622871 3.65928034107058 4.1015308969153 4.50411491489183 4.69051792477851 4.34164738554138 4.43421135301388 4.46408422285592 4.56337470806759 4.09579799904838 4.00829890105096 3.66741517265683 3.61528105982637 3.99100891873012 4.3788132787071 4.43073899036229 4.63893132930412 4.21768131875391 4.03580266706221 3.87778536939144
2.604372027747 1.92747712287838 1.93402727907636 1.91176583061951 2.05133207545423 1.80827733588577 1.98686077126225 1.51418014534086 1.86175177079734 1.77750488899419 3.14171247182108 3.57168700858954 4.04383777964147 3.37280220368265 3.24499161702853 3.00476684050225 2.9515054598405 2.57497965897016 2.65411150090855 2.5549223522635 3.05433564246007 2.74894743068255 3.58389717392008 3.72115283183836 4.25354520250262 3.62304550377125 3.55392935307984 3.96778723493616 4.18905516529686 4.28152747136151 3.57131555815368 3.73060256753969 3.93823816555324 4.32454360574957 4.62390479723464 4.88967038689007 4.86164444859622 4.40514646993959 4.1257078035739 3.80677138445201 3.99496827036499 3.78044027892804 4.48719504420354 3.88172523129357 3.93895416105945 4.24133314768712 4.45518504784909 4.71870384322416 4.28745032288597
2.52354447721543 1.78682612671783 1.6696453239309 1.57774339396731 1.66372871542741 1.51741116189486 1.67709462106085 1.62667590578874 1.89154851723768 1.92576020039203 2.33305096588111 2.53640547136129 2.79616809958031 2.33489069617278 2.35884303019272 2.29933676276886 2.61872810930641 2.4348357764278 2.53718315581781 2.67258461043731 3.05668364598638 2.94793207186929 3.60849689976699 3.69605094826855 4.30377869564619 3.86145211922356 3.89398546221396 3.84664697106434 4.05868360253028 3.96361911352396 4.00400562253883 4.09316343254649 4.59827912045604 4.42592876957001 4.36721895369994 4.39172444598048 4.35747192378185 3.7504279174717 3.60559635548812 3.40219146741965 3.56075189730103 3.07839575960511 3.88748681505847 4.03229084094536 4.60594076047904 4.43187857674202 5.06835586743752 5.20638050358044 4.59627242023548
2.61807775150778 1.90522676291088 1.68476466722587 1.56680637314212 1.62089171485476 1.55097855332339 1.7931556025817 1.860078231539 2.14584966173044 2.27557189408815 2.68421693011159 2.76446455243355 2.84330739379452 2.89692228342377 2.56583140127258 2.71354015737726 2.21670451534582 2.79392909981928 2.51388637973388 2.91349800799038 2.72069290546186 3.06173690011849 3.40729041827008 3.5345971615752 3.76633600634195 3.55078715292429 3.74703893476088 3.84619606139661 4.24633169340315 4.17931893498812 4.21323369872131 3.9131907829362 4.1075507742718 4.0793712375951 3.97343504823456 3.9655774966185 3.89444935106869 3.77633140901831 4.16731356853066 4.07347364808599 4.17925571624679 4.06807095359629 4.69791377257539 4.83002835572424 4.7175848276411 4.57575725379987 4.51871947293392 4.71640871682372 4.13198323039113
2.25423431067258 2.21207227893754 2.02475968335175 2.72701822642745 2.69703848468457 3.0381520045083 2.62553944391205 2.75029437925749 2.68051859050989 3.17969767086691 4.09751091193522 4.55530398010402 4.53627190701049 4.34198779311115 3.74969360768339 3.79571798088145 2.83046903423918 2.991491492573 2.51090034276623 2.93485319446737 2.60357955405096 2.85908455781604 3.12969146264064 3.46195449200122 3.85415207489401 3.69011761680428 3.93400197619064 4.03795625122751 4.46767636565413 4.35634521791186 4.22167635359873 3.74981995593525 4.00192006243073 4.12892108563516 4.33479403007906 4.34616572395998 4.57601859285569 4.35045760509659 4.32417164377454 4.27817235876765 4.30846977497093 4.53458153079162 4.6196015867842 5.31905804380909 5.38868809092791 5.42177649102877 4.61729013021831 4.53208989515608 3.67949864240291
2.44948323550329 2.87961221901349 2.73272308852073 3.55965205610559 3.15716696685734 3.94461520826238 3.26645138926241 3.57504492197138 3.10966694020558 -9999 5.39383788354848 5.72935537536876 5.77083861784025 5.34011658872544 4.55013641902504 4.86977438313333 4.20629978611333 4.28370197131771 3.66760451947936 3.50350346430141 2.84390732651877 2.53603365839204 2.55592704554864 3.13476334438255 3.408048375358 3.42684525285967 3.67523951860231 4.38665702417821 4.62331412147069 4.45024389990002 3.64242705063297 3.21876652477247 3.2505979073326 3.62855107472305 4.04273602249491 4.18378566991612 4.45867988314371 4.64062449339785 4.78255075268537 4.63589295717739 4.76606096018128 5.12301349608625 5.38088506426264 5.73032570111899 5.66202751259941 5.45003170723208 4.30423983518479 4.15296656964807 3.99034456389825
3.72453620922713 3.75249235349151 3.40802001488868 4.63362945089202 4.14486669582913 5.08054274185643 3.83718519323762 -9999 -9999 -9999 6.67379810894938 -9999 -9999 -9999 -9999 -9999 5.28281056600789 4.5541388681569 -9999 3.58620733403044 3.08368334720613 2.52378340157456 2.44698985569037 2.77014613119413 2.94053391265913 3.0718122134139 3.34674485829838 4.01339175239824 3.97823294485974 3.92418620903603 3.1549157352614 3.16589745097838 3.4974755344286 3.8393257323902 4.4313764828338 4.56702495789389 4.88116718150209 4.50558846531799 4.22845571112871 4.00911695175913 4.28037693434773 4.74269729017 5.11920577716751 5.44744907388566 4.97648405430551 4.69225122927996 3.87855605856154 3.96661372522391 3.63531850678174
4.68032622091258 4.58647649822525 -9999 4.79985896430009 3.99825425239193 4.6969049888459 -9999 -9999 -9999 -9999 6.85294762659266 -9999 -9999 -9999 -9999 -9999 -9999 -9999 -9999 -9999 -9999 2.92520114091062 2.29075708733157 2.47468260827926 2.08595859695594 2.47344058746192 2.57471241313562 3.38451694606003 3.07011594612421 2.95421570173185 2.22035176227587 2.47453770782791 2.80672632956464 3.40560762377699 3.65708916893532 4.0331682443869 3.83662054633168 3.91021817808345 3.5844490939251 3.86809672543765 4.0013472225926 4.4371214282908 4.72308522028042 4.98029237527363 4.37151373002759 4.00690927521768 3.51798741134499 3.96016151205266 3.67701957935224
-9999 -9999 5.25799952323546 -9999 -9999 -9999 -9999 -9999 -9999 -9999 -9999 -9999 -9999 -9999 -9999 -9999 -9999 -9999 -9999 -9999 -9999 -9999 2.512285995158 2.55013287971831 2.09361883450768 2.1605324079585 1.91309491022722 2.28140102232069 2.07881377691022 2.29974942579488 1.98718597140534 2.25653405832831 2.3637058890962 2.97635361386041 3.20895633649204 3.75200230569622 3.46586231700763 3.45262206374998 3.01136021855601 3.35957922852434 3.42915528631095 3.68822825802461 3.64737170707595 3.62025298310433 3.03658113131758 2.99422344635034 2.78294463230635 3.25819087312299 2.97828977072591
4.43784211499162 -9999 5.39966951483168 5.53406656403353 -9999 -9999 -9999 -9999 -9999 -9999 -9999 -9999 -9999 -9999 -9999 -9999 -9999 -9999 -9999 -9999 -9999 -9999 -9999 2.96345765139071 2.87289751002379 3.0430568252124 3.12503124086813 2.93445226099498 2.36444613153902 1.76392193821647 1.18275440816909 1.38520589107642 1.39791392884285 2.04418688598001 2.09002770928583 2.48694236953906 2.23219992163378 2.53631991500635 2.354063790989 2.75123949535283 2.53110471542832 2.79763997042206 2.4971143163309 2.61094520264032 2.48585803655132 2.64169558102104 2.58969163772024 2.76596351766247 2.60462518410725
4.28271008793309 4.36512419628267 5.10183929155268 5.51518394875958 5.71695113531957 -9999 -9999 -9999 -9999 -9999 -9999 -9999 -9999 -9999 -9999 -9999 -9999 -9999 -9999 -9999 -9999 -9999 -9999 -9999 3.50532498410738 3.3780560175649 3.72051415737586 3.10184757495256 2.51534391310044 1.73262273596325 1.32987883229735 1.39515599552728 1.48798149180604 1.77249923900441 1.95802483749583 2.07466982357339 2.08026799644849 2.01453270242045 1.89722478679693 2.08538572290863 1.96033163810378 1.93443111123525 1.7312753028331 1.77971328362116 1.85766750153909 1.92309260295863 1.8364482161357 1.86127487172525 1.85784512815876
4.11780880711455 4.42908917532006 4.63495810479363 5.31499905398905 5.44761328211749 -9999 -9999 -9999 -9999 -9999 -9999 -9999 -9999 -9999 -9999 -9999 -9999 -9999 -9999 -9999 -9999 -9999 -9999 -9999 -9999 -9999 -9999 -9999 -9999 1.76761143273991 1.39508091011071 1.34082762144771 1.50881791827234 1.56068270538742 1.72994893693886 1.83432537219209 2.12146151093174 2.21772746636892 2.1600009069915 2.26135960687152 2.11467967114331 1.92576754900897 1.6158478664068 1.36879333968001 1.37971937159089 1.43399404510519 1.55966498381618 1.42568052431847 1.17905688276156
3.23398562035943 3.43111162728407 4.46128814286971 5.52591829221365 5.93226931270862 -9999 -9999 -9999 -9999 -9999 -9999 -9999 -9999 -9999 -9999 -9999 -9999 -9999 -9999 -9999 -9999 -9999 -9999 -9999 -9999 -9999 -9999 -9999 -9999 -9999 1.63120475560397 1.63759345562619 1.73909412540053 1.78368329888416 1.85002257658636 1.97271201561122 2.36022370405359 2.53959665431417 2.66702508215297 2.55141097176522 2.50694983308241 2.25766021781312 2.19122540493588 1.8091905683413 1.8540371282276 1.98383780369839 2.34947776753696 2.31997313264622 1.96409839138522
2.66058651073726 3.42501875090755 4.42529374776226 5.75779738389167 6.28681992669842 -9999 -9999 -9999 -9999 -9999 -9999 -9999 -9999 -9999 -9999 -9999 -9999 -9999 -9999 -9999 -9999 -9999 -9999 -9999 -9999 -9999 -9999 -9999 -9999 -9999 -9999 1.7470104857912 1.5819230218862 1.3768682949357 1.45071990820214 1.80672502636929 2.43783453939258 2.88270570395311 3.08993961959838 3.25524236472108 3.32646489295443 3.22841100955315 2.83754587448593 2.35786269445447 2.26555991934218 2.13457409210343 2.49739928271607 2.45515170198777 2.60930744394616
2.28741002595503 3.58106551538118 4.67541569483825 -9999 -9999 -9999 -9999 -9999 -9999 -9999 -9999 -9999 -9999 -9999 -9999 -9999 -9999 -9999 -9999 -9999 -9999 -9999 -9999 -9999 -9999 -9999 -9999 -9999 -9999 -9999 -9999 1.80762234273629 1.91896481946155 1.78007489217788 1.7975701927895 1.73516737576597 2.25962375406645 2.96431926046248 3.22061820920468 3.04979848679053 2.76189544999901 2.77994053419146 2.91612049049903 2.8687568185041 3.03724337628522 2.95955583834007 2.9628070632724 2.97648409966997 3.06948847098405
