output/BIMAC_interpolation.asc
NCOLS 360 
NROWS 172 
XLLCORNER -180 
YLLCORNER -82 
CELLSIZE 1 
NODATA_value -9999 
[rows 0 to 21 of 172, columns 147 to 195 of 360]
6.36880510662407 5.68325148295187 6.52603841070917 5.11188372962844 5.32091052100643 4.99803436458149 6.01856100636877 5.79535814263498 5.59350324058069 5.29658064551918 5.85764258298973 5.59323923852108 5.64546634682603 4.98233635813607 5.88286695258224 6.77269546311772 6.89948368392397 5.97623266195163 5.42889497595479 5.1099152810413 5.21485202588635 4.82046286912416 5.68659425329124 6.19635980249651 6.04043565351483 5.67429365199893 5.74919102664997 6.21903275387037 6.63101358390678 7.44829293175369 6.98504642951198 8.13642773688591 6.49456322352256 6.77613009990104 4.75059436424506 5.15789913892978 4.61264707412256 6.07932234989941 6.63803297614783 6.66767537976946 6.59536064078258 6.84146922896839 8.29118358954553 7.24735375020003 6.9163734086958 5.51646589133969 5.3121277985223 5.02282829012495 4.49978470962116
6.49773869391705 6.59794164532778 7.34214281590541 5.82822987784014 6.0592995697153 6.49826694387901 7.4001217083977 6.6934394669125 5.66273528964187 5.75900171088219 6.43306468110608 6.21069739395714 6.17186066276487 5.24527495951707 6.038584463659 5.91346081044147 6.17964861634698 5.70900492132532 5.66129644037356 5.63582981193429 5.77167870731424 5.64088654949363 5.9100134508223 6.18663870596148 6.12421103274666 5.85919823859037 5.61568506764428 5.84094634620093 6.25231765505869 6.92529943517832 6.36443515128717 7.15973700946187 5.89287679619095 6.35255384227573 5.62512111708636 6.51105702902005 5.90595740021509 6.59041472567112 6.24573855178355 6.19196647697411 5.86475888721818 6.35941559609956 7.60339453254097 6.85088840905067 6.76164045070608 5.41171402469103 5.31645119753657 5.6771261796883 5.60203192125496
6.36849726489108 6.18543852302359 6.49618284933144 6.02083370140834 6.88510547816307 7.48999057215697 7.25293435861069 6.05956186266068 5.73626564198943 6.16462965735378 6.97497211286989 6.08924246944727 6.26538474868455 5.26456357003965 6.48192053442356 5.81856943687155 5.9644366603698 5.30402295354875 4.88419341511409 5.35808448448564 5.70767546893142 6.65429286890505 6.20179624038565 6.18609082886287 6.11674794946229 6.0715239729134 6.0421609547066 5.47975226855999 5.98813675723059 6.07669507781291 6.80748864508516 7.37343547631701 6.93525007074713 7.10621354925487 6.82113320036943 7.2804097653766 6.35140233851426 6.03236107799363 5.59953238256433 5.18394515362755 5.14984524319636 5.85245246190377 7.13026136114001 7.06830585669592 6.75093544576323 6.05045745074533 6.04817592549853 6.31521905436107 5.65519799425467
5.89936924956178 6.27154358528336 7.21384430050762 6.97664379558709 7.54888210580524 8.0253335945235 7.35185061916373 7.02418061780036 6.05088406102085 6.79892854484862 6.4795873024413 6.38625780690872 7.30831757078964 7.23361515401296 7.86942778812521 6.17896252940633 5.65144995926569 5.06674493927427 5.07023562436062 5.4373055413004 6.30832627915938 6.74570743621958 6.45091717449338 6.34198532007379 6.56850961817493 6.55557896108165 6.07208697277333 5.88052075534539 6.04265712363444 5.67100241372474 6.071285965625 6.05908411299923 6.46384149413896 6.5980388818338 7.21394908724649 7.10972556936044 6.92102775273109 6.73881866981273 5.96001361503354 5.08071495878252 4.87719209579823 6.13138867999258 6.63637638732415 6.61768174085763 6.44958203703201 6.47799892980253 6.54665556902841 6.51962463169483 6.06883055057026
6.66150590437885 6.27862580693776 6.81465146371803 6.95182618399957 7.2913192794757 6.89933987044464 5.84406026700902 6.18686654036699 6.01475304838031 6.49125990422376 5.64331129935052 5.45466287991829 6.64437638677604 7.42834848453043 8.01345240620778 6.96633655401335 6.05511029179997 5.50134255793452 5.31782935811719 5.70661015752738 6.5746330049424 6.38329670242025 6.28246142387271 6.43181575471918 6.82826437264196 6.90931021959417 6.33929997711803 6.16832148589969 5.94896923650047 5.82271740191812 6.69539288892226 6.74655910776486 6.89238051527256 6.46930114830698 6.47741978004231 5.64267395951565 5.92697811997009 6.08820858195496 6.37280213083013 5.11822316019221 5.38368808982726 5.77916480140635 6.74544038377377 6.35021885707644 6.33464216198832 6.08250528823579 6.1783302481251 5.56543783162927 4.84837761269229
6.89451651823129 6.69747370150978 7.22247999163221 6.9117712728092 6.46499873940518 5.9723544854067 5.72756762126579 6.9589422435478 6.49821063637537 6.90474749569995 5.55417480931482 6.0489820437069 7.04945396279265 8.19714157363399 8.00139369156118 6.84276212506696 6.27300050424724 6.15896673150314 5.95100058527777 5.65534001933985 6.20467215274985 5.40696370535569 5.43571369380403 5.39199954398734 6.00955098066531 6.03137924856979 5.94649530681031 6.1652500136129 6.77954309251227 6.27356234949642 6.46874810355722 5.61339996732791 6.08113861624579 5.50281564261531 5.93258005799855 4.97712950927734 6.05059944101152 6.31748796403056 7.04557791308044 6.03361528236705 5.86918480699445 5.90934762102474 6.27441023775975 5.66914187269416 5.55873766442198 5.22557512025642 5.78291985105994 5.59166750862951 5.6222863828181
-9999 -9999 -9999 -9999 6.16172117696035 5.51272492734049 5.24467314878304 6.01511294763355 6.13119028868135 6.64816605453371 6.41190208548458 6.45312545719414 6.48959991441769 6.76857913622522 6.91408164141651 6.5756732554535 6.47375134134048 6.38304553019574 6.22204910052896 5.73834053644659 5.82822452851728 5.9088063914237 6.31121759130076 6.35099125834554 6.13493115043269 5.66862655604791 5.49186243823439 5.69659982857956 6.6241576861981 6.4190694045314 6.3634249765574 5.71471858134907 5.68066306791403 5.07543618707609 5.33867453969705 5.19531000097023 6.05618156068163 5.81217647769476 6.57256546791582 6.09601277419578 6.19846717217658 5.52170418412834 6.17237112557589 5.58074784156938 5.73161636556652 4.85337271120551 5.42158810590558 5.22492936555659 5.30449568645064
-9999 -9999 -9999 -9999 -9999 -9999 -9999 -9999 -9999 -9999 -9999 7.24960280660633 6.93328885080184 7.82034014299006 7.98908888089985 7.69274685712278 6.79381064351123 6.33539714726689 5.89863336555303 4.85972444346928 5.27294599917978 5.85991894495395 6.16621683191121 5.59575286297281 5.22525061455098 4.65305202960212 5.42428828624688 5.66063793424744 7.72709282816608 6.48990042109214 6.32162881637679 4.86436982497291 5.2841431337056 4.981931469208 5.78469383932519 6.11044180498897 6.58244657270928 5.76101420637831 6.03924224404263 6.43238756172824 6.17988378261293 6.19642723155917 5.72991150942259 5.54879874673862 5.66106361053852 6.07598888985374 6.83179116305687 6.29942015438999 5.7876362791665
-9999 -9999 -9999 -9999 -9999 -9999 -9999 -9999 -9999 -9999 -9999 -9999 6.65360416931815 -9999 8.12573641133362 8.22304870474802 -9999 -9999 -9999 -9999 -9999 7.6561228544149 7.98992886838783 8.4851702628517 8.01202877899614 7.00224413278705 5.96879948760109 5.44797844436763 6.65609303014915 6.17911979535712 5.57161891718115 4.93730152079251 5.01190429136114 4.47542982588179 4.66044835054176 5.27255226477753 5.89522134850761 5.74239939904306 5.41282295119452 5.92081408974342 5.74489177349246 5.94687463335646 5.72603785915925 5.52858964840352 5.95544121258558 6.27999911230785 6.7446467540032 5.92811180034687 5.1405418303565
-9999 -9999 -9999 -9999 -9999 -9999 -9999 -9999 -9999 -9999 -9999 -9999 -9999 -9999 -9999 7.58570456833788 5.96557080296766 5.63243087599365 6.26163101156811 6.86546073461971 7.14012264328616 7.40033453145939 7.14128415332845 7.14027085186719 7.35495106156097 6.97017893874589 6.21859022714306 5.21449334713393 6.62167279826962 6.10018242118529 6.23391652233766 4.94567986706033 4.99768787906893 4.60301367516354 4.97761132521876 5.72880000313737 5.78736792459119 5.44590062021613 4.84557134573311 5.29766947450923 5.13987382777005 5.69974704061147 5.46845131224946 5.55640853692197 5.88793650452613 6.74253638509563 7.19635464491507 6.50348549470941 5.70829633046128
-9999 -9999 -9999 -9999 -9999 -9999 -9999 -9999 -9999 -9999 -9999 -9999 -9999 -9999 7.09448466983748 6.39143943870384 5.93962187502311 6.22233364059101 6.32563092908426 6.77400899205015 6.78904260572831 8.09209963032185 8.62609970174836 9.97354034261453 9.3861383416215 8.51828867510359 6.04469662393672 5.09279988346946 5.54912156969671 5.38295174310429 5.44679277652771 4.49255607011132 4.68790288971107 3.98531092029601 4.0906121798749 4.40419336605191 4.84719171216255 5.30361831013825 4.99455162640893 5.08878252256387 4.99083775351387 5.4071331721987 5.60885004049601 5.78707205111921 -9999 -9999 6.25557222536958 -9999 5.79357659653003
-9999 -9999 -9999 -9999 -9999 -9999 -9999 -9999 -9999 -9999 -9999 -9999 7.15755562297977 6.83581448934862 6.46740648531076 6.17703410776663 5.97300762142779 6.56634782125071 6.66171080683969 6.66694532734758 6.40031714215088 6.81522178742926 6.99065998192115 7.50257850186445 6.75221862685758 6.64260626980624 5.03181280866079 4.79211706174792 5.58922387534496 5.38672967049849 6.06541977475351 4.33023765004689 4.99122288938118 4.16267817345775 4.99499035983476 4.91985123816897 5.09033662861957 4.78870672713447 4.95752449761157 5.03936088423881 5.29799267183905 5.14995229483791 5.61218198545641 5.4848733303832 -9999 -9999 -9999 -9999 -9999
-9999 -9999 -9999 -9999 -9999 -9999 -9999 -9999 -9999 -9999 -9999 -9999 6.87887407907107 6.86184599287073 6.35161101042564 6.3255283775346 5.76282970957051 6.79958057172507 6.51863091156403 6.79275126567953 6.25667268375437 6.80073285047072 7.12991531496068 8.11204629512693 7.19246357673979 6.84718503148814 5.15844380832466 5.24082916235072 5.45361056699426 5.07656762760904 5.43176719924307 3.78495016458162 4.37691391814373 3.44744805253513 4.58258582414975 4.48985968887732 4.80648613518288 4.69045096772276 5.25830854257057 5.7358176027089 6.18560315004986 5.45600720447346 5.76044894777715 5.76419195107306 6.32695591667481 6.29805338932592 5.80579651109978 -9999 -9999
-9999 -9999 -9999 -9999 -9999 -9999 -9999 -9999 -9999 -9999 -9999 5.52843468254836 5.62951716643355 5.65358533272723 5.59857010724019 5.7067642917126 5.17816674189939 5.99939029383352 5.90680625879279 6.18346451661737 5.69425465598847 5.59285396403167 5.38300004363068 5.27266492716551 4.9169977754685 5.39242998275355 4.85983053690446 5.052815923977 5.18208991460658 5.08382860380175 5.55421383368042 4.3798858091193 5.21842187196401 4.24595200013463 5.03643708825477 4.66448500855775 5.09392903160145 4.22375137956538 5.01218549460623 5.25055555480713 6.46473283453832 5.66043799703545 6.07514658071068 5.73492467315948 6.08362486178504 5.84405976604235 5.5352722647707 5.33285734977023 4.29081471635707
-9999 -9999 -9999 -9999 -9999 -9999 -9999 -9999 -9999 -9999 -9999 6.01170700152609 -9999 -9999 5.18034373058721 4.99882180055147 4.68348603250397 5.58521353508128 5.69236737847806 6.08379654282975 5.80371803444018 5.74738021687677 5.22931591706882 4.91840762168955 4.82570729787396 5.27542905745748 5.15434053064648 5.08257540021878 4.68117922249538 4.54794032281836 5.27881596736751 4.97392320842856 4.71293564751651 3.69455481436125 3.93404059157638 4.43618629427739 4.98305697008256 4.62740915836491 5.03362841564055 5.33577585589748 6.64103500711944 6.37233423864449 6.81016870018202 6.49211893073181 6.88904736431813 6.71587627616328 6.09159821155766 5.91646694182263 4.56996967235966
-9999 -9999 -9999 -9999 -9999 -9999 -9999 -9999 -9999 -9999 -9999 -9999 -9999 -9999 4.689234605169 4.75045371040281 4.70303030355641 5.32815786214378 5.27736382597049 5.44279225254537 5.15210822939797 5.29693063283478 4.89703198946666 4.26498114456962 3.94900075698908 4.41683465630884 4.7280865518885 4.80244147447131 4.4521884073712 3.86751901865404 4.62944138635228 5.01382661033623 5.45548644482751 4.57922833866295 4.19773254146163 4.32982111914541 4.85675113423913 4.12799761293824 5.09896559004165 5.33950873791193 6.77842018597355 6.38895659574001 7.02997718574245 6.8941349663103 7.39501584246694 6.96083840867411 6.4667630544766 5.95315060362721 4.85456813787072
-9999 -9999 -9999 -9999 -9999 -9999 -9999 -9999 6.92686609723256 -9999 -9999 -9999 -9999 5.16127355494772 4.73851967052512 4.50945683648599 4.66867505421718 5.366578212297 5.59548398988283 5.78202044629782 5.51390476172676 5.60924856711269 4.93308879217058 4.6463118944324 4.35518464084427 4.88501466308859 5.11054220990906 5.65370005232944 5.30940664068987 3.97175535802185 4.22136699663866 4.41430441898667 5.10016263650321 4.18298074053429 4.00896155815184 4.65235769549587 5.06240577201391 5.06942677202101 5.83879886074859 6.38594501001225 7.14730534005288 6.51019331851508 7.03816284641748 7.0767702500012 7.69396544558876 7.50168392787559 6.69292997713299 6.35346441775475 4.89823776277551
-9999 -9999 -9999 -9999 -9999 -9999 -9999 -9999 6.92686609723256 -9999 -9999 4.61349806286265 4.77658519023056 4.76947101733308 4.93576436879963 4.88743816623904 4.98870597059332 5.19939329812346 5.09142917360972 4.90623897177429 4.55665779382463 5.10847033871535 5.13412754346772 5.10882138191679 4.52349654982364 4.88833354704677 5.19482183919092 6.23629793435937 5.48007383939671 4.54125014396504 4.26599842226666 4.97762862185977 5.95504398240781 5.3973445657496 5.55855502216354 5.57975757445921 5.72007021757454 5.19944744685469 5.94845209729595 6.55596251235217 7.27291800549519 6.71206392300676 7.09454746275798 7.30694148535803 8.09793928008585 8.01927075888898 7.0645307430813 6.20919860192242 5.14527640215564
-9999 -9999 -9999 -9999 -9999 -9999 5.82947849825375 -9999 -9999 -9999 6.0090552628803 5.57116984974677 5.30961264270629 5.1541154518777 4.95164329989882 4.78404736859196 4.6015014594827 4.94757959166833 5.05751901265215 5.16574007703493 5.80195338653447 6.33794944992077 6.16387564865812 5.75677594572813 5.29658602508771 5.61498547684023 6.07824576386052 6.69725670284769 6.33016119310826 6.02996912159294 5.62043081085375 5.62114061194473 5.31827838105564 5.3279518247649 6.35417508514588 6.89286583932697 6.96949546014791 6.75590359839457 6.56468585598747 6.8798872513649 7.39255139022668 7.5478168003969 7.65157137568794 7.13424540163778 7.44200552391265 7.33899412767408 6.4917605906063 6.16657920227364 5.39038578607947
-9999 -9999 -9999 -9999 -9999 -9999 5.82947849825375 5.69993825360681 5.37683733778214 5.21031008809236 5.43381611516375 5.39101687695539 5.06919656663856 4.72580872179659 4.78104218783584 4.82050599589267 4.76831109232474 4.95360301118483 5.05006219293662 4.91264569655837 5.49508109395445 5.77419736019553 6.09931767357489 4.97145305900816 5.12478100482035 5.40096333822191 6.4836629288324 6.22610098536089 5.48221807698478 6.43210412371882 6.70060129084548 7.59791573365664 6.13221753118988 6.43145816388935 6.91281646133096 7.47819059762001 7.10358421376586 6.49290273000183 6.10449607503687 6.7631771742477 7.66809199945594 8.55754284804182 8.53342425614274 8.18970156710478 8.71230307575513 8.29436790094601 7.89372527850901 7.55999256157153 7.5136311567661
-9999 -9999 -9999 -9999 -9999 -9999 -9999 -9999 -9999 5.83860461867496 6.65263877777429 6.74023369037073 6.35409808551658 5.46850372349026 5.16491476873251 5.30311053453743 5.05245910551362 5.0265329837327 4.59080545515265 4.73198059894265 5.70534462792449 5.53304341875491 5.55877285584634 3.74498235181034 4.51568539269125 5.02708654827812 6.94322743119874 6.27081270068613 5.86557465615351 6.11770069175916 6.42375771894572 7.17743942518796 6.10351388508676 6.78774638656582 7.1483599133629 7.75574672977483 7.40881095482563 6.85187357551732 6.73521960671816 7.11322730649888 8.28692401358664 8.58678703764246 8.30331978335485 7.14434091078224 7.48441792974813 7.06402157606141 7.60541997023342 7.99307926975384 8.62548884600153
8.97865901741693 -9999 -9999 -9999 -9999 8.0511073596799 8.15069884594862 7.42111645791143 6.04306612135682 5.28970875763358 6.02989011217226 6.22453101023079 6.0441442780702 5.11882805779611 5.15054444830797 5.59145944597444 5.45725351583112 5.1276189811539 3.82908988737342 3.75614219053044 4.34488963842115 5.04373198483484 5.85311831214139 4.47673619568081 5.29267391737687 5.5060266307918 7.08296003697842 6.41329590791353 5.63180427986955 5.54803636909525 5.96968893338598 7.47887136355477 7.0100401652442 7.38740868610683 6.95214046177254 7.21056696548948 6.92028772574668 6.17457485406234 6.40318720230983 6.84678825238527 8.05094238265664 8.21194084311499 8.39681326317383 7.7508065344345 8.89807365442022 8.54467730164733 9.34542557002749 9.3727098416313 -9999
