output/BIMAC_IDW_prior_no_advection.asc
NCOLS 360 
NROWS 155 
XLLCORNER -179.5 
YLLCORNER -70.5 
CELLSIZE 0.997222222222222 
NODATA_value -9999 
[rows 66 to 87 of 155, columns 98 to 146 of 360]
20.8874968387031 21.4446718749782 22.0985865323811 23.0177099261131 23.9449857195299 24.7249643934152 25.3574663627459 25.7564280352696 26.0069882389181 26.1523803562475 26.135559671599 26.1649714363049 26.0633954956412 25.9971258228567 25.8900746099919 25.7997318632003 25.6063692744111 25.2313307126042 24.6883067973895 24.1599693232295 23.7579666855922 23.5213399998534 23.5546729953651 23.814321233319 24.1419543805839 24.4235630031237 24.6083081691278 24.713213735423 24.7412696775359 24.7352730664114 24.6771309903574 24.6076877969428 24.5293882319149 24.4344977910835 24.3446296000906 24.263054200344 24.0452101196447 23.7523260910056 23.4956907060438 23.3107968947939 23.1449318690585 23.1658930531741 23.2247619561819 23.2147453558887 23.1090825039776 22.9832581207817 22.8259952806512 22.6997678710712 22.5756253385367
20.9371599247413 21.4861048180376 22.1994753342718 23.2292411860281 24.246108642058 25.1105486551905 25.8238918400942 26.1824881390995 26.3327416913738 26.3863181552088 26.371263681862 26.371263681862 26.3154892208209 26.2359925810563 26.1260395883941 26 25.6836352332775 25.0965966714705 24.3803153449282 23.6729778707682 23.0669752331309 22.7293399998534 22.7743811992976 23.047 23.4623527190722 23.8697840735301 24.2197840735301 24.4897814358928 24.6867814358928 24.7664159210324 24.7654043740445 24.7161099040712 24.6356067816061 24.5366437159051 24.4470115749924 24.2243470873273 23.8887392939341 23.4802587335298 23.0876361926904 22.8224775262517 22.8036399768905 22.9133642662785 23.125355060907 23.2755858052401 23.2669425337149 23.1389777511356 23.0046346578552 22.8670611994371 22.7405971987144
20.9930270115833 21.5416169216429 22.327405616553 23.350944717399 24.3772507151853 25.2481147651638 25.9066511356039 26.3066374668877 26.4 26.3890545241671 26.3770109454896 26.3770109454896 26.3770109454896 26.3516734713296 26.2919564213225 26.208 25.8203295730226 25.0212910112156 24.0930096846733 23.1816722105133 22.371669572876 21.9333399998534 21.9863811992976 22.27 22.7544572604353 23.2655958213929 23.7483933248225 24.1657642799109 24.5157642799109 24.6933070194756 24.7594440235457 24.7484978243258 24.6822537330436 24.6000957288096 24.5191993098432 24.191930546886 23.8683719178427 23.324485786085 22.4970581837785 22.2475018889647 22.274990025687 22.3356185394825 22.7252769453999 23.334761537803 23.3206962071258 23.2653989123406 23.1785737939057 23.022196348751 22.8995193494451
21.097264026943 21.6086606463533 22.3757885358362 23.3818069697984 24.3688053861049 25.2282077337339 25.8785589075511 26.2777074842334 26.3745164064238 26.4 26.4 26.4 26.4 26.4 26.37733747416 26.2896120930431 25.8557373247064 24.9489752222677 23.8889752222677 22.8516377481077 21.9439804449548 21.444061864414 21.44882660449 21.7093995372007 22.1746495458891 22.7090847780067 23.2611504474762 23.8141807382529 24.2839367001766 24.5535979335829 24.6864033913523 24.7185118948026 24.6742941786153 24.6138072797468 24.555223696185 24.107900824666 23.6929542335995 23.0111990794895 22.0248689591309 21.6729808017566 21.7469561814734 21.8373628435744 22.3776683531717 23.1691336741137 23.2670970345122 23.3141148604008 23.3128920738374 23.1688267590726 23.0230715492799
21.2133959551131 21.6734589795985 22.3864818200281 23.2997824394702 24.2256583343298 25.055818838409 25.7037622442604 26.1193300176078 26.2943343322946 26.3655825711882 26.3882670034279 26.3984374831609 26.3984999838345 26.3995358607051 26.381505195083 26.2955427388621 25.8217477838449 24.8956048550287 23.8710325919888 22.8294351757416 21.8554898531267 21.3174914592664 21.2612220232135 21.3578067288437 21.7206666529603 22.2463162998427 22.8262813946386 23.4288868894988 24.0093574637127 24.3707842452732 24.5733061146228 24.6575891203124 24.6442458286451 24.5996307886357 24.5636717414914 24.1343785051081 23.5506065610557 22.8259860039712 21.7683946217052 21.2785074572234 21.2473168371195 21.5178030391774 22.124966446264 23.0307861035797 23.2967798949802 23.4535866536051 23.4616856045808 23.3151590366859 23.1606345831521
21.3707177776219 21.7533803424252 22.3816615169572 23.1819775715887 24.0306404151881 24.7916627697303 25.443733469471 25.9123605584928 26.2097261953479 26.3568961151949 26.3841174338826 26.3963220095622 26.396497151964 26.3994198258814 26.3430787857269 26.187943980256 25.7511012066695 24.8636329353807 23.914286812436 22.886735867756 21.9410721754665 21.4538830807515 21.262928305354 21.2583598989173 21.529828810442 21.9621988738946 22.5215001391533 23.1348875202771 23.7386895859878 24.1487731727765 24.419327225791 24.5610351194126 24.5857242894636 24.5660420557031 24.5277876722731 24.1157649000835 23.6831218947003 22.8489298203037 21.6679006419738 21.0747836455878 21.1158749369421 21.2687751638476 22.0345617843796 23.1008548540703 23.5426810245863 23.6613391079768 23.6490349150528 23.471442548814 23.308394291652
21.4689636129013 21.8341507525111 22.374128221691 23.0706171140932 23.8299333271851 24.457159322575 25.1185401842281 25.6580333249677 26.1621175131493 -9999 26.3771310186803 26.3923867382798 26.3928345772045 26.3992264345085 26.3252909062666 26.1255745626842 25.7058242857802 24.8687968791827 23.9482984110524 22.8731436145728 21.9836975269704 21.5544044340048 21.3575267553305 21.3728948748802 21.5796885911137 21.936966327108 22.4143789389433 22.9595024446463 23.4993237298757 23.9224592454088 24.2314430535313 24.4244538010337 24.5016417709648 24.5081585705246 24.4721769591178 24.1762127746672 23.8044847886623 22.9977498847171 21.8769341463994 21.339171552232 21.3452386526027 21.5626550403906 22.3642764700032 23.4560209784886 23.9242252501937 24.0365599985806 23.9498039112855 23.7148327904396 23.5050153855573
21.5732952887264 21.8657501474312 22.3331803648259 22.9465599134748 23.5977552432389 24.2598484421438 24.8974756947471 -9999 -9999 -9999 26.3667360271713 -9999 -9999 -9999 -9999 -9999 25.6318045303863 24.886229640897 -9999 22.9297009198553 22.0639281076912 21.6754442914653 21.4559194825447 21.4861445048606 21.6583467860498 21.9546617926594 22.3637398090354 22.8390124636945 23.3064060873722 23.7190858649501 24.0448705049793 24.2723782411028 24.3917127029466 24.4235475059019 24.3909737452549 24.1907641463912 23.7770112051618 23.080449626823 22.3872319824553 21.8694893810142 21.9255270946071 22.3153714085092 23.0788437660126 23.8344061643641 24.3929972908045 24.4705476490105 24.3597560400569 24.0754024460361 23.8475555920249
21.8137379366442 21.7862194184958 -9999 22.6241260386378 23.1130302106915 23.7779102487483 -9999 -9999 -9999 -9999 26.339016049814 -9999 -9999 -9999 -9999 -9999 -9999 -9999 -9999 -9999 -9999 21.7680758095838 21.5782914913979 21.5863733009079 21.729450867853 21.9730629677338 22.3217172276203 22.7301275733784 23.1534547124847 23.5470921855913 23.8771547006014 24.1244368074475 24.274939190845 24.3262140954168 24.2997117290133 24.2332179656112 23.9230572868939 23.3937121014092 22.9163945670617 22.6322703447795 22.7503269883646 23.2040740090732 23.8747577244654 24.5066564214399 24.9396201868784 24.9303396309138 24.7627435241708 24.5175224593408 24.2994989818205
-9999 -9999 21.1251129552299 -9999 -9999 -9999 -9999 -9999 -9999 -9999 -9999 -9999 -9999 -9999 -9999 -9999 -9999 -9999 -9999 -9999 -9999 -9999 21.6787470939967 21.6993620313774 21.8117634226641 22.0128195253177 22.2961629402101 22.6511386282315 23.0318644075949 23.4005352895089 23.7243468680275 23.9802084237257 24.152436079032 24.2318020000972 24.215227933872 24.1583293682919 24.0570216204514 23.7308706389109 23.5203877004725 23.5107284365547 23.851729645424 24.2019921391335 24.7586896796874 25.1961460955576 25.442594021489 25.3174119599649 25.1733694248269 24.9635908121649 24.7947817811025
21.1424547245125 -9999 20.0055174152406 20.3462763610626 -9999 -9999 -9999 -9999 -9999 -9999 -9999 -9999 -9999 -9999 -9999 -9999 -9999 -9999 -9999 -9999 -9999 -9999 -9999 21.7466703022915 21.852869987653 22.0305080360452 22.284890979949 22.6416582496309 23.0051314047331 23.3438996826619 23.6324260556152 23.854758294802 24.0354372819101 24.1365592763413 24.1616607914856 24.132149227535 24.0799294330091 24.0808734434775 24.1963811877346 24.4807435997243 24.9021995760646 25.2971247888398 25.5989329467279 25.7842740108003 25.7819258587716 25.6550213521827 25.5439632699147 25.3863257305399 25.2627286153544
20.7295856675809 19.4420960149734 18.9990518319434 19.0549868028101 19.3187335035127 -9999 -9999 -9999 -9999 -9999 -9999 -9999 -9999 -9999 -9999 -9999 -9999 -9999 -9999 -9999 -9999 -9999 -9999 -9999 21.8924421648436 22.0496181794854 22.2773358508333 22.6214773932054 22.9987222337869 23.322444392273 23.5835411226426 23.778388738982 23.938105026242 24.0572710613914 24.130734275394 24.1859910595444 24.2705547347778 24.4743700144059 24.7803845256461 25.1842953495611 25.5916123590331 25.9097572740795 26.058069784612 26.0835007261314 25.9875299956967 25.8696872434158 25.7849134323952 25.70359096891 25.6552034736018
20.4577575615588 19.1625521722402 18.6789058561765 18.6920917737382 18.8898322805205 -9999 -9999 -9999 -9999 -9999 -9999 -9999 -9999 -9999 -9999 -9999 -9999 -9999 -9999 -9999 -9999 -9999 -9999 -9999 -9999 -9999 -9999 -9999 -9999 23.3276244463147 23.5675930020073 23.7377816893729 23.8838720659683 24.0085566840388 24.1374578833035 24.2903629176136 24.5110329251559 24.8752574675735 25.3063152316383 25.7625302285773 26.1314223747459 26.3670924893771 26.391781124574 26.3137742820203 26.1545393618641 26.021367642084 25.923383707035 25.9260612435498 25.9132101821282
19.8481371884228 18.607552443362 18.3087288285901 18.3944868365317 18.5462125428901 -9999 -9999 -9999 -9999 -9999 -9999 -9999 -9999 -9999 -9999 -9999 -9999 -9999 -9999 -9999 -9999 -9999 -9999 -9999 -9999 -9999 -9999 -9999 -9999 -9999 23.5932829821101 23.7286232825257 23.8627204733835 24.0018138531067 24.1934146096973 24.4486784139458 24.810496448325 25.2906444107813 25.7808944420134 26.1816983203228 26.4807195360004 26.603280797865 26.5471628686104 26.422201480629 26.3022802689718 26.176802472919 26.0877459782499 26.0705609557949 26.0777098936843
19.3446294322875 18.5096229129385 18.1179131430601 18.1547610002664 18.2251069094783 -9999 -9999 -9999 -9999 -9999 -9999 -9999 -9999 -9999 -9999 -9999 -9999 -9999 -9999 -9999 -9999 -9999 -9999 -9999 -9999 -9999 -9999 -9999 -9999 -9999 -9999 23.7622307230302 23.8880957510639 24.051658965189 24.3004256585985 24.6746407769851 25.1400610837222 25.6841111538836 26.1547649686007 26.498373491721 26.681978142381 26.7205522904374 26.6010249352022 26.4845665117518 26.3886890517446 26.2916077794364 26.1985424224347 26.1821150884527 26.1808379097041
19.1098628999628 18.3016725024938 18.0453115403293 -9999 -9999 -9999 -9999 -9999 -9999 -9999 -9999 -9999 -9999 -9999 -9999 -9999 -9999 -9999 -9999 -9999 -9999 -9999 -9999 -9999 -9999 -9999 -9999 -9999 -9999 -9999 -9999 23.851955054096 23.9564668965256 24.1330989837382 24.4364093361743 24.9036937224708 25.436004760566 25.9780042758031 26.4237771776483 26.7163583285514 26.8235082117404 26.7959988983729 26.6665770161651 26.5450824460431 26.4559525568076 26.3571622720592 26.2814122675645 26.2792774403016 26.2830392180598
19.2087551863999 18.4015521388057 18.1334772729355 -9999 -9999 -9999 -9999 -9999 -9999 -9999 -9999 -9999 -9999 -9999 -9999 -9999 -9999 -9999 -9999 -9999 -9999 -9999 -9999 -9999 -9999 -9999 -9999 -9999 -9999 -9999 -9999 -9999 24.0579581718657 24.2639647841791 24.6249299291459 25.1607340986516 25.6972774389198 26.2274436651416 26.6470118751572 26.9021630737541 26.9455643653599 26.8890882310874 26.7574673063186 26.6297578770479 26.5337907705547 26.4378110140808 26.4117767383387 26.4457548419478 26.4786208199288
19.5344547630941 18.7476860206671 -9999 -9999 -9999 -9999 -9999 -9999 -9999 -9999 -9999 -9999 -9999 -9999 -9999 -9999 -9999 -9999 -9999 -9999 -9999 -9999 -9999 -9999 -9999 -9999 -9999 -9999 -9999 -9999 -9999 23.9352657911983 24.1172830083419 24.348033693383 24.7293067275653 25.377446407729 25.9517387799147 26.4570862342438 26.8202564570264 27.0182732315918 27.0386616867384 26.9683231655053 26.8587701914596 26.7536677571189 26.6853246680959 26.6526738791212 26.6927681762886 26.7445118069333 26.7905546910326
20.2443713073413 -9999 -9999 -9999 -9999 -9999 -9999 -9999 -9999 -9999 -9999 -9999 -9999 -9999 -9999 -9999 -9999 -9999 -9999 -9999 -9999 -9999 -9999 -9999 -9999 -9999 -9999 -9999 -9999 -9999 -9999 -9999 -9999 -9999 24.8465593423609 25.542727581472 26.0805906674487 26.5885857025934 26.9167406405675 27.0782017894363 27.0758242705368 27.0317423283623 26.9534457516808 26.8847764043592 26.8731196068373 26.9060888610822 27.0050946184963 27.1057237765493 27.1627863131003
21.6183093942247 -9999 -9999 -9999 -9999 -9999 -9999 -9999 -9999 -9999 -9999 -9999 -9999 -9999 -9999 -9999 -9999 -9999 -9999 -9999 -9999 -9999 -9999 -9999 -9999 -9999 -9999 -9999 -9999 -9999 -9999 -9999 -9999 -9999 -9999 -9999 -9999 26.6501713723257 26.9410578219599 27.0790137752659 27.0969226259727 27.0706098302623 27.0284774630968 27.0135513083693 27.078125604966 27.1773393850281 27.3337565331775 27.4736815676837 27.5509161770934
22.9070236556659 -9999 -9999 -9999 -9999 -9999 -9999 -9999 -9999 -9999 -9999 -9999 -9999 -9999 -9999 -9999 -9999 -9999 -9999 -9999 -9999 -9999 -9999 -9999 -9999 -9999 -9999 -9999 -9999 -9999 -9999 -9999 -9999 -9999 -9999 -9999 -9999 -9999 -9999 27.0709421503681 27.0958235638201 27.0888097573727 27.1034204570421 27.1560643455511 27.299300969896 27.4601288101763 27.65654660879 27.8197950690493 27.9079699918497
23.6677300507216 -9999 -9999 -9999 -9999 -9999 -9999 -9999 -9999 -9999 -9999 -9999 -9999 -9999 -9999 -9999 -9999 -9999 -9999 -9999 -9999 -9999 -9999 -9999 -9999 -9999 -9999 -9999 -9999 -9999 -9999 -9999 -9999 -9999 -9999 -9999 -9999 -9999 -9999 -9999 -9999 -9999 -9999 27.2389442554935 27.4498528387703 27.7002984182806 27.9239337336878 28.0921256545618 28.1658461156951
