output/BIMAC_IDW_prior_no_advection.asc
NCOLS 360 
NROWS 155 
XLLCORNER -179.5 
YLLCORNER -70.5 
CELLSIZE 0.997222222222222 
NODATA_value -9999 
[rows 22 to 43 of 155, columns 98 to 146 of 360]
1.87617917532182 1.87617980044206 1.87618015818693 1.87618156956701 -9999 -9999 -9999 -9999 -9999 -9999 1.87668882596576 1.87711912191282 1.87824640913546 1.88202922825572 1.8910042900736 1.90659912405796 1.98260956057635 2.0992364392155 2.25486074586657 2.50757124007099 2.74083845979949 2.88092780040732 2.94918168623082 2.9509536393923 2.74051859458478 2.52178508730251 2.50903977415182 2.45973876257386 2.55558233042833 2.76239552223816 2.80362454256024 2.93930448558129 3.20410144272643 -9999 -9999 -9999 -9999 -9999 -9999 -9999 4.88236855692714 4.8286116896183 4.87896278292493 5.16471953610018 5.56874076203639 6.18436754149859 6.90282714986051 7.30097011996523 7.51613050881491
1.87617933147346 1.87618001485247 1.87618029577636 1.87618151244253 -9999 -9999 -9999 -9999 -9999 -9999 -9999 -9999 1.87970466827839 1.88329774933445 1.8921318643658 1.90970126191289 1.98798577717381 2.18804308236075 2.4422139007993 2.80402606206103 3.0634383078193 3.2278658109877 3.35939096759206 3.37175185460886 3.24581501026133 3.19384985028219 3.24049353014365 3.25823479014747 3.41770897166644 3.61859475284304 3.54039932028771 3.65581525360508 3.72830500479406 3.70359338720741 3.67793480267719 3.95516444798237 4.12875541223275 -9999 4.92554366070508 5.1201344638774 5.14397834079463 5.0791917233449 5.06346278715501 5.19346577502797 5.47208052078448 5.93691112156573 6.59612303731428 6.95913170857709 7.24726177845232
1.87617941174397 1.8761800881114 1.87618038425077 1.8761807596361 -9999 -9999 -9999 -9999 -9999 -9999 -9999 -9999 1.88048327049965 1.88425600472877 1.89332157325478 1.911105391481 1.99435139094737 -9999 2.61437469090416 3.02602834209312 3.31356003082168 3.50899915383597 3.64799942852038 3.66632846143158 3.4962835038866 3.54285270759769 3.69613925525466 3.79457901402965 4.02502767470847 4.30004811198325 4.26306993916914 4.31182440089939 4.28578315421349 4.1876124665374 4.14697573523658 4.22919202154098 4.30340657021586 4.70045562652551 5.04282252920184 5.30541094393751 5.40553465581047 5.35677552626396 5.22986693236233 5.22439101550681 5.34049282362548 5.66281552927016 6.24160538561118 6.72008337429872 7.05053924211019
1.87617946150092 1.87618001583503 1.87618028829423 1.87618058201303 -9999 -9999 -9999 -9999 -9999 -9999 -9999 -9999 -9999 -9999 1.89777167912162 -9999 -9999 -9999 -9999 3.18070804595209 3.34409187929584 3.47985786725856 3.57502413405064 3.6076953133287 3.65516927509419 3.88644712419488 4.09657906182756 4.23231816975457 4.52413272055521 4.62085775225771 4.52516478712419 4.55820479569231 4.51028759343931 4.31900561631187 4.28248226565549 4.33379519478537 4.37047282242149 4.74041068567219 5.19747989199232 5.53891084462287 5.59220002130231 5.62608243598828 5.4325032159994 5.20334215830662 5.17126211521455 5.34101966247105 5.74340175304022 6.2624600715834 6.70763694448941
1.8761794723026 1.87617989890412 1.87618014622775 1.87618036455418 1.87618061583182 -9999 -9999 -9999 -9999 -9999 -9999 -9999 -9999 -9999 -9999 -9999 -9999 -9999 -9999 -9999 3.27903160470922 3.32665499780788 3.24105207680695 3.21782305589343 3.29844925994983 3.76832537629769 4.01688283780991 4.31010771660582 4.65776065320602 4.74037830271207 4.47836087135366 4.6038404960851 4.7078429022367 4.62669362088021 4.70495476269261 4.8271161181774 4.73453107724769 4.86185658316332 5.36302060885788 5.84204825042609 5.92343249833526 6.09011049675576 6.00027486894643 5.62653908041407 5.36714957033101 5.57966486500893 5.88985216539357 6.38636040333821 6.8766045483071
1.87617949271138 1.87617979630752 1.8761800088783 1.87618018487096 1.87618038761377 -9999 -9999 -9999 -9999 -9999 -9999 -9999 -9999 -9999 -9999 -9999 -9999 -9999 -9999 -9999 -9999 3.22124378521024 3.04905284009549 2.99358742699886 3.07867615836839 3.64090708560088 4.04270744180607 4.40882430576695 4.85194088575703 5.03549391141281 5.00030006834153 5.02688173412963 5.18999332390326 5.14689540939937 5.14833713108025 5.12338355046188 5.04866438387811 5.05128107547452 5.43564142378762 5.96548534653549 6.10613054050821 6.31464590786975 6.32910979320632 6.07734161220561 5.90703001147899 6.05841136877556 6.2865058125883 6.702911163969 7.20266740232192
1.87617950539978 1.87617970159897 1.87617989054796 1.87618002925053 1.87618019342141 -9999 -9999 -9999 -9999 -9999 -9999 -9999 -9999 -9999 -9999 -9999 -9999 -9999 -9999 -9999 -9999 -9999 2.71000315030038 2.72582365018172 2.94004163760947 3.52872960081166 3.97194450093471 4.2971835500213 4.66063405919733 4.91541131708798 5.06233079334358 5.12806641723291 5.38654161021371 5.53530256438822 5.58922315166834 5.70024754237102 5.59699049527537 5.54066507194544 5.7949822051804 6.22328973324498 6.19504687655934 6.51279694789512 6.69522298506222 6.58489892010543 6.53672125985927 6.80653671110246 6.97477390235178 7.34143137572337 7.80926946241333
1.87617952819777 1.87617965618024 1.87617978047406 -9999 -9999 -9999 -9999 -9999 -9999 -9999 -9999 -9999 -9999 -9999 -9999 -9999 -9999 -9999 -9999 -9999 -9999 -9999 -9999 -9999 -9999 3.51066656619978 3.90659620789765 4.20619694894188 4.52045226646993 4.74904646297967 4.85895205711982 5.01889912205463 5.45612048211607 5.6561787986968 5.85842061480994 6.11057994461295 6.09864159239888 5.86672816290881 6.15599790742236 6.41134763496324 6.23783959036636 6.58057777835122 7.08728693765986 7.11851874238025 7.31316445838884 7.80861379965126 8.01906373896461 8.29281935841159 8.67808872515451
1.87617956252606 1.87617963114666 1.87617969746949 -9999 -9999 -9999 -9999 -9999 -9999 -9999 -9999 -9999 -9999 -9999 -9999 -9999 -9999 -9999 -9999 -9999 -9999 -9999 -9999 -9999 -9999 -9999 3.81450578740719 4.13412365987444 4.47298689492401 4.67716777088306 4.80640299418648 5.06409058461949 5.58623975057788 5.95088333607812 6.26775387241721 6.68493330544107 6.82145379468874 6.54224184426295 6.65576890090754 6.88666817113008 6.72266073435507 6.98947208033678 7.55442231042119 7.85849560297963 8.20009682630364 8.73981857107814 8.96904668236572 9.36487910621301 9.73676682698986
1.87617962241452 1.87617962241452 1.87617962241452 -9999 -9999 -9999 -9999 -9999 -9999 -9999 -9999 -9999 -9999 -9999 -9999 -9999 -9999 -9999 -9999 -9999 -9999 -9999 -9999 -9999 -9999 -9999 3.95021421558926 4.11675500616823 4.41041227690499 4.71595095206095 5.09019810011119 5.3288936427602 5.81506967830746 6.30216882373248 6.67331284733635 7.16562782618206 7.5520543383706 7.55366260263204 7.73324781941094 7.70757466515694 7.49024824824031 7.60620719275333 8.03487668272532 8.23826101071025 8.8333003564303 9.40323599597831 9.69427651156627 10.1662577786024 10.3885548665079
-9999 1.87617961597558 1.87617961597558 -9999 -9999 -9999 -9999 -9999 -9999 -9999 -9999 -9999 -9999 -9999 -9999 -9999 -9999 -9999 -9999 -9999 -9999 -9999 -9999 -9999 -9999 3.65560348290295 -9999 4.15623973679305 4.36038771135591 4.68338119522479 5.12649959483775 5.54896661210134 6.11003642324544 6.75697401198473 7.19041196770579 7.84858602803135 8.28546252631312 8.35889450046624 8.60703514085451 8.56339706716427 8.36373503913774 8.36411746433667 8.70498628988803 8.8343552714911 9.37575263629685 9.77259596565339 10.2307368897433 10.8510369927456 11.2184925576577
-9999 -9999 -9999 -9999 -9999 -9999 -9999 -9999 -9999 -9999 -9999 -9999 -9999 -9999 -9999 -9999 -9999 -9999 -9999 -9999 -9999 -9999 2.76262455975105 2.75706840458167 3.11892378404563 -9999 3.92164885722512 4.15179784575911 4.34787684539823 4.56518692230636 5.02069971783039 5.56001605916698 6.2925321737398 7.10132301024514 7.74471700750122 8.52405832706297 9.06731295961703 9.18487641082316 9.49735187656433 9.55621763657648 9.49318204678049 9.5483590402517 9.83181834524129 9.99138438190055 10.4134861065873 10.5559195744039 10.9457356535375 11.6850416056503 12.0713652696116
-9999 -9999 -9999 -9999 -9999 -9999 -9999 -9999 -9999 -9999 -9999 -9999 -9999 -9999 -9999 3.92621796651871 3.70311984087708 3.5839757366763 -9999 -9999 3.25874578685973 3.35590116676532 3.54677152899211 3.77937189460187 -9999 -9999 4.22891672637657 4.33947470758559 4.47461519279527 4.89669213840069 5.43720231501259 6.0312117707764 6.76013150785143 7.75552078042327 8.41167648019692 9.29682566426172 9.91712892577003 10.3548668816038 10.6264419642282 10.7737291564374 10.938222195304 10.9724994360775 11.1047521299542 11.270882776649 11.5882542184704 11.3983081825673 11.7341518043289 12.3195228200333 12.6774999276853
-9999 -9999 -9999 -9999 -9999 -9999 -9999 -9999 -9999 -9999 -9999 -9999 -9999 -9999 -9999 -9999 -9999 -9999 3.87598297326525 3.75724685320754 3.70404718937518 4.00608785708084 4.36909689505824 -9999 -9999 -9999 -9999 -9999 -9999 5.39379686075874 5.96570485619491 6.57328579442682 7.30862688999348 8.3732498441902 9.09895617055923 10.040306181374 10.6764610841562 11.1634073129627 11.4409390886696 11.5493158933795 11.8284788768077 12.0253948096711 12.2345069204991 12.4086737780191 12.6003342493728 12.1803864459236 12.2566797561357 12.6100546614017 12.7118953059655
-9999 -9999 -9999 -9999 -9999 -9999 -9999 -9999 -9999 -9999 -9999 -9999 -9999 -9999 -9999 -9999 -9999 3.86087291789667 3.87598297326525 4.1535567985337 4.49702229087716 5.29345877890443 5.93054209406895 6.5660084561047 6.823230422459 7.10544262303299 -9999 -9999 -9999 6.10593474941194 6.3206575392262 6.77101106358081 7.43786813552937 8.4994770924189 9.51360100787043 10.7823244531424 11.5420074334786 12.0482614034843 11.9544171347095 12.0976905681644 12.2957811966355 12.5033188682445 12.6597063654873 13.2857381551727 13.4167229098992 12.8580601907668 12.7156461567321 13.0216333398078 13.1955248763041
-9999 -9999 -9999 -9999 -9999 -9999 -9999 -9999 -9999 -9999 -9999 -9999 -9999 -9999 -9999 -9999 -9999 6.4245289503233 -9999 -9999 6.60100991152236 -9999 7.8850301591144 8.18883032227562 8.39472283910836 8.63107908920438 8.36350027057283 8.15111935095416 8.00334359042768 7.6782591006546 7.46462089102332 7.53590091148859 7.60406711644649 8.27236321065234 9.43559509078283 11.0118712561391 11.9629963068753 12.9117504876311 13.0078074965961 13.1154306093654 12.9993269342303 13.2134762198161 13.352834652989 13.9557738082956 14.004380120393 13.5837283128065 13.3326875533483 13.6706342410554 13.7696390444641
-9999 -9999 -9999 -9999 -9999 -9999 -9999 -9999 -9999 -9999 -9999 -9999 -9999 -9999 -9999 -9999 -9999 -9999 -9999 -9999 -9999 9.54074666299207 9.51325704215884 9.44951119375008 9.10876192845104 8.76041488605837 8.61057972577236 8.67394514064303 8.77468170501102 8.68258250588752 8.5953599300826 8.40122895556663 8.12226284932435 8.58348672890384 9.75220488154779 11.5130249946328 12.7209292836787 13.8799334153716 14.1258147844929 14.1940813042655 13.8949446324524 13.8386614212981 13.8652800438841 14.1333955447247 14.1111283966797 13.7978495642514 13.5893082795671 13.8139175754858 14.0144406943561
-9999 -9999 -9999 -9999 -9999 -9999 -9999 -9999 -9999 -9999 -9999 -9999 -9999 -9999 14.5760882272878 13.766513991543 -9999 -9999 12.1366611426615 11.9571467618349 11.8576381910701 11.7217035649692 11.4053776360017 11.1538256373651 10.4543804839278 9.86097485320913 9.70217527226101 9.50443391390792 9.57153431295966 9.5383751210832 9.42047456487309 8.63721317958923 8.37711177259172 8.69136215434489 9.72346395658789 11.6745964499924 13.1361412981898 14.281384461927 14.4473285600247 14.6440862854758 14.1311322004545 14.2843093521766 14.1863245431631 14.3988641590407 14.1689014699131 13.8834507690871 13.5861565889274 13.9789956218062 14.3074601638822
-9999 -9999 -9999 -9999 -9999 -9999 -9999 -9999 -9999 -9999 -9999 -9999 14.830410221402 14.9702674866654 14.8654898292375 14.849271079176 -9999 13.5775310636713 12.9405658431768 12.7190706146638 12.0552677326279 12.2620589706981 12.1269732635133 11.8846242477899 11.3785091418952 11.3403576231119 11.5194607493635 11.5436726547427 11.9109690141275 11.7326465216253 11.0673485859519 9.46848160131234 8.97044439378142 8.82798751128029 9.71382561243016 11.8312212487972 13.7156189856308 14.9636001240084 15.2400555260274 15.3723536620176 14.7467163905332 14.7861008814896 14.6873144557613 14.8272790020571 14.6919612665626 14.490618810386 14.3291328493174 14.6737551140574 15.1074446856472
-9999 -9999 -9999 -9999 -9999 -9999 -9999 -9999 -9999 -9999 -9999 15.1513327866465 15.1113332684143 15.1475620362509 15.1204502918392 15.1657379156986 14.8013761415738 14.1875525916853 13.8297102724901 13.7604687965139 13.1490694704431 13.2717804502041 13.368171185509 13.2121037325891 12.751461998737 12.9810870798809 13.2905507454014 13.2716720123854 13.3815337180193 13.3223997483967 12.5143175213184 10.9031222062145 10.2948177298364 10.244738255767 10.7315432676443 12.5058733514136 14.2012231714708 15.4460527254265 15.9710489704226 16.4976609762993 16.0638504614175 16.3354332691136 16.413831554776 16.3364200498097 15.9280743710789 15.7303249146328 15.4468412898002 15.5670389708748 15.855868801779
-9999 -9999 -9999 -9999 -9999 -9999 -9999 -9999 -9999 -9999 -9999 15.3372779819047 15.157995027161 15.1866637694503 15.1935441051188 15.4094199117473 15.2911560066871 15.041115090098 14.881437322901 14.9497652608114 14.5192790161443 14.7645019917547 15.1519375464556 15.4326533669729 15.1372740938716 15.1789007375979 15.5393487700481 15.2116821150431 14.7000517465986 14.5601846688177 14.1863813425855 12.5898654341131 12.3447704417554 12.6679096274535 12.9888381339629 13.9720203339911 15.3497532496211 16.1419112665012 16.5190932143983 17.0181360235716 17.0803369049508 17.585906141104 17.8610392183769 17.8024295542971 17.3910989910385 16.8988878418783 16.3496872021548 16.1215800438993 16.1419945169306
-9999 -9999 -9999 -9999 -9999 -9999 -9999 -9999 15.0784914729022 15.4122610141037 15.55590599551 15.5187365097834 15.5352233899338 15.5064454174663 15.56523819345 15.8743437410084 16.0903942197766 15.7203516647025 15.9270789993096 16.3354940444072 16.1196379058375 16.4037774708275 17.1894828693011 17.4829093559478 17.564163733853 17.9279733174081 18.2320884525248 17.868680170297 17.3977368212467 16.9739295824183 16.2137343712481 14.6454848675247 14.5570364758203 14.6218671722184 14.5739808538586 15.1949015502456 16.2695469579148 16.568672576238 16.8255287606101 17.3313265557002 17.6041746121103 18.2684388209138 18.702677080725 18.8263922095917 18.3653045872841 17.7839607339498 17.1023304543785 16.7176316013322 16.4740418989408
