output/BIMAC_interpolation.asc
NCOLS 360 
NROWS 172 
XLLCORNER -180 
YLLCORNER -82 
CELLSIZE 1 
NODATA_value -9999 
[rows 132 to 153 of 172, columns 147 to 195 of 360]
15.57751812384 16.8949437147498 16.9844177678898 17.1648527329254 16.7451110941889 17.3429950574417 17.2212207290765 17.8318129370699 17.3267958891473 18.0667537242935 17.2870815588583 17.7573312818202 17.1591108236681 17.1048332974599 17.3271707148409 16.7058771560388 17.3671633746738 16.7500784564116 17.5205428113762 18.512963947334 18.5556206151579 18.3205691340034 15.8106258021915 15.0925499868577 14.0333136073598 14.4753802334778 14.5002219232258 14.4974053624534 14.5530398663429 13.530430066712 13.6733115561925 12.9594934937152 13.7890358378962 13.8089559416592 14.1794530056703 13.751224489058 14.2204563411674 14.611768717295 14.1429293134196 13.673994630709 12.8057195929039 13.9748592883408 12.878647200964 14.1803874221915 14.7753972252013 16.1439557228314 16.6180237167893 16.3908254819323 17.3736630549418
14.4661675534168 16.1055648976951 15.9075483939802 16.4667699287234 15.2939984190323 16.6575313734986 16.3039328767355 17.7794018361009 16.765209649226 18.0390500470138 16.8050185991328 17.7012120523989 16.6476884041049 16.8658109226472 16.37417976387 15.6510118879383 15.2259117181359 14.8027345719833 15.06797536115 16.228169302368 16.1488685810522 16.6103754055989 15.1671211286361 14.8267593002348 14.1965924662901 14.4619558530459 14.7515023927247 14.498415707213 14.6764710249508 13.5178640375874 14.0032539837844 12.8809384920379 13.7705781302467 13.4524143505199 14.5529282148776 14.0102013099657 14.4093671308148 14.2250151055406 14.0523897243671 13.0128156191549 12.3495134748099 12.915134712827 12.1176822888083 12.3160047413876 13.1598154710309 14.193801795083 15.4503501397942 14.7317954925311 16.1095050077832
13.2091090084084 14.3514047707355 14.0940932608158 15.1381268594527 14.0171484511516 15.008780688416 14.8897564565829 15.9559717174053 15.7052872005713 16.2864971896757 15.7142527597654 15.8356559695743 15.6410482371054 15.8226567143601 16.068542933892 15.3318524512793 15.2388004781836 14.5236480306374 14.8636259738144 15.0468013369614 15.4801420250885 15.6669868790985 15.4251102629461 15.0103624033128 14.7458670767129 14.6304425313209 14.9215211773318 14.5857783694922 15.0044667100193 13.9581037434905 14.465005753026 13.4502297108421 13.9423786731802 13.3729255327695 14.1838505818598 13.8479197494592 14.3483261633615 13.3768207220481 13.4816242626227 12.3586041741729 12.4880403986684 12.8704996977062 12.6273547679088 12.9373974835216 13.1007946439015 13.3042670123028 14.1738400471423 13.5786857332728 15.1111446506622
12.0448460140319 13.0622401143993 12.9479972372763 14.2602674295719 13.2664500045144 13.8061552545127 13.423994945032 14.1327391722559 14.1930675502894 14.6396368123359 14.8083156293103 15.0147962370943 15.5774898499188 15.2712294009203 15.2214295256113 13.9328551820078 14.0559678085085 13.3196772433627 13.7135547495699 13.7068266992204 14.0934358175395 14.0353493030677 13.8616370053668 13.4479225203682 13.416497246056 13.0882523166044 13.2988869178284 13.0824292648577 13.426511461357 13.2464706475597 13.8245518898334 13.3642922923962 13.1921955334649 12.6575705617641 12.9863230683401 13.1342781551635 13.0655820354415 12.3921470900157 12.0351038968776 11.4997303506461 11.0840830200969 12.0931182012738 11.5642366266825 12.7460753891556 12.0320763893275 12.4034024030769 12.1901680350686 11.9893916228391 12.704769422066
11.4936351052115 12.0849479323967 11.689013917261 12.9454475694916 12.6692121050391 13.0376556962581 13.1814150363164 13.0651300037519 13.6338736309565 13.2979480500115 13.949492049532 13.7492099441459 14.532698238692 14.0058128464677 14.2207314057881 13.4404903187821 13.9394613616678 13.3940517257648 13.983704218947 13.905905293176 14.3036920837428 13.7613859361033 13.1318486013832 12.8242276955972 11.8825691620368 11.9881425131687 11.7541216316185 12.3766017708738 12.9583086365301 12.8124519887414 13.0858098298848 12.0656114446902 11.8008583765886 11.3343646915473 12.1997613937937 12.9533434896122 13.5154944346101 12.7392675661789 12.1919546169604 11.6282215522773 10.891905343238 11.5002617376849 11.1713033921554 12.6777390132254 11.811750386173 11.7833456994377 10.9168841859612 10.963160502996 10.6708961927386
11.2180380003359 12.2172853850974 11.8460745627502 13.259388494524 12.2466458105616 12.4394092062772 12.0333942295802 12.2388209855131 12.907910058975 13.0239882461131 13.6038619166383 13.9210989629253 14.1580951194809 14.081280111126 13.7484554882768 13.4230974566982 13.4555283773116 13.3783342666565 13.6862212949419 14.0338064596976 13.8939170482092 13.1280215945066 11.7948597980113 10.9079044581151 9.32897748823442 8.96412714764603 9.19939184485149 10.4024091693132 11.4429890978292 11.4449440578618 11.5728206709338 10.7484065002707 10.2667268303899 10.0635029378922 10.7056068460673 11.7280350718827 11.9154636366123 11.1654898714623 10.2120954973698 9.70820510649358 9.06664947747458 9.45748703365795 9.54202060726675 10.3271174454182 9.34238757522719 9.28454969559443 9.26569188042581 10.0961576881287 9.14487005329132
10.4264882591625 11.0779870471316 10.4244342948431 11.4034968940807 11.0785612952205 11.4717092735539 11.8374598619952 11.6388739146184 12.3644223274927 11.8997623928625 12.544387902115 12.962615358384 13.0936761050151 13.0435104969826 12.9702201674902 12.83614881261 12.9475017481307 12.9892218736538 13.6044811380746 13.6977492561466 13.1935019224631 12.2124488072418 10.7811581441949 10.2114677533161 8.54689534808927 8.67888387476822 8.53410803820952 9.94223424268642 10.4200152877387 10.7359622079374 10.1127272185555 10.1354327818068 9.53298295785528 10.3609861050762 9.98755701939404 11.3808817143055 10.7714279507256 10.7109871084435 9.26377567148694 8.62935458796475 7.5978360756694 7.37533037862879 7.84106448938084 7.81061305863266 7.34131901938232 6.83491210593653 7.80667447827508 8.80014928989868 8.35625262533797
9.89768939919086 10.1185338094444 9.80715121852712 10.2842141840401 9.80901644429373 10.1987647249885 10.4970681211417 11.5787091731483 12.0841838737484 12.8187506286497 12.6779419914248 13.8033318992994 13.4133799093091 14.1066540377882 13.8626533723259 13.7158797400469 13.1134323515075 12.6124891237423 12.5673812342075 12.0103595424203 11.5815383621549 10.4019923142469 9.71994587945311 8.65879902854244 7.85983534255894 7.30684557303857 7.22414302720577 7.97520891099938 7.97187500377203 8.64188611651795 7.96479565177941 8.8715229184756 8.43442834576377 9.43336135915585 8.74899660650306 9.07759913296612 7.83853985614104 7.77926177058317 7.02375981024341 6.71473401390547 5.79483010999984 5.23468063676942 5.72351025333289 5.28411886301621 5.05187444934887 4.46119698425372 5.5819746380207 6.48587645090787 6.72160843204621
9.10150313340391 8.74064509387523 8.41634399322114 8.10388655131425 8.53346699257759 9.37746989009534 10.2363009965028 11.0589599841176 10.4660880426198 11.2303097338875 10.9709413241048 12.6262396385074 11.8671733044356 12.2882668262485 12.2759088993527 11.8939115764152 11.2208962787027 10.0996810498793 10.3144615310683 9.62802430386974 9.63426924703818 8.97299809092444 8.7858993063535 8.30149294502336 8.04492846769632 8.09951096009544 7.30780732676871 7.29094710149592 6.72918252631555 7.99659900263221 7.53825502639448 8.69042763637876 8.24730501557695 9.30821421897442 8.68298801897679 8.95276253690571 7.95485404413617 8.14813591142881 6.74301893842674 5.95143898051873 4.59172203177479 4.16103893000179 4.18599656777863 3.5024522225773 4.04956628962424 3.63227020915117 4.42251997137234 4.25213639802374 4.74472224623615
7.75553369273595 7.80075299842913 7.72374948834409 7.69689200678106 7.17655786524649 7.97563167566197 8.28870612050354 10.0547076494086 9.08761442633505 10.4246855398342 9.93273977228647 11.4716975585032 10.4045413441967 11.0551766216572 10.8073583158486 10.605159035026 9.54606292996909 8.47038282903028 8.40036884917059 7.68311802355722 8.35482850626675 7.94934512813278 8.30017449828523 7.19002441572967 7.32297281184149 6.86483140888161 6.33413480111677 5.8520977275248 5.4594622052322 6.44936829336301 6.40777800157471 7.01429934556597 7.23008766697615 7.57034444331671 7.55306534094597 6.9708471511644 6.50511796701974 6.61504699818726 5.78512227598517 5.66236600849007 4.89088449071479 5.08340505833708 4.60776178760624 4.31238210906326 4.36834562207904 4.62466907525408 4.51157610007858 4.22794967289643 4.00256399260228
6.48170272752074 6.48883509950035 6.58241406892184 6.43126187405684 6.84280663809095 7.30789165276327 8.05786856093755 8.57833375532462 7.9712835521161 8.34615607641379 8.5133161821378 9.16599215159667 8.45688411428277 8.08620080255384 7.61325746873927 7.02001618819128 6.55223975227695 6.17303867604019 6.57122090778994 6.68474947411787 7.2353543651635 7.47417255215639 7.52585900949303 6.8878979900861 7.14413146136105 7.00615918567596 6.94079555042008 6.3046379310678 6.1335142805589 7.18374226829507 7.65229042403487 8.01342167991987 7.7047453312646 7.16001844108003 6.92268793622839 6.42950017278289 6.32264713501162 6.33262059497359 5.32552638860513 4.9148619678013 4.36426598598763 4.6836551935189 4.23743852713207 3.81374949123664 3.85777120356815 4.1313615873428 4.03336414041318 3.73383779558953 3.57323509063387
5.91562636009364 5.4736977370076 4.99340012811996 4.58016019767547 4.8591785047573 5.10012958716649 6.22697894323973 7.37360238308155 7.7382987896417 8.20583060422665 8.15886053487663 8.3007879404043 7.77830676578027 7.66333469085134 6.83040825548742 6.43752541014096 5.50652549868247 5.55974502255868 5.24446848937998 5.76577480227296 6.2834910724851 6.94784877877481 6.99890163687442 6.95485445901566 7.38021816353495 7.23962582939654 6.48322095643525 5.73021841629288 5.44401600372448 6.46015468646447 6.8219208399277 6.63752131369766 6.67877204303232 5.72335149751232 6.21500611552848 5.12997771618783 4.93649228372379 4.57579288669392 4.37497915959762 4.81298389762662 4.31360182360202 4.62621887643162 4.00045457769256 4.54154758276996 3.57935771295901 4.25473738703491 3.29676162051661 3.85175325352773 3.08109042087948
5.84959331128609 5.6242189728492 4.62518388686798 4.3453880688874 4.54530929763626 4.62774382986449 5.73481947030353 6.5023109914701 7.48191714646891 7.58323417345007 8.01920717089565 8.03527893952545 7.83997568584496 7.52313553053803 6.68065702607072 6.55171515567075 5.26194148615968 5.76805866897491 5.09042988441857 6.05235916148245 5.94145204802192 6.32209124360901 7.05864729866764 7.51408496559702 8.2858542256282 7.35404230235695 6.82331737314832 5.83517937236363 6.3443228614147 6.77163696355988 7.44109064661021 6.57919343260159 6.62957345242834 5.17662614200531 6.2167799102883 4.73198214383119 5.24782139493151 4.01971489624369 4.44833402638434 4.01368186699565 4.02299282280797 3.93920527744601 4.14388562693386 4.34566364137368 3.96404893200814 3.93538792049157 3.46041346427151 3.12561750471906 2.75855661504994
6.00118855252934 5.75463460855917 4.69367652035864 4.91284963350135 4.72790537879602 4.30744309105657 4.50332582645339 5.5121304497496 6.71871955310713 6.94187603403718 7.07325028610775 7.62813788396087 7.88926664804459 8.36456582634643 7.51441451786902 7.68265942906709 5.87969705645384 6.20106015280773 5.0893050731093 5.98391494455133 6.04564609572673 6.96664657839663 7.68077346359161 8.37972659624155 8.39038119419049 7.95054678899044 6.71128421503329 6.18560659840047 6.10069134459497 6.30181207570477 6.6133476248337 5.58474857277838 6.0398275259855 4.78686084517131 6.12044852050182 4.77090651388623 5.53199976023706 4.45728781299175 4.98111303485863 4.55279713725718 4.32760168371777 4.64150939857634 5.02630476879042 5.70674055590987 5.0556055946827 4.74557527575046 4.4894131334896 4.09390782226011 3.57939304876903
5.41539184819626 5.83511267589481 5.36886254695504 6.07083650852158 5.83831102837399 5.51356963888734 4.85323757229509 5.00924468773899 6.50561175995031 6.79448137277033 7.22744981578579 6.44180609450507 7.04182546497998 7.37211273572232 7.61302262643707 7.52869309683402 6.73913143538944 6.73011094514919 6.37046595150393 6.39089379551016 6.72074756616557 6.76277546416545 7.65824024648963 7.60638714588951 7.44613347167387 6.98073921737291 6.57080562732893 6.51331339876951 6.36016872097505 6.08997153930719 6.22893353180675 5.48141006213403 5.82898295174028 4.85932342227645 5.72384333027042 4.78177349869106 5.74297796096393 4.75367738333734 5.30480971760839 4.53673720938205 4.65129076398831 4.58359056455057 5.2957144512252 5.77382362564575 5.93532381451932 5.29206661064303 5.24061755512395 4.36199984609724 4.36613685638887
5.02533371974195 4.87718219161552 4.67907207180451 5.25776498033574 6.04026569583533 6.1770303554793 5.37781679194818 4.64813228373161 5.75427563683197 6.19248060385359 6.61022107698044 5.79843616229168 6.21297852260061 6.63220557933389 6.77659342596626 6.79029826722929 6.14697544204162 6.02459759468034 5.5987157530688 5.60439082398154 5.98718795115965 6.53126495701274 6.78449702850755 6.80432030610412 6.38799249911855 6.81708443346086 6.52787399748077 6.74490702005695 6.19589675833465 6.04580840618263 6.09318431662466 5.5076552077509 5.6851326374404 4.82990188919287 5.44761827724931 4.94631693261084 5.67409405192058 4.89931789699361 4.9458070939201 4.26170111987138 4.54017571631738 4.44177309161663 4.92489539077735 5.0839158080563 5.81525450486511 5.85742462700969 5.96373839773777 5.64997705569948 5.15882507493278
5.05503475802143 4.96415349162652 4.54782380470483 4.74130725681286 5.05541402786269 5.76524445448215 5.07493873393107 4.1939060567876 5.40144045532798 6.21878853903611 7.40732937943812 5.22015647294062 5.35818119192818 5.05915271468614 6.05574386310653 5.67832654298676 5.70298654618877 5.50670588083495 5.49114092694193 5.39960410410174 5.64267053255833 5.86188207863606 6.10623400416844 6.05876360699446 6.36316569825056 6.26963688134207 6.4263301740681 6.26508319717872 6.47735924500263 6.4784340767009 6.28977795970516 5.69867713771986 5.71602524676932 5.49187558658861 5.73387606857586 5.19344446728472 5.27347843559141 4.49991038399519 4.44116968430709 4.09942824725112 4.73419861822387 4.34080165019012 4.59334531285297 4.71552893304638 5.62017138355537 5.78169751407766 4.91651881969679 5.16051942269227 4.82198345181743
6.37211544667873 5.98042271603416 4.85869477725894 4.69881031444493 4.83644222406545 5.54312923238399 4.93917022937294 4.18419430348931 4.85023667351109 5.45361375798916 6.72226722483382 5.54718469992508 5.58431772534698 5.05810189950801 5.05994172798031 4.64962094811517 4.41318244205055 4.69913960140928 4.53540419896221 4.83750884672589 4.73148197759034 5.9388496006853 6.08532085228484 6.79317495403976 6.44466605216307 6.78225715463135 6.30512705573879 6.35626293084178 6.26045201418319 6.69524931057933 6.81277846218182 6.64854292482702 6.28841635595301 5.74593231688282 5.60936944294926 5.17239587338267 4.96962219994091 4.3560843483119 4.61888338834126 4.71551725471971 5.22224152411803 4.78701105030316 4.64178507822224 4.48288346734402 5.03283951628733 5.05956408540209 4.37710693497492 5.17086513577842 4.90734704696228
6.8718714409723 6.6038007325331 5.76252033573462 5.86777718729564 5.16572376217723 5.10082325895534 4.17123709873983 3.81274551317742 4.16338896199691 4.75022593707836 5.65428439767753 4.8443225778076 4.86688761118917 4.40636840062376 4.80357792783795 3.93242798182071 4.56454667639565 4.72616418172208 5.21980643506827 5.03654678286418 5.16636888133272 6.24812665747875 6.52388881191004 7.26893595249814 7.11744668899665 7.02060244636545 6.43096572600529 6.73700390967058 7.14032324375318 7.42177538702475 7.24815789273996 7.33570321736105 6.75627329868142 6.30204064282924 4.92793045139628 4.32033178150774 3.70319771060313 3.71899340506481 4.8212654768723 4.972186379218 5.35694667002776 4.51470248584026 4.26809894194153 4.33647894888649 4.72203855156559 4.96786924376769 4.38598091256207 5.09609248859247 4.83904165829613
6.65391108995624 6.3199147040694 5.74958403941287 6.45284609001073 5.72097572946339 5.18286809728034 4.15999899173451 3.8226729192311 3.49295674940168 3.92954820791812 4.13644349502787 4.55488824782376 4.36086591785659 4.56994767086061 4.61802900701744 4.05039147977469 4.79121290104143 5.04198102447352 5.53544875576546 5.23485648494379 5.44407343503818 6.29345317654777 6.6189367410438 7.27180290975496 6.98325246750615 6.53461111643495 5.71201359111887 6.09403036548235 6.71073972001439 7.13593310450727 7.03726689623895 7.00415186251725 6.28252302512633 5.99145806860573 4.46942241848641 4.45676745991 3.55893702266178 4.11808086393606 4.53093068453127 4.93110428902525 4.48830731652607 4.4843239457326 4.17253039626098 4.74144595696151 4.91335609444059 5.75179296562986 5.54488744148362 5.59199451740479 4.72023535263496
5.27208695583887 4.99818332010687 5.11105823935805 5.90856493905282 5.60695854073763 4.69888168568581 3.79324888888462 3.91564732834924 3.9130920922922 4.44914170826971 3.81477436644623 3.90910629152788 3.60406973748915 4.19343217094867 5.11996608250643 4.75196608708692 5.61754966859898 5.30764533261469 5.93588668078226 5.34625178733157 5.3838325042107 5.63853858247063 6.02547664375182 6.54747780628951 6.47744729897439 5.52295458902569 5.45334455742057 5.83042625211665 7.20246240772777 6.57594502145464 6.57787845643342 6.1166631757881 6.06806202491021 5.83853403239101 4.3851809446919 3.46902342212534 2.56556928479208 3.07473389147537 4.24877821118287 4.7671098978316 4.52038197839434 4.5480739765914 4.07703864142863 4.98387691898312 5.06163471435135 6.527993273857 6.23654441543444 6.34626939014297 5.45614041325111
4.86352126304944 4.8550049116839 5.34304129478948 6.15788019107659 5.55388602040002 4.63547619387738 3.75563861917772 4.44522142453095 4.94693508313098 5.62752471163876 5.11400761314361 4.53081407108569 3.92649681687249 4.44526207457219 5.40884021906794 5.54131633513554 5.17214336314976 4.92379741261805 5.31546259428269 6.20362158074179 5.93703688098446 5.95743514418106 5.69169064832193 5.38813940209649 4.97268064207078 4.11990053900646 4.77755051876603 4.9603669601773 6.03641601292315 5.74046826215755 5.92376194593629 5.35532868625067 5.00474555410662 5.04716564756763 3.99792890043404 3.07957937460362 1.65220078206625 2.4287555835182 3.39889006177916 4.64497651041051 3.95827887699128 4.47602087730332 3.99000290103598 5.10865244469401 4.86085461636175 5.92203779958189 5.36319021511333 5.61373373417959 5.43681668996434
