output/BIMAC_interpolation.asc
NCOLS 360 
NROWS 172 
XLLCORNER -180 
YLLCORNER -82 
CELLSIZE 1 
NODATA_value -9999 
[rows 132 to 153 of 172, columns 294 to 342 of 360]
13.6272473384255 14.3044110554351 14.2416589106514 15.9491953808639 16.9163908733446 17.4751868984386 15.9285278342916 15.0741767911599 14.7485638133733 14.8407466350399 14.6285543997025 13.84624022551 15.1104935122807 14.5846617145331 15.8918072080575 14.8960015665646 15.647040056171 14.5467804092068 14.2340942873276 14.1362824916885 14.2218697373013 14.04635259774 13.4693657450773 14.9020589385131 15.0351825310983 16.1009602583777 15.4078048030851 16.8223689334773 16.7784824007717 16.8105486053573 15.6738147828064 -9999 -9999 -9999 16.6410237001399 16.9439540219061 16.4463264656942 16.2199884411863 16.7049530915901 17.4304097124612 17.9440695670813 18.1413912220614 17.8078593524422 18.5177942191485 17.961005178551 17.8933121230298 17.3991747077353 17.3012260823877 16.834507593459
13.5310678592932 14.2461598242485 13.9061093785838 15.0038892231894 15.423975821936 15.694560761467 14.5957535487984 13.4031674055779 13.2279625646168 14.1525422605417 14.3205956752202 13.3481316863358 13.1580041667075 12.8995668062248 14.0796147998443 13.9640789383805 14.7644154875253 14.3239364421576 13.7235118937568 13.457940254579 13.2312819762527 13.3576586225092 12.5509216103641 13.6819229370997 13.8661253123291 15.3413624129871 15.1980179193176 16.720133395278 16.3240522491315 16.4602453442231 15.0102751389657 14.8970006185723 -9999 16.4285807254925 16.5740617992944 16.7182587198399 16.2346056667627 15.7168092348722 15.8882487324172 17.030860393159 16.9097184438825 17.2235696579648 16.2808039025408 17.324113315652 16.5262196119048 16.372307570889 16.0456690633438 16.2056615981628 15.8509776505433
13.1608108332169 13.6203094343362 12.3959689404265 13.5133045263035 13.5996707828504 14.8052317744534 13.7086349186394 12.9912284138773 12.0349190607532 12.4863010895216 12.5353940826144 12.4027354560314 12.8323766051869 12.9117460597276 13.481011760458 13.3683845781429 14.0256619871278 14.0308177008958 13.6670007523005 13.5029198242167 13.2508338511511 13.2179936151192 12.5628865404531 13.1139879495419 13.2668415405708 14.2638099045208 14.5549055919104 15.9415453727398 16.2049235629846 16.6602667854753 15.3701332116956 14.796735692383 14.9119467952243 15.8609876615233 16.637409673182 16.2567526292863 16.4654766376988 15.9871724868607 15.8248733026832 15.9973698525473 15.752375932515 16.2729789334154 15.5205560253237 16.2135625579073 15.4970256239326 14.7678741043261 13.9752492110803 13.9716148079433 14.4130937064748
11.7271040529109 12.5089326806098 12.0039132171517 12.3703977238065 11.9585250714248 12.6441923339428 12.2757936337416 12.0216194889268 11.4034970508117 11.7777019187578 11.3460025103211 11.418002076922 11.0118780741318 11.8851900922545 11.5204571008206 11.9841727472745 11.7997833657249 12.4956243436429 11.8974800427775 12.5826173165484 12.3078237504306 12.9231828736184 12.7609926899005 12.4987352708667 13.3188962522531 13.6920136901247 15.0350708661813 15.1471838594291 15.4800521255824 15.62907409675 15.0680547381517 14.8735543822391 15.4899454555427 16.1994894947909 17.5085057262201 16.9290470145609 17.0404278611469 15.860893983928 15.0333935097559 14.5606988581582 13.7226396567108 14.4825429676146 14.3059365795 15.0603213095377 15.0802581281659 14.3178351827776 13.9649390366855 13.2870138494804 14.194201941809
11.2544871741033 12.5204948101313 11.9765787819676 12.7068105729441 12.0837606503291 12.8355839866135 12.4039325804161 12.7596133406489 11.6555505880901 11.6623476227221 10.8710671084486 11.8340593533826 11.7307917689134 12.7417760991285 11.8173007826667 12.1127449685142 11.460804438489 11.8843528680846 11.308797469411 12.1390585153657 12.1087733927129 12.733075462381 12.7461814469844 11.7213567197572 12.6713956658508 12.6375546162348 14.3777873244813 13.7741525292084 14.2053430383567 14.4857400029987 14.5609361133846 13.8477815107471 14.4046389348511 14.6614333954764 16.5155085444761 16.1167510022533 16.3596938960345 15.2966191426153 14.2907208426639 13.694172422881 12.8186506127018 13.1952070433984 13.3184391217995 13.8598137019433 15.1121403379617 14.2020140507971 13.8646034047552 11.9163012224056 12.9557658518326
11.1192628988147 11.9737718655217 11.3783617429276 11.3792929081199 10.9904288284578 10.6714334198992 10.9855329398155 11.7594743698567 11.8418916668251 12.3906470256298 11.6683559365339 12.6275143405739 12.2095622816822 13.141322499932 12.4751579000513 12.8072072556163 12.3824826321164 12.2380033282706 11.8806356888941 12.0417514910392 12.4908944172369 12.5896284141906 13.3605067000647 11.7814691364526 13.5479783852675 12.716372892076 14.3636184010947 12.6635719509254 13.1674021709708 13.5487789101262 13.9962422803996 13.8056338797835 13.4626423591509 13.6997305147781 14.643874150493 14.9325567111276 14.4406418081876 13.9069323438627 13.2801519373405 13.453107085741 12.1950050138777 11.9558564223733 12.3183594080336 13.2944265338355 15.0812859338915 14.177269484764 14.1711301200609 12.6249551282381 12.7685976677318
12.0910945855228 12.6270919585023 12.4132891112627 12.1166714665741 11.8803801425936 11.762784969557 11.1527968593212 11.8028560457291 11.1873437680605 12.2301111993035 11.6259732120387 12.1758709624368 12.0057006621787 12.5606522887093 12.9802962217587 12.9125036368985 13.2460488379542 11.9923774469117 12.7738798274531 11.774121660408 13.0959880353779 12.0978678260096 13.3743214346315 11.5419399352793 13.3032690041765 13.1943526799901 14.1878576407107 12.3752853982744 12.2679496488245 12.825607522339 13.9114528081324 13.030561128895 12.9876924656748 12.7501426729792 13.5385883352726 13.6220477079024 13.4825852417043 13.2767819314403 13.1848279283008 13.3334684140643 12.9108149115093 11.9253964610664 12.9081850828906 13.0242059752771 14.7915039672587 12.7714910108095 12.8752726498135 11.4217251238953 11.4683411734026
10.9495452418915 11.1240193327784 11.56096359158 11.5421438416913 11.7980966092869 12.0659295597262 11.5692628767326 11.8110657428294 11.4264528394736 12.4476589704604 12.4393066756967 12.4771636018812 12.4712429499423 12.2800111832233 13.1901287852371 12.656433782224 13.5143204204162 11.854436754542 12.5402211387788 11.3315665947995 12.3023267954271 11.7886431164172 12.4600110561676 12.124542708398 12.535436690044 13.4791765180139 13.4403917932274 13.1153623007535 12.7221843474451 13.2847472829969 14.0406010708417 13.727127173415 13.4909518406357 13.1527958569197 13.4083529324022 13.3562422361611 13.340940415175 12.5110765345625 12.6461333654548 12.3514651462192 12.4382748153783 11.6198492791194 12.3055199357129 11.9570668648566 12.1680493794237 10.6449598195677 11.0713003286216 11.6370815804772 11.5933497827255
9.08314524242217 9.31019032177725 10.1466295458224 10.8281412885419 11.1329776325346 12.1003290143103 11.8035482836868 11.9665038832444 11.6966191395897 12.0798523765779 11.9864775191166 11.3692681668589 11.8731284209859 12.064678285054 13.2801438106916 12.4642110050554 12.9082453589099 11.4020021641659 11.8101694458564 10.7494138085432 11.4237008744092 11.2186904186123 11.5726516519372 11.2549975429759 11.1138074323279 12.2594818400039 12.7207085710716 13.145293483899 13.0718745511217 13.1264702833421 13.6127873362397 12.906023067365 13.8721088183094 13.9373310661485 15.2114122995662 14.2907314781419 14.8942742614733 13.2318832643696 13.4300716157097 12.3169570440376 13.1149283200217 12.5105944138719 13.0124396259351 11.9958638692381 11.6470570113872 10.4447013792027 11.5718006469301 12.310635763498 11.9633707747207
7.04882235924483 7.38475611904692 8.46184440604129 9.22859962768802 9.7073113655019 10.3034387398799 11.329048262759 11.5074825962025 12.0430299094276 11.559583129443 12.161030189827 11.63208864175 11.905833932829 11.8823858491752 11.9540649769854 11.6773020349591 11.1769094862339 11.0198817740248 10.6281780328174 10.7297644538248 10.2891588235907 11.0328336880068 10.3280040988413 11.0240709794023 10.7090243851293 11.1794320773955 11.5163240430086 11.7100340591178 12.8194644893435 12.1571972327479 12.528358611433 11.8587884247725 12.6979850261064 13.1676694266708 13.9326921381509 13.5941915235353 13.3321099299251 12.6527116629471 12.5546551759528 12.4545654241669 12.5128040606408 12.9118954688368 12.285278357702 12.5559347801364 11.4796403025801 12.3919009825509 12.6595062673832 13.3906039978904 11.9256190716862
6.05223183109576 6.92407000355302 7.28007436602541 8.02767511768874 7.94302320098731 8.74968714152158 10.2422203859394 10.3983277105609 11.2509800166967 10.5233289143994 11.2056745449428 10.7172507135346 11.1061278258094 11.4773777719666 11.1928283663017 11.3802994437434 10.5152824516616 11.1098886925239 10.591571095846 11.0431958810008 10.7429782577746 11.4010418379181 10.9660326410998 11.262849589941 11.3378574333743 10.9235394844815 10.1554772006947 9.67240834916868 10.3076163460294 10.1750591909395 9.67919843087915 10.0165726840374 11.3856909356539 13.2337667549063 14.1244612417241 13.5585824229573 13.2853167807161 12.5246582317492 12.7931462265071 12.037531561765 12.4703299483 12.5510030818182 12.7937612216461 12.6541340455583 11.9137020218826 12.783995332804 13.349715862839 14.2359820904069 12.3647039382662
6.57915252313363 7.3642829279447 7.97231381450039 7.89566117483341 8.21384016484226 8.4328234155914 9.7106861214652 9.22447588527308 9.46387156257635 9.2379857291081 10.1379171986221 10.7855990408255 10.3497976848522 10.778206775245 9.33336363213514 9.79659888629723 8.90788021148436 9.99386549934747 9.67499876998422 10.1527450339752 9.87612840058933 10.5948932691493 10.1329258422709 11.135520957889 11.1990229953707 10.4459552280457 8.7538288445707 7.68063239108603 8.23600232086052 7.73644198742387 7.33826852756646 7.51706246727542 8.95251769003359 11.1746088365681 12.2777102402335 12.7796919243198 12.4607127346631 11.9981873037188 12.0713725973318 11.0692062426235 11.1455707910334 11.6211927231956 11.8378850808719 11.5291338495797 9.85448273382663 10.7837817542655 11.0110108623663 12.1048339338232 11.5896317295301
6.05294305818952 6.90314691746 6.69369966111777 6.94518462685855 6.89041967958514 7.60687736606614 8.411816330532 8.51328546230152 8.60039414574189 8.97169193569765 8.96729666104322 9.84410248193582 9.5751183913464 10.3719703277471 9.74794442644162 9.60945605263375 9.53499847506551 9.11089620698227 8.81849137377125 8.63970702547168 9.1527932152635 9.98487865122027 9.91953237517877 10.8230557571709 10.3382494329907 9.79830582813861 7.49659578559783 6.99728904347413 6.20313893606562 6.25485318910765 5.3269879618098 6.39127839216852 7.49381174840623 10.308678360417 12.0302453547327 12.8516478458793 13.0319647125425 11.361190014714 11.9996129592923 9.92430294961396 11.0117297514835 10.3304173171616 11.4959145442803 10.0273245811702 9.43279984521469 9.06588025691994 9.42115387679136 10.1051708546859 10.54153646809
6.19201361887472 6.5429579435483 6.59562383656057 6.49979646515808 6.64678362229973 6.81393621894638 7.0076112460264 7.0940592702972 6.98249837461778 7.54760024748139 7.51293172986554 8.20634475927042 8.12606300842961 8.53970579379731 8.38807414101335 7.85780581742846 8.1955836638003 7.32069646829787 7.37299465556257 6.99193965827509 7.6270943395052 8.19787463037315 8.16571147896737 8.84417933175222 8.75210327567089 8.15803089571431 7.02698625659702 6.01098966100442 6.0789824476773 5.20219480507584 5.22421369001651 5.05051559786631 5.77488889584279 7.22777647782877 9.52303330213708 10.8573986224365 11.8647324052283 10.2602931135344 11.2099217430262 9.73308162294223 10.507064327676 9.99175424863451 10.4629887930264 9.49394996426656 9.02191643422707 8.73234317818431 8.75506557741318 8.76157290897166 9.88848156738476
5.52528666698622 5.95724125213405 5.33845440498654 5.87780184811044 5.56468116809687 6.15002369453523 6.25797647715367 6.66273097791052 6.82897442270685 6.91116320569317 7.07455385857385 6.91190769027122 7.61810821308981 7.35860709837329 8.31099411104212 7.55286881467729 8.19191446893673 7.06344110380495 6.93246861707558 6.91833061345357 7.16039470245476 7.93202477133134 7.52844837930361 8.09757370330243 7.48758444263066 7.49945493311513 6.64723981984277 6.53233236264419 5.97369769542422 5.28444978535127 5.1305780557823 5.64881547535351 5.8721756910123 6.75213049014889 8.85067355274876 10.6995231449407 12.2146290412596 10.3477879463668 11.3071066819552 9.94714328076014 11.3493575197536 9.80649673870015 10.67507682595 9.41139608009823 10.4308614393874 9.08542527909532 9.18971332562481 7.7857875658312 9.05680185922165
5.24010196348959 5.52445418771523 5.47065277591755 5.83752385120671 5.94431070799554 5.88148443911009 6.07769381713614 5.77072949637378 6.52755110116861 6.11950244101886 7.0868651720398 6.4268475968638 7.26549157740548 6.49762457421832 7.09906395282671 6.61953030991634 7.02553265108728 6.85038595694276 6.79807752917761 6.88728593295292 6.67217184169611 7.08298452639506 6.80531789965315 6.91728425441536 6.65784766219021 6.44664125163776 6.39586166569085 6.01189437897585 5.89643377740397 5.15501927752153 5.03761331940868 5.32424554396325 5.36484915069704 5.55122316883785 7.04462425643402 8.17366290108394 9.83141607363533 8.5104140090544 9.7012537285675 8.99439234794232 9.79022889587296 8.42074003851564 9.2124486938198 9.12019779775565 10.1213840109393 8.73691617029777 9.24394143070064 8.6100583687262 10.3807988600158
5.35294380583512 5.42111301524347 4.92590501823088 5.28092429452869 5.64202295515173 5.65247997776835 6.09846416994749 5.33664969035764 6.27140951417398 5.47076331495665 6.64073299494857 6.15748265062497 7.32843990201628 6.80313943587824 7.55704761535914 7.10960315535588 7.64417834268046 7.49489179051183 7.61490469372291 7.22179986753146 7.08654324622942 7.15116153847406 7.14461071180696 6.75782549210168 6.36275162559662 6.18738222192421 6.01028942340824 6.05646479726873 5.3933576561805 5.18810055653898 4.7760964769016 5.65776273664842 5.73526880845745 6.33566878147704 7.61434007766112 9.54812189097018 10.6251349571562 8.90670221660674 9.17889618943605 8.4983157443257 10.066968695132 8.37814981551522 9.28889435472515 8.97572509701732 10.199032346683 8.94470051101951 9.38248115738315 8.05638098042668 9.80582405474324
6.13484924457719 5.93814177191242 5.83390212096204 5.82747073970208 6.43979955615194 5.95112936793831 6.51024211551155 5.50188159891877 6.31609241912679 5.08331574213617 5.80921393191145 5.38995719136212 6.51628797126585 6.72170903425087 7.60133284056743 7.89343157435794 7.76422042492479 7.22914785455936 6.46023601131337 6.04400125352726 5.70681008040862 5.77601369970423 5.61458701523127 5.27084509676744 5.27967837873914 5.34999327203958 5.45988376713762 5.3112249452083 4.73787420147956 4.87120241885953 4.35388168815972 5.14626127057366 4.92126291510932 5.33987882029134 6.00987355828049 7.69195815548559 8.81483726333769 7.90770038991039 7.59494323943006 7.17751203909409 7.81875332119779 7.36277347998412 7.79290942611583 8.9487990916805 9.31183588139406 9.49177341886019 9.91217043238686 9.52830358792049 10.3232042066119
6.37940630384958 6.61781342705509 6.14266042946722 6.15298042953396 6.00384679991113 5.78549935977597 6.06061044070711 5.23091601612613 5.56888840205653 4.31403694313346 4.86591158118744 4.68360083436784 5.89676646151569 6.46316606443161 7.33838199598097 7.7564530567373 7.48856874062894 7.04795081089934 6.56712387449279 6.17183472586674 6.03250627406865 5.82888903116441 6.07989958600787 5.54498364914897 5.80555419251336 5.65173949844564 5.97632024192263 5.72857595090156 5.10237476325355 4.98000330897042 4.47036897070894 5.38453593080096 5.38429784224103 5.93826785668991 6.90557693198467 9.19385564494923 10.3750775518964 9.4046297426639 8.00017756354661 7.56512460789024 7.97431916789569 8.26762698135531 8.19465217013651 8.71070450349382 8.46239837069416 8.84773755987499 9.59656260193019 9.24059377350308 9.38036889612151
5.76556529265091 6.38589195771792 5.83586784249832 6.15603462319264 5.48304780399256 5.83939661473984 5.69208416662907 5.82164363629441 5.62050149925458 4.88171672748976 4.76615468806884 4.43196794453433 5.28307032819937 5.92674629728929 6.54947844755675 7.22715286804447 6.71392047020616 6.81167859485204 5.922425248864 5.94955815242805 5.41128782596376 5.37405205337851 5.50511431296749 5.23869706480792 5.54880216388962 5.10599094931235 5.67516200620747 5.35522535210183 5.42871554556227 5.18659981713234 4.94722324354834 5.23855003229941 5.10176111838086 5.25205864365915 5.79858365298948 7.55733661036758 8.66765576641159 8.77040313606174 7.17440579735871 7.2992261019134 6.73515371244059 8.20372331311695 7.45803604662698 8.77333521230672 7.81013995255986 8.62727889847709 8.94894148664369 9.65589576627728 9.6255657755854
5.20939257190867 6.10279353068024 5.26234157663336 5.66801096194769 5.03324652889697 5.69383869850969 4.99948666929343 5.08271403046781 5.04263344089885 5.00956086551156 4.94467563177422 4.71754938971768 5.11298260415522 5.451868632035 5.40786085709242 5.9175834855397 5.56075562121036 6.3559535187752 6.01912469821728 6.32432879372172 5.93141158634685 5.86182900826838 6.14435505904937 5.77982956282881 6.02234658154528 5.12875698914339 5.85747776323194 5.46086933023389 5.75146830876691 4.87646032020011 4.63848322288388 4.80227702958429 5.11241296468617 5.41427485976071 6.46021160847146 7.87752184711099 8.66892898110611 8.39140200405668 7.10631943523068 7.46123929921287 7.18675432788498 8.24828949336731 7.47253019641618 8.13689475548991 7.67130302545689 8.31780635277731 8.49834854545928 8.89959845734035 8.9273162595906
4.87818275991625 5.43499173110201 4.52841233571907 4.69026368859628 4.65623044675704 5.13675225555465 4.85443397291439 4.65149149843005 5.17429143688116 5.24633844994634 5.28360021709944 4.81562969864422 5.13804353790038 4.91339592650135 5.05402162343732 5.04796964788359 5.33125840703998 5.90425002697648 5.81476500718608 5.88564853456775 5.72068868570153 5.69780961020521 5.87489506387174 5.802463351343 5.8952879129146 5.5316744071297 5.61582537554557 6.04873299801613 6.42887908151242 5.8124905561398 5.18966054748726 4.4867500532245 4.87017755062115 4.98645137202305 5.80958341795896 6.73661470572081 7.07295808933045 7.24036747450847 6.36616947044633 6.89766249104839 6.61594974747685 7.9360789073313 7.09880075159548 8.01403906275262 7.08324557714199 8.24124337372306 7.81761546926127 8.38754595330901 8.32119284323525
