output/BIMAC_interpolation_no_advection.asc
NCOLS 360 
NROWS 155 
XLLCORNER -179.5 
YLLCORNER -70.5 
CELLSIZE 0.997222222222222 
NODATA_value -9999 
[rows 0 to 21 of 155, columns 147 to 195 of 360]
-9999 -9999 -9999 -9999 8.44908672752481 8.53771572975058 8.31108601178399 8.33969836312036 8.86583038822081 7.49142239011527 6.64736606856424 6.98053810517489 6.16656053175667 6.37265928471892 6.48578278303638 6.70216456349428 5.86449853937067 5.91680934695147 5.62716318862071 5.42696712355635 5.17016003397726 5.90871238698819 6.45039292282748 6.31615197463854 6.71593526218007 6.8808345401253 6.2999571098905 5.87224820171133 5.82953238703058 5.21303684967247 5.00081594881859 5.11498264213948 5.88837355754698 6.00605068992742 6.52263790308069 6.73074105453971 6.80790787184547 6.0340315569826 5.97747718711476 5.65904996899347 5.61140935788013 5.87046846644992 6.30966085849305 6.11229830938208 5.88254794151083 6.12086697543022 6.0085819971031 5.28657362588643 5.37901575667664
-9999 -9999 -9999 -9999 -9999 -9999 -9999 -9999 -9999 -9999 -9999 6.98053810517489 6.16656053175667 6.32666494870051 6.45329855505286 6.78579278619306 6.16292193147632 6.11617110618974 5.79084081226286 5.53993615495447 5.08454253156693 5.51949206312403 6.06741678087611 6.0364742027063 6.40245943262648 6.51415267988385 6.03309522670017 5.70839389615975 5.68276214387091 5.15139634446227 5.01738923069859 5.32461761595533 5.89333247544731 5.86437140476371 6.40474036706552 6.61543293755055 6.72302734942808 5.97642594946199 6.08789282400207 5.90763382791627 5.87824701612278 5.961495306908 6.30424187598976 6.29866609478792 5.91726007907792 6.10315931087253 6.23574523089786 5.75820362653301 5.74850512794667
-9999 -9999 -9999 -9999 -9999 -9999 -9999 -9999 -9999 -9999 -9999 -9999 6.06349132344763 -9999 6.48877556851001 6.68140416941267 -9999 -9999 -9999 -9999 -9999 6.00692566014361 6.53849942999323 6.53962931370266 6.46946852705522 6.57403098257627 6.07030424186435 5.65040455446719 5.51158542181996 5.17873076539336 5.04780259790558 5.31517078976864 5.85326639638508 5.81196134885487 6.19332093014878 6.44182451507567 6.64468812928511 6.26341505524787 6.49381043496311 6.32371431453615 6.30066079291816 6.26818661380404 6.32821925795142 6.27847414109968 5.93191659351941 6.02937017019804 6.25033650609688 5.81620777485611 5.80739095795944
-9999 -9999 -9999 -9999 -9999 -9999 -9999 -9999 -9999 -9999 -9999 -9999 -9999 -9999 -9999 6.07222434046301 5.82413343460275 5.83973850431052 5.6922611043451 5.74179438754219 5.30951344017306 5.898613537972 6.24611926688451 6.20673523646032 5.89040062972783 6.10030034017837 5.71528577916322 5.38824458261335 5.38341830406601 5.25494367663259 5.09107949891124 5.16280910100823 5.73603877881201 5.73226241903373 6.1573830719109 6.57853574321711 6.65317740307233 6.33075177616166 6.67988113507113 6.43802994395671 6.46705640422688 6.41369618028013 6.54163521072806 6.38632619156125 6.05693076278837 5.8517933150557 6.11050420007592 5.6894589442236 5.6875460129861
-9999 -9999 -9999 -9999 -9999 -9999 -9999 -9999 -9999 -9999 -9999 -9999 -9999 -9999 6.04973031283993 6.19589743060323 6.07831376465891 5.8285646938481 5.696069293007 6.06523565665826 5.91467044991083 6.3151578041593 6.68789173861561 6.60156202116425 6.19420742680244 6.28272216863457 5.98678218449541 5.69114130193012 5.4539334397161 5.34178977789852 5.08772128678901 5.0151504353655 5.46919481612233 5.51069240830553 5.82148569665802 6.24443029339801 6.51068561249732 6.46363517424752 6.82013448701445 6.67758650823659 6.58716466351914 6.60148846153735 6.39805013138783 6.40593258868879 -9999 -9999 6.07952252976918 -9999 6.10962156578422
-9999 -9999 -9999 -9999 -9999 -9999 -9999 -9999 -9999 -9999 -9999 -9999 6.78436431684166 6.61287984909097 6.42060619072649 6.31251365092753 6.4710459906086 6.13087867681364 6.09623567521014 6.22326790667179 6.26029427555132 6.17383155730531 6.44969992038662 6.34125174464869 6.01153629076023 5.97310218891963 6.07459405419189 5.92599015149348 5.63630226752891 5.63048066622123 5.25297762165618 5.15125413623682 5.33419551467007 5.44431142999404 5.36469912791341 6.20588122317831 6.5291148615513 6.72032283233206 6.96753305454804 7.11628633341046 6.79239195943341 6.59439291967104 6.28556022649237 6.48794151128063 -9999 -9999 -9999 -9999 -9999
-9999 -9999 -9999 -9999 -9999 -9999 -9999 -9999 -9999 -9999 -9999 -9999 7.16619278404104 7.23344440390228 6.60281193296778 6.58129216488948 6.64330106168898 6.39581758815393 6.34324702894683 6.56933152810181 6.56637004391472 6.59054425057634 6.80983512937328 6.53859736901608 6.25064029670639 6.2513108714942 6.30293666371309 6.22593273099994 5.97644033989751 5.94422822644755 5.46575319437712 5.15083943487769 5.32996795270178 5.43537316108843 5.11786622391278 5.93571780282689 6.44327084029871 6.61011449443186 6.75743116133869 7.0078996083386 6.92006549697725 6.74632534934803 6.43868811539291 6.67397119831514 6.64067814911315 6.37253858458755 6.31303796212432 -9999 -9999
-9999 -9999 -9999 -9999 -9999 -9999 -9999 -9999 -9999 -9999 -9999 7.88317982506115 7.10246334812218 7.06843795239694 6.54875789620124 6.57531286313945 6.59603643939982 6.48178310489372 6.55935770977902 6.32380585695748 6.31691257288105 6.2933895018078 6.22706331919588 5.91289897397626 6.07882413453657 6.1066365192944 6.23650800276074 6.42576218556109 6.21746148201983 5.99783171033402 5.44584612657519 5.28006215584695 5.35719337766877 5.60792252170069 5.45082237104954 6.20891430022188 6.26747409155023 6.25383360478641 6.2016421302813 6.55184640435323 6.50584335129272 6.73964128512329 6.57410585279477 6.8716317490789 6.83400292277228 6.69188898261432 6.45351915085164 6.48997601961897 6.23341860266749
-9999 -9999 -9999 -9999 -9999 -9999 -9999 -9999 -9999 -9999 -9999 7.89724425152947 -9999 -9999 6.54718700489263 6.54619968239209 6.80408129042893 6.97021674107678 6.96798973814049 6.83331291730722 7.04915178864107 6.56038526001374 6.37836505933971 6.07027086676539 6.16708051181734 6.039899071502 6.06404227206806 6.1062099915495 5.64103018555618 5.33391458618833 5.1013827303045 5.03366552019632 5.02665707017453 5.51759557624887 5.59030487304463 6.12058703000602 6.35669190372474 6.47465758374337 6.388396683704 6.61105683743971 6.55292499713546 6.70191064896338 6.55913270406004 6.70105562510831 6.74233838564839 6.45308937907092 6.43584498711427 6.21364548568371 6.42872665511751
-9999 -9999 -9999 -9999 -9999 -9999 -9999 -9999 -9999 -9999 -9999 -9999 -9999 -9999 6.87209871588524 7.01601008727494 6.98050754045108 7.44266307006075 7.28086291645162 6.8072057762611 6.610962874021 6.27483312073572 5.73924775230791 5.66498599014758 5.86946356146886 5.97681237358445 5.88400748151658 6.07649643807519 5.27492991663011 5.28057396990664 5.12684751690681 5.1683641518182 5.09028132295589 5.71569548674294 5.45944208038451 5.95885261960857 6.39689522131824 6.48468958408967 6.57634553020517 6.97986316936469 7.04626018407793 7.08582301073428 7.07202090936949 7.1227963925189 7.31008898838193 6.99079500820055 6.77986649310001 6.63450897108119 6.8248502081095
-9999 -9999 -9999 -9999 -9999 -9999 -9999 -9999 6.79834559783571 -9999 -9999 -9999 -9999 7.55167572392198 7.07706934545268 7.29327410917975 6.88924346097173 7.28961435857722 6.85939478245553 6.58840023588746 6.38626529436981 6.30931146190591 5.70668392294243 5.5153028735883 5.83159002903821 5.85543069382232 5.6991213266249 6.09487225256267 5.61553282119 5.38701617484468 5.51830658322136 5.70091320688014 5.38045853493732 5.84550700743708 5.71424828015235 5.6679417200011 5.8591331012181 6.27920579314057 6.50467191741424 7.05325110130492 7.38738660898325 7.67873116061715 7.64363920878642 7.62571977371281 7.74196858205216 7.40046142309975 7.28491020650417 7.13778753444967 7.23521720190571
-9999 -9999 -9999 -9999 -9999 -9999 -9999 -9999 6.17392236137129 -9999 -9999 6.67273703497089 6.41463200851421 6.76139296639618 6.69415348891255 6.61793817475755 6.23654723180078 6.66700316455653 6.41174764334977 6.10725180534935 6.21905889495083 6.07430236708515 5.41908965153962 5.30294903537401 5.62681175274975 5.54734160343795 5.50237682062132 6.07156010162287 5.45964466455563 5.4803345288181 5.78916593118659 6.14279625975526 5.7464710354261 6.41630465219163 6.02882949677397 5.91782688044376 5.90159564862467 6.55715691948986 6.88793982112769 7.3820315266622 7.68373975720594 7.98924417094205 7.97011623930335 7.8130529608841 8.08164238237031 7.97163770830335 7.87650761835611 7.48259729786901 7.35065645141131
-9999 -9999 -9999 -9999 -9999 -9999 5.82931846000104 -9999 -9999 -9999 6.03215643050069 6.33931815100584 6.37079137542677 6.92101038805465 6.8521865201598 6.66880716334136 6.55922775579583 6.75047814387665 6.09937422011018 5.8615229815091 6.18323717889569 5.76626777085376 5.30627951403519 5.31752021047948 5.7158079826965 5.31326763137428 5.44085874347933 5.95531671998547 5.55067624577736 5.65603763181813 6.34204786276314 6.59173098518057 6.15088814335075 6.58246432814045 6.22043072361768 6.05358496460304 6.33013408101991 7.26098898903203 7.62457162119793 7.93379866044264 8.05086667878066 8.06507578152984 7.88199099928443 7.77716796664892 8.05978718517372 7.94248487210157 8.00610039606646 7.51108469659205 7.53180502559903
-9999 -9999 -9999 -9999 -9999 -9999 6.25821357750854 5.76441085834911 5.84457450716274 5.82151353350696 5.76675906535696 6.43984429880912 6.63544556408543 7.01641976292392 6.96579263788655 6.91836783781775 6.37923941502676 6.40601349759962 5.75121079697311 5.49509178344531 5.69386323123425 5.58603209404078 4.99858242682942 4.8936730022721 5.38691851914475 5.08544208161479 5.1453909442829 6.08801082908599 6.20064930995264 6.40306223739026 6.87201306925029 7.40668541359204 7.12214812909451 7.13155695980611 6.70772331075711 6.51357470212455 6.60178616502646 7.18576579459196 7.62496588168608 8.06403931575938 8.12299620827709 8.08573498049005 8.00331697777263 8.14070726950469 8.28826024739624 8.4852831822039 8.52103237665312 8.10014691924899 7.64189147723969
-9999 -9999 -9999 -9999 -9999 -9999 -9999 -9999 -9999 5.99491412120237 5.97558803960821 6.56252410210443 6.74023892708482 7.05466442389932 7.06068929356656 6.71663869757447 6.2188145373836 5.86380069575472 5.16544800677279 4.8141930608037 5.22656220339075 4.99365597483428 4.85479744779614 4.75943074141448 5.29975554053514 4.94355343352982 4.95731171932976 5.75107872306337 6.20699282523716 6.26603984096249 6.80298149244691 7.70146065401761 7.71450259981513 7.74383017902308 7.71422379572035 7.54818421894853 7.07692340461666 7.64281330604926 7.8232069264953 8.03302602067843 8.29575438058693 8.24520995371955 8.22648712579426 8.68812471204961 8.8279839126264 8.91358699133227 9.40392643793709 8.7355122195731 7.95373365914665
9.41560070041734 -9999 -9999 -9999 -9999 7.48547743823865 6.95879156311052 6.48290605121181 6.23677418408085 5.96280875457266 6.01651544116769 6.54805060128306 6.7472998141171 6.77113565439002 6.95760670101469 6.48156553604913 6.01255730397235 5.57597134843183 5.06105205838107 4.55640056702199 5.14627331903107 5.09837718131525 5.01451284141022 5.20137091351657 5.70252509996472 5.35368618304865 5.2553041696947 6.22684934837293 6.32027239540793 6.65664110020901 6.97823668885527 7.6764450133167 7.78287709435103 7.88420909913928 7.84785993309701 7.67223187257717 7.37339386362538 7.52667223433875 7.75056040143842 7.68608369107188 8.103374194151 7.88807026963503 7.94532528130665 8.50331050795455 8.70347448191157 8.81495815176839 9.49348063363182 8.7816005320615 -9999
10.5139728723384 9.70227504614776 8.94724743220117 8.81776775236034 8.07312890897013 7.84359010203925 7.51201620569474 6.97909659071862 6.51609937414576 5.9801789087467 6.08023078986157 6.64738565518598 6.94130041649414 7.05969366887797 7.34594371512391 6.87458024626922 6.40045209609574 5.69005791749265 4.90119559595131 4.38917202502199 4.97578762042256 4.93468088192314 4.92337278497967 5.19554368336371 5.56661776322786 5.24542811255228 5.10135252790004 5.77660323698448 5.95235121687994 6.36935962151986 6.57230420603639 7.11846920019647 7.43761022760303 7.69987732277201 7.88040754835583 7.8640910501324 7.88176282058835 8.03675385453827 8.03277955526835 8.10542532391462 8.40056970828244 8.15027025838534 8.3427309655543 8.93782098044429 8.83200147127584 8.891258218663 9.69983669949663 8.85373598806727 -9999
10.0800741385807 9.49198107612849 8.96747216926373 8.93723207585766 8.31893503731981 7.95289961542632 7.6810631516067 7.46552620951955 7.14184269623975 6.74843257550748 -9999 7.33606378396632 7.39339656966025 7.1234089316697 7.39162849596194 6.97893559314772 -9999 5.86609087876084 5.52652381754832 5.2046281022148 5.49056996381794 5.66914354710775 5.45038230509173 5.51926890238248 5.61855013379652 5.80257609478583 5.52690705050878 6.15554598870881 6.26309621811863 6.67161874164211 6.39909575123205 6.7817383671766 7.26990741018333 8.00161576817189 8.18158143583095 8.35167243713622 8.38300065283418 8.17589151846875 7.90789243536129 8.20232389518019 8.59480929193188 8.76412270001753 9.18836526946459 9.8008442806387 9.70102056998325 9.98063984300867 -9999 -9999 -9999
9.83985145466532 9.38155532834528 9.14733479448954 9.04351530268186 8.79703468210247 8.48916762380509 8.40856765819433 8.47957642209148 -9999 -9999 -9999 -9999 7.70363766834381 -9999 -9999 -9999 -9999 -9999 -9999 6.2354885496663 6.13613003525369 6.2703381094525 6.15672809108554 6.33636955339781 6.31383645271186 6.58647060207346 6.32255047812317 6.83068216726782 6.53937708752127 7.13393456025663 6.82746323300931 7.0822772096412 7.24158714626774 8.08950183818006 8.26667050648443 8.46042477745697 8.38750744866928 8.70682001821529 8.37062971200298 8.41670093505507 8.92093638820693 9.27294375887989 9.35233824582693 10.1150211133724 10.1174773035453 -9999 -9999 -9999 -9999
9.66769834266696 9.47407508894577 9.30162197658032 9.3694510437776 9.3419551215526 9.08062720160287 8.92611316308941 9.21568446113329 9.19407827094792 8.82716417802619 9.63148936147094 -9999 -9999 -9999 -9999 -9999 -9999 -9999 8.644375381233 7.66676828497956 7.56573727572991 7.57931779846532 7.17918512416557 7.18939125113283 7.01390593106519 6.94531783157821 6.71525832682279 7.24309243793029 6.85531717814386 7.44697834347866 7.12628596846136 7.18687200529789 7.13481681018205 7.8878863741389 7.84608401398473 8.14361327143634 8.16521875829137 8.39177785368623 8.14029635079182 8.27426468625248 8.60555485894418 9.21288222687338 9.27942649572546 9.73203796996307 -9999 -9999 -9999 -9999 -9999
9.16370207596863 8.91758941620593 8.77039922794497 9.13076874594962 9.00624825154094 8.65326715552954 8.60491555911966 9.01745575014096 8.9845353490197 9.18712273593176 10.1880889008964 10.7536013656426 10.2706214699638 -9999 -9999 12.1654642602902 11.1717037045049 10.6712997199019 9.78983374657813 8.89264146755208 8.1960595804307 8.11970555195048 7.7257675166576 7.86165001766897 7.37003663187081 7.42863889254673 7.48843092663961 7.50283902977684 7.0148879580676 7.40588489118146 7.36773873533808 7.19442150354088 7.37128051025219 8.12226864587572 8.61026845175979 8.53814140328849 8.65524803871899 9.01526635960682 8.70221785641226 8.56615208990831 9.11176385248877 -9999 -9999 10.7945887887843 -9999 -9999 -9999 -9999 -9999
8.39424836818283 8.50636356268329 8.87322488689342 9.38245268549894 9.22492601236068 9.07884364268824 9.06711919709588 9.37003039886238 9.25200377794724 9.55865489617108 10.4446932911528 11.0550659323794 10.8191697465245 11.4307864513994 11.9141916460615 12.1619991515556 11.276329417504 11.0506603604006 10.7633598795592 10.1036387849123 9.50332549508022 9.46435017077484 8.92436691864554 8.64711109503412 7.97831938229919 7.79699236042193 8.01908337489284 8.05855038457253 7.65853924853993 7.82388183583732 7.71493276944138 7.40959133954656 7.5141023616902 7.85409664573245 8.55167337263691 8.27178395106866 8.11080945766783 8.39215989392118 8.32210821195757 -9999 -9999 -9999 -9999 -9999 -9999 -9999 -9999 -9999 -9999
