output/BIMAC_interpolation_no_advection.asc
NCOLS 360 
NROWS 155 
XLLCORNER -179.5 
YLLCORNER -70.5 
CELLSIZE 0.997222222222222 
NODATA_value -9999 
[rows 110 to 131 of 155, columns 0 to 48 of 360]
24.4036413768562 24.3612022966338 24.5593548560539 24.4639398868815 23.9456636654645 23.8649403279987 23.6776253182052 23.5001007428444 23.8881030265834 24.1065375595327 23.839433147496 23.7336399455803 23.7105008033963 23.92499574843 23.8988284122782 24.4231818947543 24.7696779110976 24.832310541801 24.6248798806466 24.6232506499303 24.6210894611155 24.4005673723645 23.7929560994626 23.585993809639 23.8819475186337 23.5234847787335 23.6351795466591 23.9347558238837 23.6911413485095 23.0347815003359 22.9228233136761 23.0191925077596 23.3325438444041 23.4814616192285 23.5352120807683 23.975746072248 23.9574776453798 23.6627960630109 23.844201616784 24.4325142418209 24.0485433807375 23.3442334566163 23.1483282784711 22.8928626247329 22.1085651955242 22.047747018934 22.7340858137011 23.0343121422943 22.825737528755
23.8879862592994 23.8186795267319 24.0368606860233 24.0001696581787 23.4541836929633 23.6166203541208 23.5236975695457 23.412870844046 23.7293949852491 24.0082446261731 23.3987732245143 23.392385143156 23.3748343921897 23.4198964718088 23.288317364644 24.0604341232349 23.9269075690959 24.079757669817 24.292079989233 24.195892163531 24.1530281033553 24.0956121668256 23.3848065443958 23.2101073559182 23.4677994057829 23.2757474521276 23.789375223487 24.1364689876033 23.7486040828221 23.2961518549286 23.2495100151045 23.307464707796 23.6775559020778 24.1959344609183 24.2519998145507 24.3103180447609 24.1242088640039 23.3890147201834 23.2212133922803 23.6585277984637 23.2945726846696 22.6207404057592 22.649043303851 22.4722169327135 21.6902197314434 21.7670052380858 22.4263598841707 22.8031723107356 22.4576457185692
23.9227226180141 23.991463199999 23.9219861912818 24.2215108076336 23.4735564846903 23.3969164782371 23.2333471885094 23.3168505970914 23.2500456719717 23.5172110421779 22.9459793844952 22.9833364259968 23.0533465814619 23.204837730478 23.033079032218 23.7118074060092 23.545436172693 23.2936994397529 23.4105166906589 23.585331832196 23.5868105607314 23.5307197668049 23.1798603236478 23.4546208718178 23.8140015597621 23.8554156196411 24.237663350735 24.5082715101688 23.9685112543718 23.1783773919217 22.7966407666624 22.8904310988435 23.0231575442611 23.3295558127105 23.6156409875712 23.6609720654615 23.471267308323 23.0984486594134 23.0892965768305 23.388488152194 23.3247068721785 22.5896240203887 22.5686095975317 22.5299785594054 21.9888013799472 22.0962194013882 22.7116414063894 23.1856815603703 22.6682599628983
22.9705308612058 23.0375660855603 23.1759064173323 23.3878994652231 22.8477140702477 22.7314253636445 22.7308847848105 22.6875665585906 22.7266831654744 23.3792775956592 23.1970248432676 23.4590001423497 23.7130439879202 23.7299504936984 23.2536277791538 23.520866368439 23.0831104462676 22.6266552191765 23.022313459593 23.3246157335743 23.3555536411592 23.3326771890521 23.1978520986932 23.1459607169022 23.4026571423982 23.5645439169563 24.0665226027328 24.3743782408415 23.9126351600805 23.4571873729204 23.1655063988229 22.9741345182692 22.7430640371395 23.1994274042441 23.2363520581464 23.140970068129 23.1662501201366 23.263607885891 23.0284744903899 23.0240179116931 22.8766232406695 22.0388605551389 21.6393259078981 21.7020436560151 21.5515689091308 21.8348512858676 22.3818549600688 23.1805388543883 22.8644223092698
22.0697544701308 22.3057935518458 22.2362732929431 22.7717398835999 22.4870940069216 22.4749763821556 22.3699104021808 22.7066262427749 22.4219411125629 22.8842607860112 22.8342679759423 23.1286836389315 23.1909948519517 23.2387359580045 23.0597325705004 23.2126785469434 22.8535849064134 22.4024874315866 22.514523103142 22.3460549518456 22.3650353835562 22.3802952247811 22.4944810485928 22.7764513136952 23.026999150287 23.2730919729179 23.8194962746586 23.9504937727151 23.6907529609696 23.253758463509 22.892493738188 22.6958613488946 22.5276662765806 22.8409886396747 23.1999474148699 23.3013359433972 23.2478350055548 23.4500922367006 22.859410636085 22.6717378219377 22.659344633413 21.8046108002802 21.2157974897172 21.5077878610624 21.4031465227003 21.2902410706526 21.6968713796305 22.6421039651157 22.5285020985639
22.1435697879708 22.2336991010356 21.968891661802 22.408628162254 22.0224724569497 22.1419831578748 22.1018961439913 22.6504873469973 22.1025828034371 22.6308012480507 22.805899798646 23.1068555470808 22.8014737552322 22.9188636724874 22.7838128870373 22.662640819879 22.2381010489276 21.8533609931791 22.0148296309161 21.6733755303185 21.6288354348198 21.4221283827539 21.6160421900115 21.5541083714041 21.9074655162971 22.2068585744628 22.8616235187791 23.233216365062 23.3677423091276 22.9481869584343 22.5233196758204 22.5283590536222 22.0647662837566 22.2844604979048 22.7181853806351 22.4256229804731 22.3953688008112 22.8520451969857 22.3774748650563 22.1415365689296 22.3267173905621 21.7178096538741 21.2732828992424 21.5653628427728 21.7135106662296 21.5209102194302 21.6031749648124 22.2964368449696 22.2032519370306
22.0591449222773 22.2201620908642 21.9178737306754 22.2173598215568 22.1696100857191 22.262236850504 22.0356643635939 22.6045192176376 22.2582491452085 22.4510872477929 22.7556723296321 23.0665865731611 22.4572093285508 22.6392926814699 22.2389010819028 21.8896915410095 21.8014565387873 21.5140807651014 21.2220932683543 21.1197701074116 21.1153276931606 20.7253225584497 20.787557963792 20.8057907263655 21.3540283329323 21.6404183154325 22.0417591273725 22.4959202937348 22.8164856428204 22.1995176038818 21.8041265935895 22.0424198847928 21.6494897830641 21.3441520194588 21.947457412561 21.858490200173 22.0649999096741 22.9844784141907 23.1139673544905 22.7870496437851 22.9059321343904 22.1807157961572 21.4925069858243 21.4708280163496 21.7090685944203 21.4837567245408 21.1572781359705 21.7445214109447 21.8097150362157
21.4297528975582 21.4242004436964 21.2729327206342 21.4375666532308 21.5609175811463 21.8964443298075 21.8175259506459 22.0944892479259 21.8263126272291 21.8891436367975 22.1242559102704 22.461386331833 22.0195856823038 22.1881136918467 21.394143254645 21.0218084191468 20.8809165809243 20.8750415876244 20.6991843500151 20.7791201443397 20.7613987231245 20.158591933565 20.0603690035813 19.9107143954361 20.4362253236426 20.6076569367453 21.0613379188215 21.6433155081815 21.7250684481009 21.3897263922366 21.3427218843177 21.8273498051315 21.6656882574508 21.4366519779811 21.9691432656716 21.6698927794641 21.6811982646153 22.1753133544951 22.6457675997047 22.3508545031439 22.7510127782757 22.1763967575059 21.2883703171028 21.0379467848622 21.4033286236381 20.7098506406332 20.3400066705008 20.7786811097167 21.1462196264529
21.7833600417301 21.8388652579516 21.3573592055839 21.5485461364047 21.3963892648431 21.2818255086755 21.008677732252 21.4288296870647 21.0877102167938 21.0321369764234 21.3137593419105 21.6083164523432 21.0321107601094 21.7141159282031 21.0269888451658 20.8152440986528 20.7446235014422 21.0419975817184 20.4733459342909 20.5925978025246 20.5775378876407 19.9278531512039 19.719945962765 19.7964183346019 20.1260456780043 20.1765781469812 20.6281718775892 20.91729962464 21.0134975681958 20.8580627080686 20.5731573855072 21.1023326399228 21.1902185944179 20.8964688933221 21.368859133359 21.4442824100049 21.2857446238744 21.6761203013212 22.0443168289296 21.9930197412587 22.3048832265794 21.9676160769176 21.2422779055926 20.8673412615942 20.9790161073578 20.1459902270425 19.8750621938031 19.9249329219952 20.4832789254523
21.4207315191924 21.6197344609381 21.4399361649425 21.479321260732 21.1239057910273 20.797656617883 20.6361439599272 20.697580301464 20.2185975718265 20.3819012222102 20.8097982159448 20.7215497342533 20.4864866192757 21.3641984703321 20.6085634626876 20.3465901485533 20.2774791360239 20.5134800866043 20.0604376634304 20.5136855135186 20.6369809530252 20.1857455869664 19.4960948944735 19.3383280743792 19.5887198755467 19.5818077103415 19.7532662980513 20.0527163723861 20.3468055505703 20.1679191089495 19.8974461200255 20.6751826681181 21.1743279881013 21.002015490031 21.2824520793842 21.1660097427605 21.0324777502246 21.3400703573451 21.9853617288533 22.0974468913548 22.4632526591106 22.1589199685586 21.3859404584771 20.5580888152025 20.6523993747702 20.0552466399411 19.7453572829854 19.6896096813405 20.1487579369142
20.7319548257578 21.0927162664175 21.1518757480419 20.8738608815124 20.7771211260999 20.6147689778013 20.1400034995505 19.5689402331696 19.200199509533 19.1788402657553 19.5811230408865 19.4652935182802 19.8536731143988 20.5010577946493 19.5930012054542 19.2663313987154 19.1698761782494 19.3436047017483 18.9833059055029 19.7802918933341 19.9150353625665 19.7490450046563 19.1015476533806 19.3621176628963 19.3446904895115 19.5510818056056 19.9500910008406 20.0104835666291 20.0348504883416 19.9426831306582 19.4753410785952 19.895927098193 20.3868238014244 19.9255304983489 20.2505898581845 20.2248595929669 20.033500192887 19.9911911021688 20.6271767373479 20.5525097017537 21.1586209142671 21.0800899649712 20.780625850427 20.4409541973969 20.486409823274 19.606929899474 19.1689140686191 19.0162032588076 19.2040815402143
20.1924584976919 20.53199004496 20.6253627690889 20.3737105667926 20.2392320930924 20.3581160231921 19.8720107992672 19.165251494237 18.607277268173 18.5175912891536 18.8098505442385 18.7863873807159 19.4001095824125 19.9566920985423 19.5593516730434 19.2475019668203 19.0689079366871 19.0776178429094 18.6284959102792 19.0911703856987 19.1854296265388 19.3939885667164 19.0835742098814 19.5581044475565 19.4312123715611 19.5863940538289 19.777584528276 19.4563017787498 19.4849737374294 19.402098877588 19.0969621640549 19.3054688237659 19.9810681639357 19.5576113942313 20.012075338753 19.8892435276212 19.4374454229257 19.1910570754998 19.636368338455 19.4778307912723 20.0654799930327 19.9794952369693 19.7896388341513 19.5665410256899 19.4556650876333 18.1916518125158 18.2630809349421 17.9157406086249 18.1401811240285
19.5210254546952 19.9553418295327 20.3097755135315 20.2574902377926 19.9766074415407 19.9502900367284 19.4238702766005 18.6229243098168 18.2946538217018 18.0275781779912 18.458147779081 18.4828903950657 18.9294896816703 19.3206632107171 19.6099563310662 19.2501397553303 18.8550722588763 18.8400176213302 18.2355869905602 18.3737947102494 18.3862972462455 18.9088772249929 18.639552519127 19.1563315993585 19.0219473576856 19.3273057325051 19.4701874973142 18.8242410723482 19.1241543684945 19.1842457311605 18.9758067985023 18.9783626211794 19.8374865656472 19.3403035947086 19.4726144059668 19.3016613344865 19.042063820012 18.8751708125777 19.0383209365803 18.782829363352 18.8090294193182 18.7022699398541 18.7429061700632 18.4961768053275 18.4153365413828 17.9540456649295 18.0024876837761 17.395819375209 17.5404645873787
18.5998821156844 19.0760965405792 19.720561061874 19.8208687332011 19.9313096731774 20.1769085640399 19.6127544836664 18.6787729061791 18.5908990815487 17.8647651915796 18.0566267054217 18.0543789710784 18.25847161932 18.0686387260788 18.2247773422238 18.0516940111033 17.8820684567765 17.8896914583751 17.408967004436 17.774620481622 17.6345113032842 17.8963351974588 17.5803082978252 18.3433527214215 18.5210173106219 18.8650707577804 19.1178001904255 18.8479069578529 19.0361023466957 18.9035598118982 18.6842172752857 18.8088196499393 19.5558512968556 18.7819406184097 18.7489571755062 18.4332155247239 18.1507757326249 17.6917648214758 18.1063648149912 17.8493170169234 17.9317271767744 17.5859855981358 18.0618950022707 18.119933781882 17.9825964636563 17.578484004976 17.6216572438476 16.8586720684958 16.5220134490676
18.5595527137695 18.8652933896585 19.2345985488619 19.2239968323711 19.47227299545 19.6603005152096 19.037934732803 18.3272299326204 18.1969629315457 17.2502278224949 17.3673396007265 17.3893838114878 17.2717699970627 17.129100834302 17.1618491498073 17.3881130059689 17.3381869572473 17.4236898054054 16.7829522040774 17.2761941339159 17.063722089392 17.2309894833149 17.3278040700409 18.3910763079553 18.4151069481108 18.158336272567 18.5645332733308 18.3380328170778 18.3761280655546 18.6517441982641 18.9318491757337 18.8549903676416 19.1590213378015 18.0658977981239 17.9334640618152 17.4462021631121 16.9953176511096 16.4544347217531 16.9306392851826 16.5263148420311 16.3717864415109 16.2950991897368 17.1088943454701 17.3479007638349 17.3307005437497 16.9845589070672 16.7488742498698 15.7149036089179 15.1826588023266
18.1828856820038 18.5739843682865 18.8376297224984 19.2021255608566 19.436428491274 19.5793004785432 19.0693313158577 18.9913692476839 18.6250976723258 17.8169513579665 17.7489545886552 17.7823497132858 16.963416261699 16.7021351925165 16.8672814833357 17.0576252983817 17.1574787073574 17.1707252146628 16.7388683726122 16.5681513385732 16.0773433448414 15.7905588794296 15.930596921748 16.5772109720623 17.4012066445976 17.3056939462304 17.7221052046484 17.7165849389569 18.142930103235 17.9146357003807 18.1631490987305 18.1415149385113 18.3198660092589 17.2580058479261 17.3557482727819 17.4089378047158 16.9187829225137 16.8532002762453 17.0216033349644 16.6548726268254 16.2209579431067 16.0036510465301 16.4655549395631 16.8903671838279 16.8224964782285 16.5929580937245 16.7429424797557 15.5201732305896 14.9839945608211
17.3340397893958 17.5965330293202 17.8524699838652 18.3722048209083 18.7059885263989 18.6679285719865 18.3503531025922 18.3043857331586 17.7196815773977 17.1107270893159 17.0543117733078 17.0855204023728 16.4811258734502 16.3836513298179 16.2729996298239 16.7428769726322 16.8171188921571 16.7534790321315 16.7056510692926 16.7472179281815 16.0836912307149 15.5765146586911 15.5374253636638 15.7881434688697 16.3519448750572 16.2143990940888 16.7623888880452 17.1356262202288 17.5509240816776 17.4105708754007 17.6030438090326 17.5627929333602 17.1461346757199 16.1722528201849 16.2326108693 16.1582984870477 15.8472735206597 16.0332220694889 16.1981254808997 15.8091096012191 15.5057102599449 15.5139961419883 15.9163043756633 16.360683467734 16.4942363162901 16.5896978920641 16.225603844327 15.4685074286802 14.8066392615403
17.1625226879152 17.278603650957 17.3542496048881 17.5323180791719 18.1213326252065 18.1196110402902 17.631999709787 17.5622053028829 16.7151273742409 16.1626176683787 15.777185178156 15.9341798487298 15.4547381472593 15.4887851796868 15.2253472168613 15.8104856539397 15.8596209551522 15.9216897507651 16.0029385764744 15.8477247405341 15.3672600436937 14.8787360307338 15.0661411639026 15.3377868140597 15.9737203973789 15.6177135032085 16.2415578471959 16.3063780830557 16.76187187964 16.8396855432442 17.0180583754702 16.936567838859 16.5045717823322 15.3614289564011 15.3390185869382 15.4755955358771 15.0659947636409 15.4824005021252 15.7398145110269 15.3040813189309 15.3160607702095 15.4079585540171 15.3782611237996 15.9086869668209 16.2345446536189 15.8282378772362 15.4924605179296 15.0574894373781 14.3950734191388
17.1939803191361 17.22093672734 17.0272735673179 17.1397445912415 17.1978850746792 17.1410016611507 16.7500654190036 17.0780088880281 15.596126449287 15.6711502140635 15.4273461359848 15.4770807868164 14.7771690255552 15.2884729624762 15.1828948476254 15.4676243521346 15.4761920562972 15.7834943340601 15.6947938985516 15.2711974855716 15.0050943754619 14.5558329430247 14.6793541445807 14.841528267714 15.4708918347536 15.0664127340462 15.6197424518555 15.2689971299307 15.9186454263408 15.7835190290227 16.1567777091677 15.9398648033908 15.5749348518353 14.2602645593557 14.4014593711685 14.2927387865845 14.035266466537 14.6830901542009 14.9422259937304 14.4787067406937 14.5827428585129 14.7602628678988 14.5343050900976 15.1690075827391 15.673331876567 15.4589363659534 15.1352064686787 14.8454657908366 14.1349684246566
16.6114163938954 16.4503158125242 16.5336947693114 16.638758287813 16.6870569216606 16.8282592274641 16.65076840208 16.6745163232117 15.4109666725487 15.6682691925667 15.1031498938598 15.2429356021205 14.7412815721308 15.0042358073908 15.0549720953725 15.2740510970297 15.2451097828503 15.4907414526418 15.5503144455286 14.8173941737435 14.3884480522016 13.7512355331132 13.8559113128078 13.766806184803 14.6469324468928 14.9914672721114 15.584124197001 15.1410256884243 15.9001334910703 15.5831189443023 15.3197568093976 14.9301447404318 14.5997122861564 13.3301173899057 13.3822911617922 13.5273303001044 13.6092554829802 14.1671037300513 14.3255878098975 14.1546923058395 14.5522404513089 14.3812846329757 14.3486137920488 14.8959519397533 15.1778567607619 14.5255169053306 14.3423743380351 14.1899140427128 13.9368675280973
15.8965664999641 15.7029543360667 16.0368301419086 15.4653377781105 15.5928097692613 15.8793125014206 15.6727213705022 15.2865547156862 14.6861198905586 14.9393728975725 14.6535044466904 15.1940295113765 15.1257248339509 15.4096961435195 15.3775807630656 15.258024721443 14.8535542214944 15.0031805086535 14.9188088591355 14.5258062855173 14.7236890643228 14.4738040973393 14.2305865919005 14.0909523894841 14.3354452424488 14.1738742076113 14.4249845420827 14.2093033866886 15.0118391828213 15.1102365948556 14.9129991407889 14.5134328289052 14.0324497673013 12.8125436021843 12.6649213563921 12.6976933469337 12.6619695493147 13.1186801064899 13.4252955069246 13.216307359102 13.6074795297343 13.8483543255805 13.9751318843654 13.9932076072975 14.5016603521001 13.9640666739968 13.2769089605391 13.1766897192188 13.4742957578374
16.3478091191407 16.0316656587062 16.0541512238036 15.2157219675008 14.7806092840266 14.6442079195981 14.5550514846071 14.3893589249074 14.1956031728276 14.8388918292301 14.5505169258767 14.7399544382723 14.3122341619614 14.4963457845049 14.3023511286396 13.9622143714809 13.3836792253623 13.8144960678998 13.4716764540467 13.0120791226588 13.4277349652222 13.6687026179547 13.6375665705483 13.8787540542364 14.4283633038553 14.3191630673769 14.3974818191509 13.8548815779199 14.4047726888226 14.6565569918533 14.3976677436842 14.1030249653595 14.1658308418312 13.4430914474391 12.8137269020549 12.8766873914985 12.8192618106058 12.8796893465829 12.6326873901545 12.6343539248932 13.0032825833424 13.1236156124021 13.2648792669683 13.5568267892853 14.0542887794736 13.5903311179128 13.0264786109224 12.6158729583748 12.7593307814494
