output/BIMAC_interpolation.asc
NCOLS 360 
NROWS 172 
XLLCORNER -180 
YLLCORNER -82 
CELLSIZE 1 
NODATA_value -9999 
[rows 66 to 87 of 172, columns 98 to 146 of 360]
20.4019681564666 21.6739935683816 21.4811191112506 22.6832788092961 23.4160665211209 24.2537937284476 23.7188669902677 23.1929242965805 23.673142775021 24.3140215428943 24.4797575328148 24.2054281248353 23.3139693941716 22.7469555212273 22.4179630598742 23.2475652605584 24.0309766070327 24.2119628825767 24.3714889792943 23.3914793240317 23.7439416021183 22.9261272840946 23.2791031592823 23.1153741312358 23.644497743075 23.4977729498123 23.8557249421356 23.1561387030504 23.8402479162008 23.0194307835261 23.20608064036 22.7875327705478 22.5930429549288 22.6904039095703 22.1798249497782 22.5691042554243 22.6134474538414 23.9004254249516 23.9619798752825 23.8671422533422 22.1460883362755 21.0924351063426 21.0325780610874 21.5395481809971 22.0957846759945 21.8310954038665 21.3540221679126 20.9784876515382 20.769195329447
-9999 -9999 -9999 -9999 24.2985407633021 24.4290862948614 23.5712685176313 23.6469057001318 23.4844335877587 24.4103371342148 23.9420279181625 24.0623558234055 23.0711056966265 22.7329456665843 22.5607641088661 23.6336210476291 24.4506581748341 24.6962677944061 24.1623049154759 23.6418898372117 23.6928512802006 23.5095941403591 23.6341096614955 23.4856250882789 23.7434797907732 23.7323859149195 24.3765626611933 23.5211050393942 23.8217794192752 22.5117147536404 22.8731745639286 22.1196828662832 22.5036819188186 22.7272042454252 22.9647649286574 22.9291926597603 22.6299497378276 23.1824939347676 23.0067544233667 23.1614487836934 22.0463521832115 21.1647468008692 20.8344766547876 21.1004851780508 21.5490710705029 21.911472749409 21.2923730084861 21.5109987461562 21.3852187157356
19.6819082007074 18.1638016214725 18.8661774770444 -9999 -9999 24.2099584719245 23.1170633963751 23.1956471876336 23.9491576105174 24.7025909624337 24.0048690847245 23.8778253159675 23.1157239907019 23.8999391431314 23.3757008934713 24.5102858907106 24.5302876230028 24.6288123137516 23.8416600705922 23.4262025674182 23.6756941483356 23.6372435076686 23.519929880277 23.056350832238 23.4475956619158 23.4723935999202 23.8566641371074 23.4682379935908 23.5713216374041 22.7548246870502 22.3445322271917 21.1911310616307 21.4406400292062 21.7457298819274 22.6195795541716 23.3419762590056 23.2755399896388 23.6221535087477 23.2829879486491 23.3956070719416 22.4615411981503 21.7780380404936 21.708166569845 22.3664434197654 22.6632743469103 22.7494793432091 21.9762597723705 21.8563254702405 21.9992107611198
18.7211666141946 18.3123562532375 19.5344064061785 20.3723485338517 21.6668940304685 -9999 -9999 23.1542479292047 23.3834964708165 24.0635813433568 23.4116139662205 22.9502487099556 22.7013110097248 23.8437485144353 24.0125693156853 24.8193217498358 24.6034990548615 24.770756432665 23.8092199795213 24.2431830308393 23.7286920851718 23.6582020514465 22.6130377530008 22.7597981050268 23.5864100028947 23.5342542163332 23.7053924510981 22.9178835462825 23.1138335951416 21.7976701550622 21.8482581656404 20.8183051422942 21.1765530056308 21.2076079998136 22.3455452438502 23.5598436385239 23.5173114614199 23.5341503369718 22.9845127751896 23.22186923799 22.8209982459743 22.6468164362486 21.827830461702 22.1419609352213 22.1375206613497 23.0291303784207 22.6906895434055 22.4513435929323 22.7027343161762
18.2719387377916 19.5803275177727 20.8863504200466 22.0560568948947 21.0354443969847 21.6033937206431 22.1298229684689 22.477994914625 23.7742744686046 -9999 -9999 -9999 22.2992624729293 23.0493140651568 22.9933462677953 23.7246879627675 24.0508864279863 24.2722328578798 23.5091435045834 23.9132678426248 23.2413516620794 23.001586256014 21.7216384459316 22.3198367032295 22.9185020964726 23.1377492431944 22.8743594583704 22.8442866190406 23.1521301850888 22.4334600566765 22.3330999170417 20.9743168028226 21.4995377436418 21.255252278511 23.0491279768943 24.1269298495074 24.1474515861967 23.9728108310815 23.3427724395908 22.8773647600213 22.7575961742001 23.0645681627921 23.1054974062633 22.9669798378573 22.5089717873491 23.0009075712431 22.5522902135371 22.0230635969834 22.8590561493805
18.6767043196371 19.4024394861741 21.3655294678501 21.7608153357935 -9999 20.9224613560633 22.1374698155614 -9999 -9999 -9999 -9999 -9999 -9999 -9999 23.2513994458737 24.0898846063069 24.0298087536279 24.5525045608095 23.4069259660304 23.7369227894635 22.315838587006 21.9964276358122 20.7643568611808 22.0285875478996 22.451242202639 22.4147648027439 22.3002116273926 22.4426692846346 23.3143797226723 22.4347194141887 21.9598200890432 21.2137905769018 21.5513004743163 22.101801778507 23.261162986936 24.0775584149867 23.9323274088327 23.305075964289 22.2895097983914 21.6416507235826 22.1332625020324 22.8238311767864 23.0624132656626 22.4292402042031 21.9432035751385 22.3479273790794 22.2153103299386 22.1717552309035 23.0167142040184
18.9193082345089 20.1642274809429 21.4855592877485 22.423561858414 21.6851904176991 21.7961104154492 21.7241506867204 21.8759518796869 20.6360426414124 22.0291109945431 22.6929831635882 24.3506894066262 23.9346241765042 23.4574176108589 23.345710112587 23.4572972990188 23.2659572051214 23.2133554884902 22.2195058789711 22.1609653976977 21.1195275701766 21.319835934752 21.0687379591975 22.2940247246266 22.3427076073944 22.4624070436184 22.4711859617422 23.1852743715818 23.7691081185116 23.2048241888345 22.6330509132069 21.6201638577786 22.1583835591352 22.5382252427519 23.8180110334328 24.0218022073693 23.74707078886 22.681384553583 21.7742401808863 21.4361189471965 21.5891374159745 21.8290525253258 22.1249410207365 21.7189194400593 21.7268451581797 21.5051113499565 22.0312403167872 21.8904013402842 22.7321150856179
19.5281438936177 19.6589056783684 21.115170864947 21.6768628003716 22.067193339578 21.5215556431671 21.6289387963383 21.6557012581041 20.4296211010844 21.2954818505873 21.7259148966222 23.2000918135402 22.6327432504491 23.5636926082124 23.3991710684494 24.1398043241124 22.5807715053304 22.6615673075779 21.5258343232167 21.7906445753926 20.5988897427559 20.9107215260129 20.6188083974855 21.6965746824239 21.769125807358 21.7180638766357 22.5397926585913 23.071002687174 23.2781653105853 22.4550495343094 21.4835713680761 22.0229805941706 21.7493444181102 22.9831648498329 23.2214437845894 24.1851564100871 23.7047500372715 22.4623942704104 21.9572538337977 22.1068812528792 22.0668292900457 21.6629710961701 21.1064635396472 21.3092361231862 21.3883000799582 21.359494425749 22.1169659296065 22.385765741513 23.2738223024238
19.189436481311 19.6966473327431 20.2847175097901 20.9280418528724 20.8608120913048 20.8873842535954 20.5362728045503 20.9576225354307 20.3026088913047 21.2026133770427 21.1270186345097 21.9174848627334 21.3959412159048 22.0530364796777 22.0068304665322 22.2465554708022 20.9942226897474 20.717121254389 19.9606001216969 20.2200961226832 19.7999741821254 20.3599020074169 20.7471040856528 21.4317532473617 21.7036594608694 22.0545151917036 22.9540017766546 23.3606982216264 22.9579474171953 22.1265004296959 21.9538400468887 22.7266964934904 22.7733567989687 23.4814277248698 23.3096838692228 24.3618149009492 23.3703733308672 22.6838454181012 22.6380178002113 21.9977160522012 21.3940636740113 19.9659500471578 20.1064117300029 20.7960393869663 21.1815933078123 21.7167983532285 22.3138807044699 22.5755235558457 22.5729438465918
19.2485684855943 19.3148177863856 19.7872987988151 20.0299631936516 20.2947429542425 19.8362543842453 19.8059003894157 19.568152776917 19.3823010081251 19.3199618043397 19.3527282835872 19.7742494336076 19.5873314614215 20.1852381601896 20.0527528375338 20.7111369147669 19.849998749068 19.7282661159386 19.299472462251 19.4742481562901 19.2085850144208 19.6737196702798 20.1702601837346 20.8011021044209 21.0426306412921 21.2476668300152 22.2930681630484 22.2558814206313 21.800207777873 21.2293296087082 21.3834654651655 22.762447445962 22.6373157201996 23.4721376316425 22.7819918829064 23.9364066458162 22.8399110201639 23.0368117588174 22.6605696731839 21.742713615162 21.6617727855842 20.2457574691536 20.6801202892235 20.6127712409938 21.1788149978446 21.9603672927364 22.0159002223968 22.0173172512542 22.1531968265902
18.4723294536329 18.8739818453856 18.3264031050964 18.7832342463162 18.1718750931456 18.5854419932139 18.1471521609985 18.4660049664621 18.1158336711355 18.1869669767116 18.3290947675217 18.5268861842006 18.7719979211362 19.1352597848036 19.1890902261356 19.6530054409445 18.8922656097044 19.0678062665497 18.552012774387 19.0025335941725 18.7857524026154 19.7078897059531 20.0606291585703 21.1641144843685 21.2743468931298 21.989395664005 22.2334388146165 21.4721747770731 21.2780894202155 20.7832232656521 22.0441864823623 22.27799916822 22.848165383266 23.2858961334295 23.2037787990119 23.8154929498129 23.1133322292479 23.5639708548234 22.8308863545074 21.3149257342927 21.0387104607563 19.7225949071668 20.7209063362255 20.7057841011769 21.2001864638191 21.7553413401064 21.6805662843331 22.2614978678651 21.5256421452977
17.9125400893255 18.4510545991739 17.720424519924 18.9337101714176 18.9164604050201 20.2076677144978 19.2264569647597 19.6589724647784 18.566540900097 19.852487594614 19.5045352630886 19.9955694898952 19.6703525465678 19.8047436316206 20.1429625447314 20.0369714085567 20.1598054142755 19.5357531848747 19.1188112822715 18.6178658692326 18.2360549007713 18.9028009233519 19.373383175263 21.0105432546119 20.9785986838427 21.4859208081526 20.8495095016058 20.4573302093873 20.2947766460254 20.740039068063 21.7896244197498 22.1830173082516 22.9696261210286 23.6132251612038 23.5397295653846 23.8763763235503 23.1570239373844 23.645831523393 22.1683450259043 21.3766598696523 21.0616046783965 20.8304395564229 21.1624863084002 20.7971088813474 21.0316848698394 21.1475523571774 21.523575006183 21.7134445052802 22.0409117544288
18.3749654585385 19.6585884089349 18.2862037908134 20.09613502754 18.7647181065019 20.8219973324512 19.1358061155625 20.1306047805762 18.0974075241919 -9999 19.8917572495028 20.4126189559082 19.9748747134279 20.1419212656644 20.7793764794409 21.0206155619771 20.9004428959797 20.2895819275725 19.636793396993 19.7138940508567 19.1343731360704 19.3977137062204 19.0473730408521 20.8099108539993 20.7893081074366 22.147057714831 21.2954538018738 20.8453179202526 20.7569071536871 21.2298229574239 22.7020529330572 22.3588181469127 23.830521424516 24.078696325162 24.5423398195677 24.2090466212771 24.1231342497527 24.0162511243697 23.0521652843491 22.0669087304575 21.9214018154214 21.7342781636943 21.4307642043733 21.4355448489175 21.0451289689621 21.5224133837477 21.3288321940539 22.2366814015016 22.1702494459553
20.2435322432382 20.9730127614141 20.1774627527376 21.2287583708655 19.6791650403404 21.5970099296159 19.9770601863127 -9999 -9999 -9999 23.6707518949196 -9999 -9999 -9999 -9999 -9999 22.1260438809943 20.4417531170649 -9999 19.6214533607321 18.8237056390832 18.4190287232307 18.0574769113411 19.352495062319 19.5324020880184 20.8176747373854 20.6368142725792 20.5217198612419 20.6280954143514 21.1892637852681 22.3292516489693 22.6757762552105 24.0392470929664 24.3580669092808 24.2178269070792 23.4269563537845 22.7782709288886 22.3951326501085 21.6177510267618 21.3933585596657 21.4728685506979 21.6171303389857 21.0166840097081 20.9917326312797 21.2313856329939 22.2386701941037 22.5389933759776 22.637687191845 22.9290980860198
21.359987108292 22.2703078927372 -9999 21.9666770955185 18.9735004431753 20.4320115317354 -9999 -9999 -9999 -9999 23.1086988483469 -9999 -9999 -9999 -9999 -9999 -9999 -9999 -9999 -9999 -9999 19.3078358986972 18.243638519153 18.7438380048119 18.646317125123 19.6735331828767 20.23467325647 19.9680289465463 20.5112590850287 20.7147714181827 22.1253471692018 22.4825960701327 23.9918300070452 24.3124486546315 24.6667810012594 23.9891615159372 23.897123946703 23.5804113845512 23.4146593847401 23.3070841133611 23.3295524042448 23.3506266480996 22.5168847250647 22.5533903262942 22.5872715926451 23.5296963123081 23.2691313717806 23.4062889754845 23.1641627245374
-9999 -9999 21.4546238892321 -9999 -9999 -9999 -9999 -9999 -9999 -9999 -9999 -9999 -9999 -9999 -9999 -9999 -9999 -9999 -9999 -9999 -9999 -9999 17.9186654361424 17.9008831411561 17.6458410666382 17.8965491748668 18.5252529545872 18.3102502123849 19.0725972581101 19.1284458602308 19.9940526983245 20.3547702756209 21.6818222687614 22.6729920520069 23.4864526144554 23.2563349924048 22.8245735519467 22.3759152788701 22.1581131949616 22.4037616045447 22.4098769935013 22.5871232375135 22.4974447971443 22.7227451420757 23.229020524394 23.5532932520538 23.9056684648481 23.6398009180723 23.809216625682
20.4185026865743 -9999 17.6674172133628 18.9714986228751 -9999 -9999 -9999 -9999 -9999 -9999 -9999 -9999 -9999 -9999 -9999 -9999 -9999 -9999 -9999 -9999 -9999 -9999 -9999 17.9369483831639 18.2843911802963 18.2285359461437 19.3653912452918 18.3350621036337 18.9302385119026 18.4934940942131 19.4362361611388 19.6350301547602 20.665651764472 21.5312655838885 22.5430402501262 22.6244775881887 22.571338288101 22.6231339141503 22.6479169822118 23.0559340568528 22.9099805800466 23.0743199931966 22.918905740913 23.0870028543548 22.8813111388577 22.8508910552341 22.5974335062788 22.8256898584752 22.66292905593
19.7571623724935 17.9877241978782 17.1892921439744 18.5145489479039 18.1182315531147 -9999 -9999 -9999 -9999 -9999 -9999 -9999 -9999 -9999 -9999 -9999 -9999 -9999 -9999 -9999 -9999 -9999 -9999 -9999 18.5249088988531 18.5891049304785 19.9978426025734 18.3266978771198 18.1776392040038 17.0858849512531 17.9268962290842 18.0448179738092 18.9954662596206 19.7176953264685 20.9232031310959 21.3671940791318 21.3932933507717 21.6113535019129 21.5819421910941 22.3405108312528 22.2608208257403 22.8844561348585 22.6231930645983 23.2051854168442 22.8403267983948 23.1365909516466 22.9141237202584 23.3674349434997 23.2936312149096
18.5574819259886 18.1070716507333 16.9459748614573 18.5396733141961 17.6373755176043 -9999 -9999 -9999 -9999 -9999 -9999 -9999 -9999 -9999 -9999 -9999 -9999 -9999 -9999 -9999 -9999 -9999 -9999 -9999 -9999 -9999 -9999 -9999 -9999 17.2168616894935 18.0905590168586 18.4487318118104 18.8689053358011 19.1299351764618 19.5816788860085 20.0007526999272 20.6657685833096 21.4545940115134 21.9114240097139 22.2732800634324 22.5057210412897 23.0160087733656 23.0744087053919 23.9005106795415 23.8216575464103 24.4298509211778 23.9969489496177 24.4616293237951 24.2163027438291
17.9761098747437 18.3868195043445 18.0287605361135 18.4403647091933 16.8541440135968 -9999 -9999 -9999 -9999 -9999 -9999 -9999 -9999 -9999 -9999 -9999 -9999 -9999 -9999 -9999 -9999 -9999 -9999 -9999 -9999 -9999 -9999 -9999 -9999 -9999 17.2907829574157 17.7524867551816 18.3654771747907 18.5368862086485 19.1262864784029 19.5394915047043 20.4437664366197 21.3766988521792 21.7203741662907 22.1935682227797 22.0300190971497 22.9437798510872 22.6712462793412 23.9897303284956 24.4780804696043 25.3053611652105 25.2509952519883 24.9781625312299 25.3405092570042
17.9696812984307 18.8361464750591 18.1105700843564 18.2365686135293 16.4078762884656 -9999 -9999 -9999 -9999 -9999 -9999 -9999 -9999 -9999 -9999 -9999 -9999 -9999 -9999 -9999 -9999 -9999 -9999 -9999 -9999 -9999 -9999 -9999 -9999 -9999 -9999 17.9255824649798 17.9388103822256 17.5958345334147 17.6544780251532 17.6909047577133 18.978765948521 20.2029411444035 21.1212486025679 21.4797749337841 21.9431527912816 22.3744781747869 22.580823056976 23.6712187386073 25.0618309387963 25.8500762391015 25.9437009467492 25.3786151458552 25.7320983281322
18.8598214665745 19.0429521957015 18.0033337291684 -9999 -9999 -9999 -9999 -9999 -9999 -9999 -9999 -9999 -9999 -9999 -9999 -9999 -9999 -9999 -9999 -9999 -9999 -9999 -9999 -9999 -9999 -9999 -9999 -9999 -9999 -9999 -9999 17.6954915918808 18.1194583127968 17.870368070119 18.2013524307461 17.9897653491341 18.9111737757159 19.5447518065229 19.9681322065872 21.449296596971 21.5801407517622 22.8207588406388 21.632861952478 23.1159598454871 24.2398010994732 24.8395766445341 25.2301783974939 24.1734024410856 25.3078850902739
