output/BIMAC_interpolation_sd_no_advection.asc
NCOLS 360 
NROWS 155 
XLLCORNER -179.5 
YLLCORNER -70.5 
CELLSIZE 0.997222222222222 
NODATA_value -9999 
[rows 110 to 131 of 155, columns 245 to 293 of 360]
5.87500565354101 5.78606569548313 5.9093290792968 5.84935303600373 6.19571221777487 6.22814071869441 6.25139310569514 5.78632456762179 5.92178694989221 5.98209326791647 5.72044242338063 5.69667749645227 5.8210501569581 5.75443969397561 5.44856306100269 5.4457850070146 5.62363928188661 6.10763099202827 5.95967839103842 6.00902789025929 5.88632089341859 5.75437532130564 5.59738304060555 5.81652501455518 5.62047397578528 5.86550045343099 5.9824398407985 6.07288005519469 5.94779828893486 6.38487543575622 6.5940629131173 6.26482764541249 5.99036352827695 5.93646323975964 5.6714737468091 5.45059367872968 5.53326368773798 5.79978043820137 6.06047050373931 6.32831001188713 6.28484093037685 6.38589059134264 6.18512987863223 6.09441128628566 5.39748504923095 5.35034659423976 5.6788470589802 5.68095514971571 -9999
6.00108619303728 5.95253855409364 6.00673330114831 6.12606439085006 6.29144650309096 6.29605217762074 6.55963289664816 6.10021671061183 6.12485488357664 6.13825861502254 5.98543691623185 5.81289078663441 5.95302166301093 5.83677428567009 5.50436319171228 5.41844747280879 5.43630253469837 6.02576522893637 6.13118009635923 6.4998849256284 6.37914633752474 6.1237124254368 6.04752419846077 5.99960087434025 5.62815069070076 5.93216821287789 6.25547122770687 6.21929745220044 6.02285250774069 6.23914392104833 6.58144905877885 6.21198637560548 6.0758470710534 6.01707512575181 5.90550434889298 5.62726612497447 6.14642427341967 6.27655041848436 6.62025816186314 6.83842769753999 6.69370674805613 6.37966890137458 6.14457733077935 6.00137206592916 5.50117257347386 5.35922547574276 5.76347451604437 5.73438596163576 5.48522420060555
5.84626317731471 5.97400496494921 6.14776786584178 6.3171008001814 6.39950356035364 6.38653638226072 6.75247559823566 6.29414622586873 6.18384213629734 6.30608681962782 6.01535388980365 5.71197542129894 5.70855004765946 5.72686328169761 5.60652224414545 5.54083507476897 5.62786430560509 5.80686246189327 5.91427076525279 6.02630633764685 6.06939144016609 5.80717953785966 6.1918100278889 6.03929093977134 5.78285805137717 6.1654416646695 6.43337534782373 6.45443764802775 6.33001094579748 6.44204507854824 6.72199912406342 6.50918819875202 6.26713914717902 6.06381606610512 6.22048084324942 6.01916324730067 6.50144761973134 6.56458461004038 6.66147123403857 6.51422572961332 6.17490400224208 5.62265474121165 5.55207634664784 5.83866719438194 5.26781380147306 4.90818552160943 5.47697862795473 5.45564276059046 4.96165410447892
6.23862683329933 6.52837764771014 6.53969657803638 6.41250097363942 6.17727190987263 6.25838474444576 6.42917605750233 6.22524934258728 6.25396196099265 6.40363135095378 6.15171548671439 5.67820703658201 5.56215898553403 5.71114161606665 5.53475257219483 5.12703949052062 5.16438576822283 5.31701887705862 5.44441605524214 5.54947057465211 5.90891225541697 5.96211324758969 6.35627358930397 6.24389240145146 5.95483323146947 6.36110416677737 6.61305092301572 6.66062748956215 6.56605543625704 6.8042849281117 7.01685564210699 7.06527579687236 6.80417657540668 6.42447860673749 6.4930847291509 6.37411732681653 6.68752606179293 6.79668901256092 6.87943904471889 6.64870334195769 6.25477061555966 5.65366293921359 5.52580402136305 5.89500055544233 5.18025901594139 4.98040500755811 5.56822766284595 5.53917159210222 5.24214298286024
5.9617064866923 6.21210588981142 6.32516178640922 6.20595197921084 6.25715163443028 6.46426260429122 6.58400211558464 6.19265287021299 6.22765090399315 6.27056193970271 5.99684363119554 5.74791510784155 6.02341217805326 6.2117285917073 6.21124588699989 5.68184172556587 5.49166819278538 5.28469031273502 5.45577516505158 5.11020390839905 5.72552846507018 5.81850882185311 6.28572553335893 6.08305674939035 6.28116476504553 6.42576947123101 6.52561291578514 6.57876148481414 6.31903788412402 6.42151169073056 6.40655127792442 6.51150238513648 6.21410943824718 6.15292857463753 5.97749004491696 5.88665039809661 6.23697564826737 6.40691619322425 6.14731496663985 6.23138082400397 6.12117157315037 5.94923048765647 5.90470914807262 6.49627885671197 5.45581341549916 5.19790850821992 5.25643651228644 5.112985254877 4.87696306352207
5.83342505530395 6.11601705642376 6.43407242961208 6.31507113199986 6.55776901935518 6.69291027388947 6.60103479037364 6.38822122714978 6.54567036216652 6.76274342167357 6.37987044088006 6.41404909183373 6.5361421028894 6.61296443139112 6.39080679299307 6.0447835170673 5.83821013365746 5.52177141580558 5.60531522557451 5.17129047472914 5.60585393757596 5.42015406595693 5.80869175454821 5.79974280138661 6.15323421727048 6.20741798917415 6.64034331155421 6.77713619318064 6.43961985571436 6.57887141219045 6.82829056600741 6.7838434219989 6.66914880447316 6.87055606674741 6.5887086578664 6.44137193147518 6.76183790007047 6.63170691720186 6.13309005575887 6.36659220508405 6.20441413193505 5.93850108534951 5.89754438395502 6.36352464381302 5.19585818169151 5.00750113137228 4.76942007562017 4.71249889499488 4.54952688954924
6.14599587440348 6.41886169005722 6.48195473414753 6.3582970840446 6.59353702383564 6.68210263466096 6.62550691147681 6.5875393586887 6.62547633487547 6.50191455492794 6.02481598442017 5.98268364055176 6.23622100178124 6.5205853217692 6.59805099947689 6.38544562950238 6.29193851661766 5.84902948687491 5.86108851902011 5.3080193729059 5.83375087677975 5.77368848978457 5.83435050311511 5.68164029262392 6.12962532453718 5.98456661647265 6.24057714096895 6.77190145170429 6.51796127567747 6.66636105778919 6.71041490644997 6.71698509711284 6.4497931262678 6.70749266125207 6.35020727858443 6.3490196305834 6.42847329269746 6.47077046678936 5.94879386297585 6.18123411744174 6.25445491240309 6.1972975607623 5.8691253903199 6.44884214856762 5.47641692938135 5.20028417631249 4.87420697430968 5.06370051835881 4.86698709434346
6.50718691807558 6.62252958670557 6.5007017481683 6.26174704060582 6.49410058184784 6.52079419928522 6.36012656558072 6.36374948501996 6.52544243162361 6.44424844783127 6.38430466689491 6.56903411766923 6.9161402211118 7.12664535960424 7.21737315316917 6.94333488209136 6.66000050192685 6.13569171341045 6.1566428878626 5.56925017242455 5.76178965423429 5.77905078193784 5.7836239930468 5.86033967721506 6.41482090484858 6.26536032853153 6.52799455250155 6.92914494460712 6.31214095856402 6.43549258352646 6.62613488716935 6.51750144432505 6.38384221747954 6.77367545910936 6.30483836299513 6.11889523898239 6.22208169139501 6.35337035243966 6.04423906505959 6.19028596248492 6.17202394442217 6.16980813315151 5.74175663861217 6.04566131817321 5.47807356344069 5.6480184321538 5.24036802257848 5.39598788587853 5.30678377176854
6.24234419814895 6.26278497991276 6.22204937569777 6.30768321923167 6.51439782339215 6.73918058203928 6.66413600820164 6.65500964782764 6.58885979401146 6.65794412266122 6.68331806977582 7.18214085026648 7.39182192275082 7.64134802621254 7.73559976995307 7.76161528191356 7.30588109011125 6.77401087750615 6.71172714167606 6.07266265894422 5.84851798414868 5.69915800264575 5.77261423829263 5.83116720909704 6.39649094050367 6.29899020371 6.46842629123403 6.59520721831915 5.97717844153027 6.02891188472532 6.18297516138575 6.1897743586576 6.21455773146414 6.65728874513142 6.09133480492345 6.01532616233008 6.19084539921512 6.10042794240455 5.69038396290041 6.01507852782146 6.02146680976433 5.94899488118529 5.94696706174649 6.46748435819876 6.26842950835404 6.32804808546042 5.78267163958977 5.77043764379563 5.56450220516965
6.08338700155619 6.35950532095592 6.40721066140622 6.75087774356037 6.65301826318883 6.89668523868754 6.7674563086465 6.66344026680704 6.56453626253908 6.58188877389645 6.6362171396876 6.89607578139797 7.12354496106646 7.33331369701384 7.53617449811355 7.60708554061264 7.43150901458021 7.00396355189859 6.96886190050863 6.56622370041006 6.36422500292205 6.1262905866619 6.15066304021937 6.24401779303741 6.52662927207028 6.22555140528195 6.46837201229521 6.61693702799421 5.9941883712451 6.00302640758676 6.28059159084252 6.19576783981233 5.93324827177855 6.24392122010023 5.97690496992744 6.27024191996503 6.4299318019299 6.65575367259098 6.35790462860055 6.41840561560027 6.05316483991413 5.85800252136375 5.75263321958015 6.31986511022249 6.14029070234889 6.26452657747572 5.67177847123331 5.46200584397448 5.06763707537185
6.10974462164481 6.6352065357587 6.42447449890389 6.5849528596794 6.65299965493751 6.83119064260226 6.80537069943305 6.7664623798328 6.89237584112704 6.65883317762693 6.70584075826832 6.83058205435086 7.0499417222056 7.22231698703902 7.6004537656796 7.58716015485776 7.32998002048118 7.04082913009216 6.95538497587213 6.64394914066395 6.60607895738246 6.71139455093723 6.59887799906319 6.42086322641278 6.59707047608055 6.34896858762599 6.29522620173693 6.43073076022379 6.3735858081651 6.28513577438333 6.23564554215168 6.22197541092062 6.07438844031951 6.21739567485781 5.77035592472395 6.16445976145809 6.31016594043329 6.42421117631335 5.81191080367146 6.04993659916452 5.81514016994908 5.74149977777073 5.77945474470123 6.66897300576892 6.78558408929365 6.6034686090518 5.86612035811203 5.61587253067182 5.31554126349686
5.73909412011354 6.21980812174329 6.07927248067813 6.15833369367014 6.01506523216997 6.2417482276999 6.28474708842089 6.25404688924253 6.60845139542499 6.96992092739685 7.1535410034836 7.3634181979727 7.55194096447935 7.52338195012933 7.52925136801874 7.38692125861689 6.97974543972594 6.77249529047024 6.70527615574852 6.62083339458783 6.64047376250285 6.83190049657075 6.89353108602661 6.82726035234231 6.87283038617426 6.69444869306524 6.54643009723638 6.32645803431023 6.31990762320182 5.98392022440369 5.91447384169815 5.95284221978081 5.79522547076565 5.77367255980799 5.66693593793557 5.97643579578036 6.21107790046401 6.38998274147209 5.90723772952738 6.17173158567928 5.96807606452834 5.84501548331492 6.28722270011933 7.10834515660036 6.96736248474792 6.76046360045507 6.01626642057097 5.53916695446421 5.30577898303417
5.91266035181615 6.18939524327896 6.24488381236817 6.42864972375266 6.25523561779563 6.49551481469766 6.54532332824968 6.41559635153104 6.29546850819643 6.63181584695199 6.70252495962417 6.89385275125832 6.93672172870733 7.00494814654734 7.03045787882844 7.05317591371003 6.77991079237181 6.98959697501985 7.08599726653273 7.00195363433475 7.11208266725307 7.25001364682184 7.04610782237759 7.01751509143262 6.94939161890004 6.57850234073384 6.42469738271917 5.93345809203356 6.17016531868971 5.93099744834065 5.7648226545538 5.75561098056097 5.82735173950377 5.58799540418343 5.42984456146918 5.84632519014629 6.2533000511037 6.38566977040123 6.02113790596752 6.46159539840509 6.54393368902744 6.07207971287875 6.59716282136825 7.29708744460802 6.75286036479488 6.28611015895029 5.72987088387671 5.20693841094582 4.9902325699675
6.19685779097468 6.45110792334741 6.50274936418753 6.70108603233508 6.51636389405677 6.27287207888111 6.30091872926529 6.20980951370209 6.14506611396917 6.29646814161252 6.58476129346727 6.75191876765412 6.812390814899 6.77484648164167 6.78296949782593 6.72594858560425 6.60728430414762 6.6935514992121 6.91932740775716 7.09576618271177 7.38019106931456 7.34520425895482 7.1450572074018 7.19140036517343 7.08566994456037 6.70694734450636 6.82613664508135 6.59502189609183 6.69857495414391 6.3025652681818 6.20760901452256 6.09133540123776 5.93941589160305 5.7926009789786 5.87816696001808 5.96028838545086 6.25554688058427 6.69859853908498 6.36248109237616 6.66268140085698 6.92635454538312 6.47456217649439 6.59715537440376 7.07468056379071 6.1440484391338 5.60547169943871 5.09294309436754 4.7455320337335 4.62591472546325
6.75982457496447 6.80089545105224 6.66135404453499 6.52038368920234 6.42913273782854 6.10409736166021 6.13816499790399 6.2412878606751 6.24700936871392 6.09521734305231 6.15692091961098 6.42427804759242 6.40360154039078 6.24226442289493 6.45365433750261 6.87690525258466 6.65046455696242 6.62521155779231 7.03503592027962 7.25462895574597 7.42734301039664 7.37937626565691 7.24972021557542 7.09186655121636 7.07855864521295 6.74880823959783 6.86970610679838 6.58927926975112 6.67793114450446 6.30639953429967 6.36054172004431 6.39805751928445 6.55238897371772 6.568261372727 6.49817120044118 6.15880882830366 6.40752268663351 6.49128852731977 6.40102882776758 6.73312632125554 7.19426204241503 6.66812118836802 6.94758975014396 7.05712674500876 6.39581763385856 5.85257944388604 5.53051312135972 5.14614664049127 5.09027128730721
6.9187324599725 6.48390467447837 6.52534853385223 6.57459221791838 6.37117678862819 6.24671994924811 6.41186650298745 6.30926506598865 5.73731460393658 5.77736498257484 5.79903145498912 5.94886175873043 5.97252313522731 6.17736193266124 6.30769438224387 6.70530470670675 6.55627514192184 6.52543661218816 6.96655550995507 7.14369419835305 7.24966082632954 7.23951688445394 7.22680499517544 7.26267440231274 7.26431870901235 7.05681943906224 7.05448915542416 6.70949276842035 6.62444016507484 6.30086574215552 6.28620932521562 6.42342606140537 6.50443868511865 6.44564822555787 6.5964060054328 6.2755736556226 6.20558133568915 6.47167524038808 6.64387817550663 6.87089838928901 7.28823546153792 7.10264214049157 7.34912476964829 7.11367832395375 6.36985590743631 6.24140147832698 6.11584069071375 5.58777679925026 5.52096271964339
7.29697616139629 6.86631655451301 6.97665895800674 6.98956978492007 6.97220551109955 6.57980964798154 6.69313227538098 6.49704972637586 5.87126155400539 5.63385967074868 5.57620260182082 5.58630876190434 5.43522885117139 5.65658061831407 5.93976009272313 6.68443880699404 6.70808369279741 6.76040385941759 7.27448095907843 7.2520514748159 7.28417819700995 6.99908989677974 7.07368197478681 7.05464863593329 7.14592889096326 7.04772488206427 7.26921790708635 6.92389475887817 6.83288442673429 6.78425482502799 6.83295168868405 7.02207791576408 7.19680743929 7.13271883938812 6.98227466311215 6.55627309048907 6.39053512855241 6.45205139210957 6.52016782887517 6.70743265722769 7.11304977741919 6.69741253418975 6.92828045307652 6.82452126495066 6.26521413723479 6.22250501187131 6.14295557243667 5.4672675408881 5.33464174208853
7.00983702441382 6.72528691817097 6.78867988622614 6.75395352732301 6.77182004282972 6.1613380940476 6.17811914064462 6.02354239366033 5.76228511466678 5.4772268388818 5.75168975848209 5.69238624327003 5.54403423707757 5.82308915438457 6.14298212055335 6.76153938142374 6.78042628622437 6.82510548872615 7.11991392513969 7.07797121356654 7.07825682916191 6.97888013478078 6.9941258585604 6.77701022415129 6.91297062693367 6.92761285331757 7.17510664523504 7.32047153612738 7.26964801992821 7.18097400072782 7.147215146188 7.33321177067487 7.18147899796323 7.18873879450238 7.0762715887065 6.72021446787904 6.37390733127118 6.40694809137724 6.42455992791084 6.56553896392148 7.09372855993352 7.06716772056374 7.30776733266433 7.25494818041699 6.98937356506168 6.87974917490143 6.66011568006461 6.02145171868148 6.09580167229531
7.07486651570151 6.84118551258902 6.77364271837277 6.64612588508146 6.9211328278702 6.5250307312132 6.57030994509655 6.54265137021027 6.24609614844579 5.92967335377575 5.87594236642799 5.7408630154768 5.49598032485387 5.69329851268992 5.98473561810562 6.63209699000573 6.71778651740227 6.93383689941541 7.25782086645492 7.10504745029931 7.10347648542346 6.96249516115597 6.84732068638463 6.5683571180711 6.67264704281553 6.57282045189863 6.78771816432886 6.98268106205542 6.91699715466298 6.90654921944974 6.77871632136697 6.82519746969307 6.64334978523227 6.70457288560097 6.4589961613302 6.40351490625165 6.0187435036559 5.80724268917323 5.88755582643832 6.18965068572047 6.47954376932623 6.62044135672011 7.12256986474489 7.02841827117373 6.99708689788525 7.01978052207571 6.9811858479693 6.38053768311444 6.46411799699675
7.01854270786699 6.74107613123681 6.8689884388293 6.89297689020823 6.94842784724479 6.45495765658007 6.52295648891412 6.37008579830787 6.08377725803672 5.91754342964173 6.18697135971046 5.97362822304537 5.48007587834892 5.68652914717879 5.95418371296893 5.90503703627637 6.08431699439301 6.68987974173152 6.85503318174317 6.83048012529665 7.13395034807563 7.01387178594075 6.74933408521595 6.67520876017781 6.57377892685338 6.50601403469866 6.73000944365218 6.94325797083492 6.75866597728805 6.828904846241 6.81561101476538 6.80644105087001 6.64681577543457 6.66888767760749 6.50720814323625 6.40888355037033 6.04158008541375 5.8841582834283 5.94930843340362 5.97593994678895 6.23603732054505 6.40987471795449 6.70944164478886 6.64664438110795 6.84522618898627 6.86521318090027 6.86288083522843 6.67102425010204 6.58718092558798
6.84263522588379 6.62232699095938 6.74581546726252 6.81446381372879 6.83189722029878 6.27101156642395 6.19419235659223 6.1981264933011 6.22478456394137 6.00799843961177 6.48673805724864 6.42466902015133 5.88500108480107 5.8242230261849 6.12109309158791 6.09036284970192 6.00807694444635 6.48170672944947 6.61698597331492 6.73477544674267 6.84945493297454 7.01245006981068 6.8591943320209 6.81287171256393 6.55614211232942 6.49407937563049 6.7239538070558 6.85807284940817 6.55073236683991 6.75751466556835 6.87264026788349 6.53318672830878 6.45814274619427 6.42856486108692 6.26636791708333 6.13871227896348 6.34339908168178 6.26131954618586 6.4071226719297 6.22570483606541 6.42160942494593 6.17314452353601 6.35142397781695 6.30833827376448 6.37105865685281 6.25761350069409 6.42679833135148 6.30099501239292 6.24312336114634
6.60282730254247 6.3700399187946 6.52013936828078 6.54936665194685 6.70073911542276 6.44869401933546 6.48210116374067 6.57484490847474 6.50104701437729 6.13647139140487 6.61849186090679 6.45898245171215 6.10805066953691 6.18473164297884 6.46919105496366 6.12167378274536 6.00321096712006 6.28618961085629 6.12122527916805 6.29220823088694 6.40849979475565 6.86191384571177 6.71425098423574 6.97004042891141 6.80076652907959 6.35119781656577 6.46970226085425 6.6205294567499 6.32786376477582 6.37896369785633 6.86248945596435 6.39761133023548 6.26709306850621 6.21469509517387 6.14243222468625 6.08463948626362 6.2297142298413 6.22778438864103 6.46979221689223 6.22553503927415 6.30987343113225 6.44153779029891 6.55042367670789 6.49067374750989 6.53183117150284 6.4494777574588 6.57339772448255 6.64890075434159 6.54474911093343
