All-in-one-application-example/output_no_constraints/BIMAC_interpolation.asc
NCOLS 128 
NROWS 124 
XLLCORNER -63.5 
YLLCORNER -0.5 
CELLSIZE 0.5 
NODATA_value -9999 
[rows 0 to 19 of 124, columns 0 to 45 of 128]
7.630116773776540 7.34659381259313 6.46696715641908 5.9031007119496 5.82461762677364 6.9246943868772 7.31495744748978 7.77155908507361 8.40811771376486 7.67325070939372 6.31543754933513 5.92616964935683 5.64137353698508 5.56810084068922 5.85692323949512 6.62359172642256 7.1775092017872 6.58600486753329 4.99002651556132 4.34774648517357 4.64385858017723 5.19699417963319 5.85148184538358 5.39184990781506 5.7791465559395 5.06845554555352 5.31441705098763 5.32290731722875 6.69579792730025 6.79402782492873 7.02437988322865 8.18966860893791 9.39580605531101 8.27033973958164 7.13337099055473 6.93371762491853 6.53012353644777 6.69940931498925 6.65637255440729 7.12778596741773 6.60160320798345 5.91395667406641 6.22181198872486 6.79207813462223 7.20398009896917 6.87246132415152
7.08754034734389 6.85490433768313 6.52535716439576 5.75500449267878 6.03556137515993 6.65765536659865 7.30732164960259 7.55774413833937 7.4698768737015 7.78769936064916 7.039333852511 6.38071108107914 5.36061562896532 5.47480818033961 6.08511934063493 7.02127114961108 6.80641966463812 5.92359237699863 5.10629381581686 4.55825919893489 4.76432650027807 5.95130554582288 6.37264138805791 5.1133110614923 5.70685019278598 5.80458676480563 5.31119789940921 5.47708299126903 6.75215995449119 6.62867620473431 6.48955130418527 7.82837601365423 8.05236462612936 7.93926031978695 6.93700650062157 7.04464597362127 6.83720530815277 6.83851534232049 6.82831024962762 6.71959571123731 6.49276709020105 6.34114790651268 6.8506858560693 7.45720042561435 7.53102477617119 6.99893278630509
6.03547570836389 6.690204012413 6.3614125749197 6.43428490025861 6.00274501136936 6.89434639164506 7.28467605958208 7.01674084713236 6.28027009154596 6.87508210751893 7.07929556856424 6.40428842129191 5.22956026589321 5.22300126715673 5.37976189198648 6.10286211598097 5.83556619048999 5.45552335582864 5.12902140572209 4.7254789297561 6.04535976031833 6.69891912809628 6.38669260252318 5.33073802992077 5.62677252536846 5.23167658871474 5.4493379024052 4.95952836938794 5.59083295069126 6.06700524463305 6.30346550817941 6.77958005345725 6.86083176050352 6.88944134150139 6.76732077316418 6.93665039944087 6.74172788327453 7.12713576948512 6.49958160230616 6.25824350582666 6.00847028964127 6.47107090874351 7.28270930320968 7.80975173535645 7.80435449490875 7.61900935548962
6.0273371049307 6.10385966789894 6.69744080410075 6.59085079376184 6.64747288337426 6.94914807953407 7.56341102953558 7.30069707600679 6.6172683141342 6.82259882169487 6.2229780750232 6.39359054716786 5.77197984337364 5.28269167989307 4.74604759965781 5.25291240675859 5.69237461421975 5.71991400212374 5.6249680352696 6.32225185926966 7.1463355645324 6.96391878349854 6.74048917750014 6.12736476370253 6.26960413303444 6.03423664611209 5.74900415172139 5.50182685384404 5.22151693603204 6.49264059862651 6.17787050881949 6.6900348416609 6.07600430530244 6.54662927753101 6.07651783276026 6.34986800448295 6.6710744787586 7.07975428968434 6.94324844515524 5.9542227535568 6.1087521329042 6.97258540491077 7.68734727954835 8.31651428976499 8.52329807425437 8.13803150453093
6.04175857989697 6.39219384383854 6.64543096896871 6.6201271312832 6.09352957212878 6.55252619206036 6.81693416664034 7.10807026293507 6.72428472298876 6.78225525898237 5.5194159116202 5.76075168517274 5.2436824738898 4.70426301216667 4.133813516526 4.63317030172701 5.32877065045458 5.40338071630353 6.03503973091608 6.75023549250469 6.94888788567101 6.47497825820952 6.43324692759029 6.56333487020082 6.22031970619829 6.09794784185598 5.9516459289316 6.02715830949203 5.76711918252275 6.24870938915443 6.03535539822499 5.77000878846732 5.68896020145043 6.55014009267287 5.93558407391686 5.84777814783323 6.67861431071314 7.49622576603318 7.29842859374648 6.85096047259625 6.73017732068528 7.70940456237343 8.35909918077154 8.43173958268033 8.99432892116604 8.80215519414051
6.07196249908056 6.59173959260534 6.84189676009992 6.20902460361293 5.88127314558054 6.42551485410885 6.69105846199691 6.79141053796975 6.43913810952452 6.32892007796718 6.49115600174369 5.75276673418254 4.65234776634727 4.80729333174305 5.20253932189484 5.39908632127731 5.3506249178911 5.6072264328413 6.35668233448491 6.44498599128821 6.31310160436102 6.19993490342238 6.05819722043379 6.13914706468835 5.76618941889093 6.40533128264085 6.786552236817 7.49215378737376 6.44875985102818 6.56255531697759 5.28629405028731 5.58289036746353 5.81961820630731 6.29144122862644 6.79077165240911 6.70152009375589 6.9865967051726 7.24667944537785 7.29931482416632 7.07110887042574 7.87068537939194 8.52727893028664 8.6234429560187 9.14744635625539 9.43345468969419 8.88422093608028
6.00495042766935 6.25560483318575 6.30034583502621 6.31026367689793 6.08931018747035 6.50029878188498 6.66403363032731 6.37952122793536 5.36586407099552 5.85322306472024 5.81197917061972 5.82465727966862 4.70237961578311 4.70420869676988 5.4722666436906 5.29834958972389 4.85456067333481 5.33471185845378 6.08522023657681 6.65885004257177 6.110686801034 6.33488534210421 6.0208111125673 5.96109384035736 5.49361726649649 6.24068063901375 7.01935735508806 7.08771343440816 6.56159608189483 5.89904436188813 5.11017827467668 5.67791930169401 6.35750962158598 7.17292941881171 7.2248738698975 7.54706447447341 7.36702423257909 6.4687577110216 6.26700528565726 6.78343337746156 7.68766990722921 8.15677469281006 8.34686447413997 9.23878768362049 9.534841804121 8.3771017793201
6.48894702224461 6.37739235143352 6.30791656637584 6.32770812956572 6.729619029295 6.74045701239032 6.63794398574445 6.12453836288457 5.93188492153751 5.44477955689947 5.217955978341 5.09851238383852 5.22984838460151 5.56271222473085 5.49088036314372 5.57166014347535 5.51953469839576 5.57920676487783 5.99050364715997 6.49666752772836 6.68715480396587 6.15162700491862 5.74535510408608 6.61690440398463 5.70170245378629 6.93803618401468 7.13331627061063 7.9398709887067 6.7703104307886 6.06922579266574 5.22919140836449 5.75347474799046 6.35099378012601 6.38689551994875 6.66106406818447 6.74755995266333 6.85492701671708 6.53760573563607 6.30878680102397 6.6893712315133 7.34925664119402 6.54539001894625 7.35484062971576 8.73363835206216 9.28734936511901 7.54543806394291
7.05881712892828 7.18309535868676 6.89716525611326 6.68185409075567 6.20662929996931 6.72228603491254 5.95089706129466 5.89718306606833 5.99255962491861 5.3254132170479 4.31295114442754 4.4607375907926 5.69273062237244 5.57818359197421 5.4105705883033 5.63706774443285 5.86254035273457 5.44046110112287 5.50096471226461 6.03998530422979 5.68598415352896 5.50094893921528 5.64491845341582 5.76757856550943 5.88224028305935 6.0415912943747 7.25724813398952 8.07196290252339 7.09044572389619 6.54061481575544 6.190825503949 6.38576621567727 6.10621957374722 6.33865109545563 6.07246290985295 6.54772807110612 6.97359955323327 7.06346504376027 6.94060310395914 7.4146980620771 6.78677961339622 6.43519359642152 7.10661597842385 8.98959108789202 9.50119201880069 8.11941543124194
7.22361621514179 7.57244837449313 7.3102783359952 6.74400735974709 6.66046669202616 6.02214863623956 5.87361528069973 5.46301265058553 5.84111600113198 4.92375844926033 4.0142196817423 4.18625150327707 5.05015218304993 5.62782687973428 6.12783884698723 6.2243508510776 6.49047732695489 6.0011180129413 5.93434531575048 5.56333360791626 5.1461723714776 4.48600766511104 4.55679172217837 4.87303176950964 4.15628941796758 5.0484699886533 6.03173172724697 7.01684330824545 6.73495294711216 7.07440133875364 7.04504306446521 7.31989572324994 7.17850422598415 6.59826514715564 6.08265136603158 6.74752295103961 7.86949105386463 8.32734161799954 8.37353200392558 7.50022596087446 6.20758673972938 5.79037216722373 6.99807193849221 8.43727542234707 9.60762059535975 9.02090486092703
6.79507931278116 6.95908338829131 6.66969533061619 6.7415711580506 6.34547705257862 6.44974877493052 6.18526838735665 5.87733774456924 5.83256452339528 5.06074292154058 4.96404838316808 4.02783890081665 4.55169691545217 5.48559547340073 6.37702354444692 6.28050662577927 6.72954127653224 6.24412597353142 6.66029812974977 5.99351034021806 5.57692086541323 5.08655603878086 5.00929817598234 4.49323983553186 3.96549786087962 4.04774791609096 4.40645879005205 5.23989151560032 5.75854163273116 6.64060565767785 7.01985021230842 8.02032885498481 8.24567232903917 7.89926864756892 6.95951300222965 7.90069387596518 8.47033896048673 9.32811261599016 8.52082647464902 7.46601942871473 5.96425388678731 6.06056281005156 6.83552270152406 7.45769520115194 8.41400131285091 9.16615233775988
5.91136380872863 6.22612198199149 6.7816974716012 6.89920753000971 6.67995292777743 6.55179125236806 6.48249035220992 5.91859279328589 5.52477451263309 5.56463899478476 5.28173471593475 4.83431999583789 4.77983315514305 5.13444088058579 6.3334307337781 6.41054706020504 6.49291204438418 6.91652851058149 6.86212175544545 6.01044090136562 5.65210588851808 5.54629111502946 5.88000533111157 5.59361493667908 5.0282481225196 4.51040053907353 4.67060595292133 5.36379102625264 5.75791805584303 6.38042539639682 6.66947893844681 7.2868004490107 7.96516050308685 8.29563337882385 8.01017106020702 7.76728834778632 8.36423326001115 8.46050777082921 8.58104409271045 7.69509930304806 6.88296837575679 6.56989450794439 6.295280962167 6.59642631812897 7.42778414750352 7.78747438989105
5.96692536579079 5.96601869849777 6.87291331457395 7.15273121806127 6.25197639356456 5.71243430536358 6.17546773528512 5.77853574026991 5.81431434496553 5.42287816702891 5.46158555693479 4.96022384021772 5.08534003801451 5.26026282144824 5.85011024998465 6.3102096323608 7.07960802541255 7.56216419246701 7.01537193734812 6.36554005558833 5.78230427776491 6.18936752497112 6.09769659113968 6.72816782124695 6.39488397642014 6.09233791632834 6.1763246410985 6.5177425583725 7.32412043505652 6.98757516011173 6.12589210873165 6.04803755640488 6.79904663266003 7.79359598170329 8.61667418213714 8.63636186477047 8.00093245392461 8.11157528003759 7.73680687509379 7.44631987454415 7.10508405105077 7.19515418696703 7.12215893040301 6.63593287612118 7.18431548057423 7.58980514023677
5.47686066749878 6.16742723485567 6.49031283292372 6.49100041074368 6.03245060917946 5.88691502084488 5.55819568317076 5.50647205910641 5.08120283166414 5.72450244887965 5.13024884017267 5.18299792701303 4.92030490074414 5.44493701808244 5.70386971561285 6.30735422366516 7.16898842135509 7.65629216183056 6.85474914816849 6.16613688983839 6.13524656094044 7.02858087724401 6.88338077255512 7.06944176766733 7.01816221140188 7.29795021068445 7.32891131747459 7.52521584424611 7.95872191398373 7.29903492839017 6.07038584602182 5.97393699078131 7.23303322943242 7.68593400724515 8.25733645882175 8.60116676551158 8.91491126649657 7.97225277731896 7.38999451376644 6.04790881266296 6.28271393338242 6.78966806406027 7.60717747840437 6.95419305020378 7.39554944821757 8.66580395083066
6.70301093790569 6.45219435189178 6.26844621919372 5.32686092149527 5.32226567792413 6.10811532887559 5.9991940719769 5.27857786666811 5.15456486180517 5.70260699825506 5.89984974378609 5.40426799062276 5.16589992310903 5.62299876530636 5.98080368730338 6.52498028933492 6.42865136913185 6.95698079293767 6.57019491197633 6.75010914090288 6.24690135174798 7.72978236149751 8.09550472339547 6.83486335448251 6.88113763479272 7.34407829754182 7.38504058793342 7.22787582870773 7.51531096377262 6.84052479411718 6.49822181541129 7.07027762655823 7.5874325380471 7.62445212624777 7.46236147883131 8.13700010719774 8.86143015278991 8.44146404505409 6.90379300689434 5.94071258115117 5.76195576583264 6.32729583593231 6.98043008045182 6.92886227029066 7.52179851981863 8.92224799485369
7.02759902015469 7.0214587507113 6.2182361649281 5.67425256003094 5.93870233254685 6.8927500236739 6.63038115967232 5.76156654698032 4.88836015919553 5.71532840237307 5.58465181371857 5.64870543405816 5.22403935435809 5.71223585257657 6.051632138984 6.10324080479679 5.83755595331077 6.47566849496754 6.45890118044991 6.27023838201458 6.05967834954339 6.97209421103617 7.46566333941263 7.66816260113474 6.64279371226062 7.23202460480483 7.38526166188179 7.03050803488192 6.95699223832426 7.12834328241048 7.56431968657804 8.15090076394691 8.50838946387149 7.56577912786019 7.94896021384925 8.3917236462169 8.2861075349309 8.09682797018515 7.77374601623717 6.79515032797745 5.95288353849216 5.69662935740853 6.7115134751075 7.1887760273491 7.64043096818414 7.92182640660621
7.06544653895524 6.94228956183003 6.66021080167025 6.30965870315192 6.35018486601551 6.94585391657604 6.33600251049276 5.66686980796668 5.28928225088935 5.22831250425374 5.09196051560725 5.19727227302325 5.55832666394559 5.65872803619437 5.62112341307612 5.79620727898027 6.77542180365896 7.29783766274218 6.87492399296236 6.63971102188607 6.50978884343721 6.77485669454487 7.10283888390771 7.37029855887168 7.14582131533928 6.65400922199805 6.78660636976581 7.04580498571208 7.00791256564772 7.00400481793291 7.83710707022367 8.2670908653444 7.27309359110057 7.28905486011023 7.80874469544194 8.56260730980399 7.9310823189339 8.20063768172815 8.41505091532037 7.98009120564062 6.70198039363745 6.2329026179248 7.18257231126745 7.98517200004452 8.20818069723605 7.04140780773248
6.22016647923686 6.70452025984782 6.79619594352183 6.56859198974429 6.93652246536968 6.76138001062256 6.10287147691278 5.44114502551493 5.24621133458751 4.60430692939282 4.63025547525882 4.80144679710687 5.57688146759664 5.66680469423305 5.71694514361861 6.25933247501897 7.41579700621155 7.62446598472991 6.6190589944831 6.3811316790896 6.94125804167659 7.25796010551478 6.8916301558747 7.54055906024091 7.61892399614551 7.15223238501523 6.81070098868124 7.50581143092836 7.09409813119834 7.28304347484543 7.28743107053156 7.84096674092408 7.54191295766091 7.52254697954669 7.7690024785005 8.7846338978753 8.37845251395079 8.90377785058502 8.57076377966051 9.22879278671056 8.19698841429085 7.71541319870107 7.89712624034877 8.84704350387778 8.57571819912393 7.46196274417903
6.32174482522726 6.47665399802752 6.59129387368227 6.46046863069726 5.96985854458091 5.90892092542223 5.58037501536777 5.29194949848098 5.09378154395282 4.86855075644866 4.88638397681872 5.04848266404457 5.58541241505091 5.81519687170546 6.46935143069486 7.26138631928614 7.2380794658584 7.17371678804252 6.60360882786607 6.62504821231214 7.12177744393643 7.30825360856436 6.9594641707294 7.29158491513804 7.44904172135037 7.20746636662309 6.79535793497534 6.70055681408172 6.828605401964 6.76952041883773 7.25209114841791 7.64667119850982 7.96617695649578 8.05669167580339 7.75774268825284 8.32414324982754 8.66728591395529 9.32258784852943 9.33567668758561 9.84222609840124 10.0773218529878 9.68362565493002 9.13175023836063 9.16563644024861 9.06704448597193 7.82094900170204
6.93237070399528 6.88271129047426 6.55150390635608 6.25066371269827 6.47923338889654 5.94528454556509 6.16690819208096 5.690645632275 6.29487582467263 5.60974790618553 5.70255699050196 5.08311284969764 5.85147174406692 6.04342689918429 7.09321802804659 6.81184194003594 6.92709139683788 6.42417016703777 6.62701590727514 6.76775106091333 6.67914726727085 6.982088809046 6.67370082206507 7.13137127023074 6.78417693747083 7.11219332829619 7.11999201849017 6.77181985416927 6.14435492298214 6.25012426649104 7.15701433644258 8.23474250036741 8.95947244193807 9.06880972041476 8.74703856120569 9.24993463402623 9.25367727899608 9.34913640632655 9.56403595899068 10.1305501926654 9.57082717776815 10.295174757832 10.1682039421752 9.46049279806708 8.4854955991618 8.20244887306836
