All-in-one-application-example/output_no_constraints/BIMAC_interpolation_sd.asc
NCOLS 128 
NROWS 124 
XLLCORNER -63.5 
YLLCORNER -0.5 
CELLSIZE 0.5 
NODATA_value -9999 
[rows 0 to 19 of 124, columns 0 to 45 of 128]
5.749412375808390 5.62030227743144 5.22643785569277 4.50523370139956 3.76009096803017 4.20370396314001 4.64978593617838 4.83735378487479 5.16650316712107 4.99976073655208 3.95412663687402 3.52164971260886 2.9975854018804 3.27401963512076 3.58031016768922 3.99457072523371 4.33696508190923 4.18685579631696 3.29888520538392 2.61624083930621 3.17343787722983 4.03714041295041 3.96497049337445 3.06625535668436 3.27517222326616 3.19609287767505 3.65776101607919 3.48026182401688 4.38620883617366 4.45721410090204 4.75021802501849 4.99473109749265 5.11703722493334 4.73203360085384 4.41122038279581 4.71412540885075 4.40375171291137 4.16160986497289 4.21698105277301 4.69774562161441 4.61688128152182 4.13203790072143 4.36797682221466 4.59980801239325 4.96385425195368 5.08465391757115
4.96584976525777 5.2004962989519 4.80043554384805 4.29074692077726 4.00229302513157 4.23721556164642 4.54177445288994 4.62266559135186 4.75084919972307 4.90815394889855 4.06111711482159 3.09194349124245 2.52552938603545 3.1040577444447 3.72894252237107 4.24137628585381 4.10761626069962 4.13507193129532 3.21828740279765 2.58574800551508 2.90307154672006 4.36412170449207 4.03259828940005 2.78278054606734 3.06325297448876 3.64655916666506 3.57738683993237 3.65861114194896 4.3678406973598 4.55772683065505 4.6277391258972 4.96460012655344 5.06340028159641 4.6816296333025 4.56653799748338 4.43997979179449 4.24267184259114 4.0433356057843 4.27842918138562 4.68195044274303 4.56772756298245 4.36281466249046 4.55065122283706 4.65217510196647 4.83548224129902 4.70930420352379
4.17815049101264 4.41666465656689 4.57692399925413 4.39003973084518 4.15643438975987 4.50285445791918 4.49937011057241 4.26309620529826 4.12846837483213 4.50112071764231 3.55641089050286 2.50662310606309 1.84980412428965 2.6256105732168 2.83317963996386 3.14479497848172 3.65276212631856 3.30504168630344 2.82596636237946 2.26106515984539 3.47152276692807 3.81876127383691 3.42943959385877 2.29512067835459 2.82902754584608 2.75547832360314 3.24431549296924 2.54772619176144 3.0147254286385 3.84092477027757 4.17718993817072 4.69273626895793 4.4302404797849 4.85992494294867 4.46580724764666 4.59160067017824 4.25668070279995 4.22111413336077 4.27147716701902 4.40540729005918 4.59446385981955 4.5577110607612 4.58177658897446 4.58430384090517 4.72271983135431 4.89956245655346
3.76768838457903 4.19837224798589 4.46457355386963 4.64527863374876 4.4861123389933 4.46924226305758 4.78124724035346 4.38467442626041 4.24005973785239 4.13115959792749 2.89995338195789 2.50288346504056 2.34994280134693 2.65370651688728 2.39955251016307 2.62916637960802 3.0296473688752 2.83440944489845 2.85076902897572 2.73311148282781 3.34466413122213 2.75036033746866 2.66975099670547 2.43507575935025 2.61896698827628 2.19093810603643 1.88579891131138 1.86644463825205 1.7555964209776 3.28884014522732 3.59768258632428 3.92757927937986 3.81629517726715 4.50028550911669 4.38939583386015 4.23473418269666 4.48958404460578 4.59410366964036 4.28359690077701 4.23577280857762 4.4679165410529 4.97895329031098 4.80923372724323 4.62259965874076 4.85188283114931 4.95104587622582
4.12263913874771 4.18314760341337 4.63702859178751 4.58425619421103 4.24994730930901 4.57150684199202 4.6014599936778 4.72816082877377 4.19277054028776 3.92555266067603 2.17988957920083 2.22154278698251 1.74553511685443 1.37623784005572 1.51365426155494 1.54559768575745 1.77918509187948 1.69199347886111 2.0265215614859 2.08522233592512 1.8653091764374 0.964971958508261 1.46688394608477 1.65522630824523 1.44985339304634 0.507237560389885 0.972284731940397 0.995091099422904 1.4232489218172 1.88500959586661 2.08789686040517 2.84082994406364 3.17685785842675 4.42472273947407 4.16303912390404 4.2308816358779 4.72759925375206 4.86268674473386 4.60096462494945 4.46282141507971 4.84452515111831 5.20642526631578 5.25307355085969 5.00328253774061 5.19782799936318 5.55004274904606
4.2416169920176 4.60529269787828 4.68555870405229 4.40322021868192 4.28295286405579 4.74312623366344 4.88746270445582 4.74724513054455 4.09676469071196 3.50718685891161 3.354446992046 2.62291547293615 1.28231931058705 1.52582718423389 1.93648948971522 1.9353968295237 1.55880337228358 0.681660911137143 1.31488426289926 0.736494885382823 0.724319467319574 0.0943789127635726 0.707485114511303 0.704263177278891 0.706516522571962 0.666163697666169 1.51189003894188 2.79886152069241 1.763885992099 1.56195695171616 1.10425609163418 2.34113432165595 3.37011434137318 4.14011046636568 4.42446889316143 4.61585533779563 4.86828449135736 4.63268320720421 4.52278466122122 4.96634311261971 5.61444549040493 5.70295709509444 5.57641988099619 5.59807461813427 5.58616120876169 5.55045445458126
4.53603357377703 4.49305261837923 4.45633868283532 4.53502324505327 4.42498661059564 5.13509926440103 5.36323333770619 4.80628539380292 3.55455912903702 3.91583700319641 3.88308946118754 3.52825980281968 2.04579121352384 1.55533960862379 2.15576829711881 1.63967488883366 0.586402013816077 0.10914173568267 0.108085862838075 0.650804259817204 0.646864001896064 0.646295481449101 0.103490256645755 0.562001137088405 1.08489064006538 2.02995305965788 3.2707005856174 3.47318740470125 2.55090122335331 1.01112654837105 0.901267989556831 2.63773299325434 4.07220694202092 4.50579011399789 4.78753373217273 4.86732194137815 4.8706080892496 3.98857601105499 4.12398754398475 4.70829594527025 5.259641727098 5.32369065722469 4.98151375538572 5.44171395709274 5.49648285318502 5.17890723539039
4.49484803801889 4.47567185778099 4.56796904716377 4.70447499359352 4.90042427751386 5.08503937769885 5.2957997712537 4.78887372917827 4.24978872179555 3.75598727221982 3.80079474212503 3.48679584095453 3.45823329196307 3.32546491383372 2.74225321289868 2.42858063058986 1.42037422995838 0.559430305642696 0.562885410302458 1.1128214281882 1.64891399091397 0.653221534799689 0.109206493891366 1.35878843102755 2.34202042684466 4.12245737560017 3.82046492786163 4.57504761653344 3.09107463616685 1.96324574056525 1.40348474617897 2.82161477379418 3.50915403864286 3.58228585433316 3.45250185184148 3.67993753474859 4.04711209961115 3.93149874489251 3.81149398157215 4.63543392553589 4.64795020507818 3.33562007956205 3.22685731184075 3.59286173306625 4.00038734703176 3.58412563884743
4.36202322204064 4.57244725471719 4.52808015876135 4.71162653046704 4.47675603440999 4.88706942716897 4.77981221059923 4.65531363809401 4.60995273376895 3.69758335797567 2.99816399045094 3.26139884251995 4.35091901637515 3.8565499868519 3.32830822829146 3.01303660366365 2.26583838434133 1.03713931109158 0.961909278018678 1.95373771294177 1.48554025080261 0.649436319477534 0.52730627620689 1.78239584222741 3.11037605827928 3.56567752367614 4.22082702059253 4.68661778421946 3.01872113267842 2.53872048659043 2.5104788631907 3.04851441183741 3.04956046348921 3.08334437202152 3.04562768336621 3.30678097745762 4.0012822687668 4.0245747315236 4.29692408112868 4.77662265386182 3.72851912303565 2.17517232289436 1.19707379128793 1.48893428930727 2.42101459316321 3.20051812293546
4.69561722461785 4.77920678262958 4.77356940074188 4.61024567696806 4.681462313521 4.52503582715291 4.5291796772932 4.19390368929668 4.37433302489165 3.45623998646306 2.90763809327949 2.79320714272852 3.62009360370088 3.76781414578564 3.98295751636395 3.74054900478828 2.71217171562733 1.45649506230853 1.82708311374786 2.2043150453708 1.68340411349348 0.393873588284246 0.824746723501249 1.75002921503359 1.32492186548231 2.2005155664287 2.7872874305105 3.95570373008458 2.60217076669249 2.50483127670018 2.19891109123505 3.10388943642963 3.3468932907747 3.92910087143811 3.61337006534068 3.95553889849127 4.5145705413428 4.95637289350786 5.38882344240722 4.65771824821435 3.24058765134154 1.90315232446878 0.844873206624203 1.07156849352974 2.11732697063683 3.06480078777425
4.44542363612261 4.55401979249901 4.62576433845705 4.74305400238498 4.51781167692944 4.54647250093148 4.58515357451893 4.22131314755493 4.23723718117053 4.00547310619539 3.80129269145284 3.04848995788762 3.0198935528674 3.57396748823849 4.07788905873481 3.51936389209403 2.51468657404818 1.60930438342236 2.83017501312317 2.69897729963522 2.45626866276672 1.92320954350221 1.9906750763773 1.35079046260622 0.906007230898705 0.626095430795883 1.04480797840593 1.88510723298956 1.83088126450644 1.55719246947577 1.08942722099646 2.72307988175527 4.5143214963002 5.6968920172391 5.00470040453488 4.88104394056982 5.21283824813025 5.79962666899748 5.50929450856048 4.96733016498229 3.60101794272552 2.51700154536855 2.0129573319013 1.07029360341238 2.39093163418463 2.93422035760658
3.90659286396516 4.26807608100475 4.54837068400979 4.8759346327968 4.38469887853146 4.40505699926567 4.21775266020873 4.12355511415332 4.04164092553333 4.40987212323883 4.32297488591137 3.54986996481288 3.41005719359244 3.47309866357055 4.23928310854629 3.53742555145257 2.98434966039757 3.19619481271422 3.24602262118878 3.6578578200996 3.39540315681437 2.54197039640706 2.66809351432823 2.55383424916787 2.10298058078178 1.04804107730854 0.472916398445415 1.03583795363907 1.42577733924294 1.97343442541205 1.42161471606379 2.72537186014484 4.45082135934609 5.52312587106714 5.27094593729182 4.37775752445973 5.0827840231936 5.05247137677681 5.54233998955473 4.96739580621157 4.83841819223913 4.13361647070643 2.64685089109389 2.42351571739404 2.82915597761043 3.04431735030624
4.19088690208078 4.12248608345854 4.46206434521081 4.2564934820818 3.98104719379241 3.5849098873205 3.83001646375363 3.96691240283555 4.2672945549181 4.3842073633202 4.28732522339886 4.07287294549794 3.79494571298587 3.9564760056094 4.0452353282286 3.99285154647182 4.53361406824364 4.20333658727732 4.27331820732181 4.35840778912011 4.34685539857119 3.77726009058102 2.93403543744727 3.41808617708131 2.68655676458335 1.42691124840013 0.47306827223866 1.19788488532203 2.60528728701676 3.07545930710492 2.5193171751013 2.79810349193261 3.41742710442791 4.69629407627923 4.75736915559658 5.05241848620159 4.0528257816592 4.5021427074524 4.00280620008462 4.23318465195712 4.86177704735047 4.76096890453987 4.20718311452113 3.2983660113328 3.50453809763079 3.77793736721005
4.00030910875379 4.30592948622457 4.14889704830088 4.03880322162266 3.54202570819753 3.54880313753882 3.3280700033339 3.96483550054884 4.12458912367903 4.29522780223778 3.90835226213387 4.00727749762249 3.89342472234512 3.85371473704347 4.1177905241458 4.38005827857527 4.65593409471054 4.93301110597378 4.54032199422455 4.59768393184444 4.54280813592136 4.35651545064157 3.43674956191565 3.01750902945934 2.14108433995064 1.46961168796829 0.476579016868196 1.71909919730096 3.30366156143279 3.75841673016413 2.54154838871506 3.12387932361435 3.53002937044915 3.22789251026307 3.44618232508875 3.46851954203212 3.15035498344138 2.21814513248492 2.64599007490345 2.07489372624112 2.82153596325611 4.57145530455238 5.39286112183108 4.70509723727665 4.27702692876419 4.81505741512825
4.5280005366168 4.45517594620724 4.25661439712947 3.85425400296576 3.74878716817253 3.7380109310177 3.80399530893653 4.03667343792933 4.24219653062725 4.36596952924749 4.18805812550867 4.12847102245885 3.91871614267016 4.03414262126025 4.19175756210905 4.56351090634921 4.41884660598316 4.41922999481198 4.41488310333756 4.82983916453889 4.44745200842193 4.93697916214237 4.18893395861709 2.75488234246977 2.09867770417953 1.03381676535567 0.627102502420464 1.25863823523606 3.08763341353957 2.56682268850388 2.41895463512747 3.24000002773769 3.30218969784783 2.22338841425748 1.23202549886604 1.81828605211504 1.25694670332227 1.88307335884601 1.9324013034793 1.93650221177063 1.79994555600366 3.16028693092642 4.76849729325988 4.76693518163153 4.19130816370828 4.52342532860053
4.56764158061626 4.39838683706709 4.12450626431491 3.96723608447239 3.99563843229865 4.32849407299021 4.30404827411273 4.43497957479167 4.30264943794177 4.47914850075918 4.31534560618512 4.30497434068607 3.981022135937 3.86257744730027 4.1743393893729 4.37984950159989 4.16024959925109 4.16560013086296 4.22588009308493 4.37891345087156 4.19277230603194 4.26923689755275 4.27918406574367 4.39444773753395 3.204480523317 3.06252227513884 1.62746379056995 1.6229016600324 1.83298571704815 2.58647130616066 2.53844039262501 3.41493395368649 4.07801802677674 1.83297856731798 0.64100963129685 0.0963672158515629 0.0952606119237382 1.45139922609843 3.1765300116294 3.5669986095739 2.65479541252115 2.98458415423929 4.5200290528878 4.86067147100043 4.04403466624299 3.50607032327567
4.37526157506904 4.24790832391835 4.18023244769336 4.08126031896685 4.2505915959857 4.51840939709563 4.49816699926145 4.32944452902916 4.45657690271601 4.39297337803198 4.15918158239043 4.20998863748754 4.18659149057951 3.88591458037306 3.8381810067593 4.21406156521626 4.40233244753085 4.57167151635856 4.18417574004831 4.5011968372136 4.43975713604603 4.61755994664897 4.8780431377632 4.70279494399451 4.28550836955758 3.17821735841677 2.60114843735148 2.0263030967231 3.22938802011234 2.33287772406124 2.93817324445484 3.31475491693176 3.17824419741435 2.15897652397409 0.643259292760481 0.585420297630388 0.943592591555153 2.91952393824372 4.20496159620304 3.96412231230868 2.58967750358755 2.59841478549186 3.70436837227214 4.25933339030041 4.39797545591167 2.71328951357608
4.18320644601788 4.37886072579368 4.53075683108758 4.34374690383102 4.49448606131171 4.58103713943957 4.35765785289301 4.19605427057538 4.30825126870214 4.05978078915573 3.90611441157807 3.85197761585077 4.15747403655981 4.34074511774942 4.37599997409981 4.6536161182524 5.00808832374554 4.8275328944836 4.32394250690228 4.18998059356726 4.66894243421328 5.04383873147288 4.92435402096205 5.09184701996446 4.90921431954379 3.89678438872518 2.93347388238845 3.92548958163002 3.90680953006639 3.63870203758529 2.68386553320163 2.54769219221372 2.58683935669681 1.05146460571351 0.640293244470203 0.586762614646921 1.43565848995366 2.63386995899945 2.8334921481314 3.10188858529804 2.40303514883285 2.5044164648616 2.67965710424268 3.88545070790521 4.21425994185303 3.05840040894261
4.24823756258018 4.58628236570495 4.8990218012139 4.78854677239278 4.57543660936462 4.44646176118522 4.4487300986008 4.26772982396885 4.14288571749767 4.1020714814667 3.94038867950533 3.72250076277351 4.06203943295498 4.397060482768 4.91143286054609 5.28487320716002 4.83989957561822 4.80750178138112 4.05047891923284 4.32653714206045 4.47259635166793 4.94932431193467 4.6365608895383 4.93019762029451 4.74820765469177 4.24504136584004 3.79010190624088 3.70430444792797 4.00941173767494 3.11990130231207 2.47568798825548 1.42360511503479 0.944429023570593 0.504661122748718 0.626499365145958 1.11502025015247 1.48117639816799 1.57032581602096 1.63770040714095 2.69704704955181 2.92897247314707 1.51988777112434 1.63242350443172 2.8227170746575 4.47888863369659 2.92784371696098
5.16755986136506 5.10745007963317 5.08026192746804 4.8410136131723 4.8515607283163 4.37734930522003 4.55785396438118 4.38992366633767 4.8600327343655 4.66110099770466 4.47289479514682 4.09155009407741 4.01645053847798 4.40665918684558 4.95760573307371 5.12626798205888 4.89781360156231 4.34782709626882 4.13455989399597 4.30735401546367 4.52039048325564 4.62331367662054 4.43339457785543 4.63773785822434 4.80276738173062 4.88375006023893 4.45397522578251 3.68743401444114 2.35571670133359 1.63350869028351 1.54864742793544 1.70819923625606 1.65573847692403 1.14355251347605 1.05199154848577 1.16323660425145 0.990559674638946 0.457455783383917 1.01147442274298 2.62635207094144 3.13328299136225 2.50543722443712 2.51353501348854 3.62089407803532 3.93839583941571 3.01927048702668
