All-in-one-application-example/output_no_constraints/BIMAC_IDW_prior.asc
NCOLS 128 
NROWS 124 
XLLCORNER -63.5 
YLLCORNER -0.5 
CELLSIZE 0.5 
NODATA_value -9999 
[rows 72 to 95 of 124, columns 0 to 53 of 128]
24.4 24.4 24.4 24.4 24.4 24.4 24.4 23.3120040476952 22.9610439934487 22.7553310076845 22.6574651298408 22.6571509055821 22.742930681264 22.8 22.8 22.8 22.8 22.8 22.8 23.3607017003966 24 24 24 23.454163456598 23 23 23 23.1333333333333 23.2666666666667 23.4 23.4 23.4 23.4 23.0357640124056 22.816498174869 22.6344292010103 22.5013211701381 22.420793530305 22.4 22.4 22.3513167019495 22.3414213562373 22.328172904669 22.0611577997491 21.9600813061876 21.8302439185627 21.75 21.2 21.6481912778845 21.8 21.8 21.8 21.8 21.8
24.4 24.4 24.4 24.4 24.4 24.4 24.4 23.6384778989388 23.3101614226209 23.1178830769819 23.0386526346301 23.0505839812633 23.0818398567428 22.8 22.8 22.8 22.8 22.8 23.3275293665245 23.4724706334755 24 24 24 23.5278640450004 23.3827822185373 23 23.0961012293408 23.1549703546891 23.2450296453109 23.3038987706592 23.4 23.4 23.4 23.1266885054768 22.9266774166625 22.742652915598 22.5939534105352 22.4862999196134 22.4207935238736 22.3688209287093 22.3 22.3 22.3 22.3 22.3 22.3 22.3 21.8353431946588 21.82598492525 21.8 21.8 21.8 21.8 21.8
24.4 24.4 24.4 24.4 24.4 24.4 24.4 23.8720731058593 23.6129756297098 23.4822050687738 23.4865151987072 23.595996653606 23.6439206877679 23.5775278541725 22.8 22.8 22.8 22.8 23.4392982996035 24 24 24 24 23.6172177814627 23.4721359549996 23.2679475529761 23.3038644858831 23.3304422749481 23.3583229676377 23.3737034183643 23.4 23.4 23.4 23.1691736795161 22.9903902991184 22.8143151124869 22.6683308440278 22.5504279924293 22.4649939423973 22.3992888456242 22.3417743076666 22.3 22.3 22.3 22.3 22.3 22.0882839504448 22.020215464401 22.0372976907076 22.0847831293914 21.8 21.8 21.8 21.8
24.4 24.4 24.4 24.4 24.4 24.4 24.4 24.0366095700711 23.8665851108742 23.8340648021146 23.9610917614763 24.7 24.7 24.7 24.7 24.7 23.8127361689907 23.7024171068651 24 24 24 24 24 24 23.5939847814917 23.3695048315003 23.4010643118126 23.4214972288343 23.4223138258775 23.5544155877284 23.5401754250991 23.4 23.3324559713021 23.2037386432564 23.0522471758365 22.8981480274668 22.7741051711723 22.6651758558278 22.5784003648299 22.5071825728119 22.4455984607403 22.3874476077586 22.3368790706334 22.2813888981419 22.2371279889619 22.2012024870137 22.1699893107354 22.1874896849549 22.2769497787241 22.7 22.7 22.6091673086804 22.6 22.5908326913196
24.4 24.4 24.4 24.4 24.4 24.4 24.4 24.1521613867361 24.077817252481 24.1466470363775 24.7 24.7 24.7 24.7 24.7 24.7 24.7 24.0203155128745 24 24 24 24 24 24 23.85 23.7 23.7 23.7 23.7 23.7 23.7 23.4789065611641 23.3712204429665 23.2541030297018 23.1274105420912 23.0065089116456 22.9128557646603 22.8291344137158 22.7535933815647 22.6822889006051 22.6075377272752 22.5261673357813 22.4451242158678 22.362873870703 22.3026718487725 22.268184256433 22.2710154299732 22.3460291764003 22.7 22.7 22.6234435562925 22.6171572875254 22.6 22.5828427124746
24.4 24.4 24.4 24.4 24.4 24.4 24.3084613441706 24.2578015770991 24.2598803907639 24.3584474522852 24.7 24.7 24.7 24.7 24.7 24.7 24.7 24.2076991859889 24 24 24 24 24 24 23.8362490369794 23.7 23.7 23.7 23.7 23.7 23.7 23.5211499349083 23.4152486970797 23.3128235132446 23.216975886823 23.140052114391 23.0904498247764 23.043684116771 22.9893322494738 22.9262348706368 22.8409771890738 22.730905803925 22.6121813648469 22.4978752908633 22.4112782211832 22.3645569477081 22.370572041279 22.4523692168193 22.7 22.7 22.638196601125 22.638196601125 22.6 22.561803398875
24.4 24.4 24.3990631613377 24.3899073404744 24.3797120956472 24.3668148449904 24.3578950665688 24.369123719533 24.4176417265426 24.5141249946058 24.7 24.7 24.7 24.7 24.7 24.7 24.7 24.3714122662256 24.1937095254197 24 24 24 24 24 23.7 23.7 23.7 23.7 23.7 23.7 23.7 23.5512307886642 23.4583973907565 23.3792839216194 23.3230715287596 23.3057671077885 23.3274551803048 23.3228615050942 23.2950518271314 23.2503894043383 23.1676019790144 23.0078362608773 22.8333470171067 22.6726265223467 22.5458166714624 22.4686474947806 22.4545810421136 22.5206575386455 22.7 22.7 22.65 22.7 22.6 22.5
24.3992500447412 24.3985695310696 24.3961669741088 24.3880833964909 24.3876578191587 24.3967702020159 24.4259863148234 24.480995464087 24.5648330426212 24.6601329913157 24.7 24.7 24.7 24.7 24.7 24.7 24.7 24.4976063882643 24.3617027107549 24.2514191056957 24.1718905681573 24.1059134011211 24.0410203460192 23.9365102910051 23.7 23.7 23.7 23.7 23.7 23.7 23.7 23.5978609991447 23.5339316252271 23.4870576772941 23.4735126654354 23.5103650050352 23.8 23.8 23.8 23.8 23.8 23.2893276236238 23.0676869507512 22.862284010227 22.6986722288455 22.58795251149 22.5392104845772 22.5773171245813 22.7 22.7 22.638196601125 22.638196601125 22.6 22.561803398875
24.3980993110581 24.397205759766 24.395076775784 24.39124183852 24.4058928252818 24.440514437594 24.5018222503507 24.5939632722512 24.7133476886553 25 24.8598245749009 24.8455844122716 24.8242640687119 24.8070367516976 24.7 24.7 24.7 24.5646404429958 24.4732670047886 24.3960765905724 24.3302871127864 24.2615941237584 24.1810416886065 24.0694455575105 23.9254889887711 23.7 23.7 23.7 23.7 23.7 23.7060672202342 23.6773871465457 23.6445851005688 23.6217316097076 23.6294159193257 23.8 23.8 23.8 23.8 23.8 23.8 23.8 23.2760906137308 23.0510915307783 22.8750131467641 22.7428703282647 22.660836910488 22.6529521352256 22.7 22.7 22.6234435562925 22.6171572875254 22.6 22.5828427124746
24.3972567787352 24.3970415009988 24.3970805493132 24.3997434160913 24.4314488967564 24.4875504717621 24.5725461218622 24.6987859837058 25 25 25 24.8929632483024 24.8757359312881 24.8544155877284 24.8401754250991 24.7 24.6903413044525 24.6328432093329 24.5925763054443 24.5528970857051 24.5128712556372 24.4647231999359 24.3954892672773 24.2732637618288 24.1324016105074 23.9996902309286 23.9075468925209 23.8473438437374 23.8161959602296 23.8131760725155 23.8163897504162 23.8083960115601 23.7911422950807 23.775638188885 23.7659436027713 23.8 23.8 23.8 23.8 23.8 23.8 23.8 23.4167070283355 23.2128307860778 23.0492851004558 22.9161388999722 22.8197790160544 22.7707379416619 22.7360097413434 22.7 22.7 22.6091673086804 22.6 22.5908326913196
24.3975612550255 24.3989255994005 24.4030243156809 24.4135739419109 24.4558766333387 24.5272675874718 24.6263976204065 24.7601749615916 25 25 25 25 25 25 25 24.8101168372078 24.7431165340196 24.7089209423682 24.8 24.8 24.8 24.8 24.8 24.4669969044847 24.321687836668 24.1888213591984 24.085983603575 24.0116191727031 23.9686859763747 23.9681427247388 23.9918423368765 23.994970466119 23.9823525849294 23.9616603094033 23.9188939149879 23.8 23.8 23.8 23.8 23.8 23.8 23.8 23.5022355797012 23.3365907290681 23.2043058212371 23.0939995226233 23.005134786798 22.9370381186448 22.8697281042582 22.8050128077728 22.7457403268607 22.6864293342834 22.6309364330558 22.5786845081483
24.3999617953503 24.4036849642708 24.4123860451806 24.4303872868534 24.4796298312387 24.5588845226983 24.6635628540319 24.7956966102586 25 25 25 25 25 25 25 24.8529136612778 24.7905796543264 24.8 24.8 24.8 24.8 24.8 24.8 24.8 24.4869722791036 24.3657882334478 24.2713302899592 24.1940988025049 24.1419397962921 24.1376210668459 24.3 24.3 24.3 24.3 24.3 23.8 23.8 23.8 23.8 23.8 23.8 23.8 23.5488901322852 23.4283440322304 23.3427230567216 23.2706670876015 23.2075989251278 23.1417316130009 23.0405367658534 22.9360657054417 22.840736033481 22.7564442320436 22.6770738417475 22.6094158401289
24.4047440173853 24.410903988129 24.4238724999236 24.447954029882 24.5002724694905 24.581772047783 24.6864275080148 24.8150417612162 25 25 25 25 25 25 25 24.8803467741179 24.8223231224736 24.8 24.8 24.8 24.8 24.8 24.8 24.8 24.6200693187204 24.5426732602349 24.475077778074 24.4022973112318 24.312951478566 24.3 24.3 24.3 24.3 24.3 24.3 24.05 23.8 23.8 23.8 23.8 23.8 23.8 23.554630954922 23.5 23.5 23.5 23.5 23.5 23.2053829478555 23.0718240667349 22.945141682283 22.8371044281186 22.7392094780785 22.6607017506311
24.3796338366151 24.3675456816406 24.35718120151 24.3535767275944 24.3717335044214 24.4305083324882 24.5241124672569 24.6676652481479 25 25 25 25 25 25 25 24.8939078314154 24.8400554547763 24.8 24.8 24.8 24.8 24.8 24.8 24.8 24.8 24.8 24.8 24.8 24.4583316003708 24.3 24.3 24.3 24.3 24.3 24.3 24.3 23.8 23.8 23.8 23.8 23.8 23.6357792929249 23.5 23.5 23.5 23.5 23.5 23.5 23.5 23.1920772183351 23.043334948797 22.9182870817901 22.8097764253821 22.730500586818
24.2802002319944 24.237197018245 24.1815484787001 24.1234654674634 24.0805052842825 24.0806862578719 24.1407293388556 24.2622292076461 24.4774390526929 25 25 25 25 25 24.9472122551548 24.8989610145507 24.8511853088185 24.8 24.8 24.8 24.8 24.8 24.8 24.8 24.8 24.8 24.8 24.8 24.8 24.3 24.3 24.3 24.3 24.3 24.3 24.3 24.0753122098022 23.9641663152082 23.8244444831552 23.7073453968372 23.5956026363291 23.4972191058572 23.5 23.5 23.5 23.5 23.5 23.5 23.5 23.2725622778899 23.1447503749266 23.0303512986255 22.9215616646889 22.8449086464987
24.1020756271582 24.0121722785484 23.8847092136938 23.7353072282426 23.5998087344991 23.5183699987588 23.5276095867246 23.615119370619 23.8088708798775 24.0956161048479 24.3616651835291 24.576738449155 24.7411756667849 24.8555015474582 24.9012807483043 24.8849432056021 24.8521797452057 24.8 24.8 24.8 24.8 24.8 24.8 24.8 24.8 24.8 24.8 24.8 24.8 24.3 24.3 24.3 24.3 24.3 24.3 24.3 24.1365416727438 24.0061651214199 23.7988409332101 23.6061336616146 23.4251379534473 23.3064474962022 23.5 23.5 23.5 23.5 23.5 23.5 23.5 23.3176744991386 23.2298751660805 23.1430800748846 23.0504437466042 22.9702041701982
23.8337416068139 23.6812205073056 23.4517550762971 23.1531350716315 22.8378780779884 22.6829108017058 22.6557890462571 22.7126261847609 22.9002918748178 23.3092859432913 23.7425824169085 24.1218365993006 24.4309040748811 24.6658344073928 24.8079407332932 24.841367542042 24.8408180110859 24.8248774560693 24.8 24.8 24.8 24.8 24.8 24.8 24.8 24.8 24.8 24.8 24.8 24.3 24.3 24.3 24.3 24.3 24.3 24.3 24.1663961017727 24.0241768513441 23.7685703472228 23.5008237291187 23.2170044875 23.0057126368583 23.5 23.5 23.5 23.5 23.5 23.5 23.5 23.369569539118 23.3339213891367 23.2771849150067 23.202633556244 23.103353863602
23.4756943677938 23.2528588755824 22.894075399689 22.4180431722951 21.1 21.1 21.1 21.1 21.1 22.5200477741463 23.1019997914914 23.6313042937449 24.0665696915785 24.4117723877581 24.6611518030534 24.757544415799 24.7994626287168 24.8121512069683 24.8106665993561 24.8062285679956 24.8028845519642 24.8008811793315 24.8 24.8 24.8 24.8 24.8 24.8 24.8 24.5389635935507 24.3 24.3 24.3 24.3 24.3 24.251696387298 24.1948974921438 24.0504810246247 23.7670103528233 23.4242721377147 22.9523878595029 22.4037321028374 23.5 23.5 23.6531128874149 23.6549703546891 23.6708203932499 23.6888543819998 23.7 23.4412940871621 23.4610440545709 23.4448310650202 23.3971956738743 23.2806841471071
23.0716557756356 22.8059500403815 22.3393391505366 21.1 21.1 21.1 21.1 21.1 21.1 21.1 22.5478417370543 23.1819705040908 23.7039926206192 24.1376948357567 24.4728762950537 24.6367489350463 24.7277504141845 24.7742600502469 24.7942783244883 24.8003672827597 24.8012878781723 24.8007024902033 24.8 24.8 24.8 24.8 24.8 24.8 24.8 24.5988173012946 24.4778382787037 24.399490568076 24.3504162869943 24.3199681913442 24.3016452373067 24.2787540989093 24.250892030863 24.1396651624932 23.883974395303 23.5137468160953 22.8571898680517 21.539188290693 13.2 19.8875244714511 20.2183088170906 20.6933519562155 21.070629309807 23.7468871125851 23.9 23.85 23.8 23.8 23.8 23.8
22.6983511051581 22.4266688923455 21.9809972455833 21.1 21.1 21.1 21.1 21.1 21.1 21.1 22.1724345325276 22.804928731424 23.3689840352601 23.863900856457 24.2576199556304 24.4855918181743 24.6286382723778 24.7139253796286 24.7604734496918 24.7830476120618 24.7932456177507 24.7974355846781 24.7991344862504 24.8 24.8 24.8 24.8 24.8 24.7002222117435 24.6086483312576 24.5172494514877 24.4412264178815 24.3867843479789 24.3513692709221 24.3343330335363 24.3304333134262 24.3442548654726 24.6 24.6 24.6 24.6 18.9 18.1675682014394 19.643650813896 19.8782809329041 20.7750096111838 21.6824492708945 20.8854992004143 23.8617217781463 23.8472135955 23.8 23.8 23.8 23.8
22.3734034547311 22.1279272413722 21.7461440544437 21.1 21.1 21.1 21.1 21.1 21.1 21.1 21.9425902354568 22.5315672067584 23.094912473026 23.6113837917881 24.037796019098 24.3176769069415 24.5088173682994 24.6336135869937 24.709910333123 24.7529517622431 24.7763828828676 24.7885319200065 24.7945679167348 24.7975211727497 24.797960324588 24.7903502008929 24.773601485774 24.7427080420571 24.6880650431433 24.6177257579183 24.5429394056807 24.4734929430069 24.4210137940303 24.3893389561245 24.381769713873 24.4073868439284 24.6 24.6 24.6 24.6 24.6 20.7644898483825 19.838374010611 18.9944804209181 18.7 20.5125212942466 23.9 21.8811296894048 23.8612574113277 23.8427050983125 23.8 23.8 23.8 23.8
22.1069604875135 21.9024368033076 21.588938136608 21.1 21.1 21.1 21.1 21.1 21.1 21.1 21.8037423835615 22.3441623644668 22.8821397687225 23.392123716808 23.8271433985156 24.1439094192607 24.3752693710592 24.5368994559964 24.6436625110578 24.7099617153809 24.7498330094518 24.7728019535026 24.785301025683 24.7912699173588 24.7916379561572 24.783303468906 24.7641097104789 24.7320221272116 24.6852025366447 24.6266450381181 24.5629586177788 24.5013228475752 24.4542765697112 24.4287192104072 24.4289589845868 24.4640085281676 24.6 24.6 24.6 24.6 24.6 21.1064631828278 20.0531159620631 18.8213856178698 13.2 19.643650813896 21.290285352134 21.4108646298012 23.8572949016875 23.8387425886723 23.8 23.8 23.8 23.8
21.9113387640186 21.7562459722266 21.5125877344393 21.1 21.1 21.1 21.1 21.1 21.1 21.1 21.7642852211269 22.2481703618888 22.7383577534907 23.2156300008185 23.6378558767346 23.9751592722195 24.2361583550508 24.4290294570722 24.5644577684031 24.6547755418528 24.7130356907561 24.749075709796 24.7700546313202 24.7806374867478 24.7824688706339 24.7746317445757 24.7562292687476 24.7262915670937 24.6848940025156 24.6343755020267 24.5793804583614 24.5259752757079 24.485665681924 24.465675612002 24.4701204759641 24.5042530831945 24.6 24.6 24.6 24.6 24.6 21.435026978573 20.5796592590401 20.3896981983523 24.5 20.6664778952654 20.8008130618756 20.9972733859298 23.8527864045 23.8382782218537 23.8 23.8 23.8 23.8
21.7805222078465 21.6716139371242 21.5114024757411 21.3277565743838 21.1 21.1 21.1 21.1 21.1 21.4340460633387 21.7837988065546 22.1936731114244 22.629338498001 23.0648571646714 23.4725768937219 23.8175792525328 24.0978837688095 24.3152374326847 24.4759046128114 24.5893235015156 24.6666313096242 24.7171740826221 24.7482970399452 24.7651563463661 24.7701950595239 24.7644192328542 24.7479480781653 24.7208534321611 24.6840347471235 24.6398116911312 24.5921380246016 24.5464734311851 24.5126832645122 24.4971226331016 24.5029900314196 24.5334600495854 24.6 24.6 24.6 24.6 24.6 21.5317447164463 20.951612212488 20.1220874800324 21.2274820728656 20.9344925973516 20.8008975115842 20.8467001542426 23.85 23.8 23.8 23.8 23.8 23.8
