All-in-one-application-example/output_no_constraints/BIMAC_interpolation.asc
NCOLS 128 
NROWS 124 
XLLCORNER -63.5 
YLLCORNER -0.5 
CELLSIZE 0.5 
NODATA_value -9999 
[rows 60 to 79 of 124, columns 0 to 45 of 128]
18.4668673087625 18.3082388887239 18.7093175080006 19.8210583626944 19.8999967504451 20.4061527044659 20.2171002801648 20.1924234908881 21.2571860891584 22.7962121300447 23.0180232194688 22.9397805540132 22.6920470675533 22.8395247636718 23.4503634185814 23.255060763345 21.673988331373 19.9514501587518 19.6013668657874 19.4116552100408 19.437915513608 19.5542893974707 18.4052337171193 18.0781642730696 19.0546551936693 20.6142052903289 20.5669301489179 20.2636490964676 19.8370830641827 19.3909210425853 18.9756298653541 18.5464292004499 18.2510187062787 18.3557271198232 18.6809079265627 19.0037382672804 19.5350341360456 19.4319134285652 19.813840195353 19.3626404404359 19.4566221385338 19.9704238573098 20.5428706717202 20.1530084966429 20.2668977646014 19.504609924776
19.059815869435 18.991876477079 19.3547160769711 19.7619056437056 20.4765351363496 20.284138347138 20.6070360442869 20.7441774941091 22.130027041565 22.6951098533127 22.7751362110083 22.0782165687022 21.2793010001755 21.7245106637453 21.8689716390867 22.285976592248 20.9337202926085 19.7030091021614 19.4504452026293 20.1809917167721 20.4353482495065 20.3278801571253 18.8082805407392 18.7375599364005 19.2913540691431 20.3209418786971 19.9929725218362 19.402723012165 19.0728925089647 19.3595553036612 19.3610212711495 18.996707389456 19.363923340379 18.6891936326478 18.6178253252672 19.3248345087482 19.856828468999 20.1254900752849 20.4200853169827 20.99437002558 21.0109128077135 20.8616985927732 20.6573187001029 20.6367212645578 19.6910161512929 18.9848493763508
20.1997458813563 19.9053148267283 20.0477921865415 20.8808117561349 20.8910021868749 20.6745817601846 20.437207683065 20.5526718778626 21.0756264014902 21.2162263995864 21.8823749915677 21.4078147830357 21.800052358833 20.864128852622 21.0127506511315 20.3834421759551 19.7184045192118 19.1952375436822 19.8573880224613 20.5857343184707 21.154826536843 20.5646121793929 20.2522840292736 19.3036277164618 19.5433972090274 19.9533632738718 19.8027159480829 18.9556678543476 19.2083607472405 19.2405368677891 19.1907022939654 19.1996236569822 18.7037911016457 18.5730753606264 18.5796315648733 19.2264406867538 19.7902920394575 20.3511310209794 20.870863419411 21.1340555611753 21.0204990550036 20.6072767383151 20.9799102611984 20.8253608812656 20.2933721122804 19.2459141184264
20.2176339758819 20.1665610037493 19.9658911145681 20.8665572725034 20.890419512292 20.2799524552003 20.4341754948026 20.1164664572819 20.6289208750999 20.3314785963626 20.5159797226325 21.142297348022 21.2774395338201 20.6588257828875 19.5052807419391 19.6152542790901 19.1551189199173 19.466359943794 20.4301977917635 21.396093665336 21.2998674914343 21.300917909161 20.6782062300139 19.933548512713 19.4195160674734 20.0491489126083 20.0479907356366 20.2303115561966 19.7203815929024 19.5262805328948 18.7633496401931 18.3999173289827 17.6201653027651 18.1378317402733 18.7858841464521 19.2512340878409 19.9992796353679 20.5191103046972 20.6763225151073 20.4208003969853 20.3757150631571 20.3355041756726 21.100926622386 21.181896274799 21.0909725173511 20.9649587191436
20.1160739620926 19.8543838757634 20.1881326226156 20.8277291823665 20.6381350123839 19.979108643066 19.5412701758954 20.0525384368632 20.0328569259906 19.7602025448221 20.6161106062874 20.913948769494 21.479136963651 20.6555950142163 19.9735460091106 19.674061965726 19.7163332110144 19.8147258230073 20.385194845565 20.8759519835183 21.3399669234556 21.2367725568476 20.8834355152445 20.1448201876476 20.4695178795257 20.5111120887544 20.6373406775553 20.1588883817174 19.9629401716902 19.1942451401827 18.9034665692455 18.0040224434731 18.2472566367862 18.8997067017649 19.6973187715173 20.193749476461 20.5036206434523 20.6329474090338 20.6877306107306 20.5708289998716 20.4417914020881 21.1167895728818 21.0914559652207 21.4309671471493 22.1166268134387 22.1477649640372
20.2562141429089 20.3328920501273 20.3587720183102 20.6566411761025 20.2029521354533 19.940020787882 20.0912275899237 20.210843991515 20.8112612347058 20.4471882295799 20.4904924138498 20.7972844745975 20.6268235049383 20.3780983797379 20.0839676862896 19.7144523660445 20.1691586230338 20.1450556970802 20.129276160954 20.6765494489062 21.1229755534743 21.0924111182891 20.6764675593021 20.6118789673227 20.9579616586052 20.8147350644793 20.3164788288532 19.9191280688148 19.0861274193263 19.145287932655 18.3728892170286 18.928011777013 18.7595587290689 19.812677647024 20.4565964871095 20.4758761847158 20.5479024040761 20.6123993159973 21.1699630020998 20.9358383816971 20.8724553164132 20.7983247851602 21.0430295957129 21.2641480509183 21.4427437565894 22.2015659211459
19.7075280681279 19.5296213960366 19.6843891781005 19.892565980335 20.4586453299538 20.9272900091693 20.6505945102708 20.6256737958942 20.3607106170488 20.6560210563697 20.2661994094172 20.5129633674033 20.8596284258796 20.4519466377808 19.9389627765962 20.0948314017477 20.1094086915085 20.2990275269633 20.4611811463428 20.2982090206631 20.3028093938089 20.0649619305851 20.2745315419602 20.8437707989991 20.7308795056744 20.4020823003563 20.5868887669318 19.680082291807 19.4552472268636 18.679777813071 18.8753742636325 18.3949787383426 18.790016212051 19.7399267177164 20.1397236535331 20.5509569124941 20.7174953240307 20.9884758347563 21.1508311299568 20.849056985696 20.221883278903 20.0209015612344 20.5930748763749 20.3117290764872 20.886121953416 20.9827322112137
18.7136705926796 18.8683382022414 18.7500619994961 19.9440387263643 20.5425849478271 20.7664070568845 21.2221518490664 20.4742288365541 20.5028269246695 20.5400807552832 20.4027009567006 20.6399794023869 20.7431945557901 20.616727812488 20.5063458005631 20.67144569989 20.7430164039147 20.6568330303855 21.122134359241 20.904835184923 19.6300184438937 19.6639105488505 20.0308503765039 20.1222338685854 20.5684353305897 20.6052198773692 20.6374683889118 20.5308772553444 19.5404339926635 19.5360579572376 18.5732881891889 18.4418215724368 18.6029880540559 18.7811111949727 19.4696967138259 20.0877000833619 20.8441079022339 20.7390818189259 20.379243832332 19.647823327934 19.4030129446954 19.6834506945357 19.5731388767563 19.8523032143603 19.9713305093324 20.4169721892365
18.2995610866686 18.1047376067532 18.9562930528754 19.6395625564951 20.303882106949 20.8528579306804 20.6143236297105 20.5089310790864 20.1290456987468 20.2264071080909 20.5598503895282 20.5208701487632 20.5843671180294 20.6535355368808 20.4631754254056 20.4279280873775 20.5148266151084 21.3643855472868 21.8520073910144 21.6971954791334 21.0319970157385 19.984256934857 19.5660042484499 20.0188284226945 20.0968335367278 20.364259524187 21.0366575513024 20.7647694948544 20.4384295797486 19.8660903223767 19.7620122542202 19.5521442814642 19.2767609895732 19.3020151869398 19.1370857718515 20.1086642832774 20.5504851031829 20.5518406063189 20.218124548685 19.6431548838348 19.7904121383204 19.5598680898659 19.4157059840011 19.4009218946389 20.2417639190977 20.4961834703088
19.2438253085125 19.3294946251103 19.2592068891714 19.9933614785886 20.008458182303 20.1676110290636 20.6853780966633 20.5439453458221 20.4660377537542 20.4093295176511 20.1613144712801 20.4226241812727 20.7783543553433 21.2179680595287 20.6935636622152 20.1054902154858 20.4838518577338 20.7704618312381 21.2877488796634 21.949206821969 21.1423334771637 19.9276341098981 19.8043544956066 20.1303229822371 20.5289913241771 20.6071062504762 21.0210275625645 21.405266009371 20.9037738148994 20.6095747491236 20.4824768944547 20.6635807435811 20.7972721774336 19.8191067535997 19.7176004112482 19.3940474506529 20.397060532254 20.6082445729958 20.5601594938514 20.8509395519381 20.7703311868212 20.2825537248694 20.003281928911 20.1562795707466 20.897418681974 20.8381625924069
20.9092292533347 20.8014277172552 20.5741338511771 20.6261836075563 20.9049230193484 20.3240548599642 20.7293165925187 21.1243359474186 21.3737269924228 20.6542744311092 20.3782877062344 20.7073787173262 21.3598729489031 21.0265136772877 20.234896178017 20.734231586824 20.2458213327611 20.6818421598102 20.9376847158267 21.7830955998644 20.7875651081272 20.2008293164735 20.0994376174236 20.963287983553 20.7181068001059 20.5592921068487 21.0413227418423 21.8292160226468 21.9865238222159 21.1221317548693 20.5358951287065 20.693101847019 21.1175503633309 20.9689739703867 20.3968115600012 20.3412202261589 20.7257278385943 20.9542817175955 21.0106816362022 21.2484910626029 21.4562147534406 20.8056372909515 20.8640229299136 21.0166697908446 21.1541476416323 21.0999676308266
22.4799399086525 22.1546067403347 21.9547802840105 21.9097918044223 21.6617103697958 21.7686027631274 20.774208688019 21.5891455263727 21.8012548011011 21.2445590099968 20.8628095663358 21.2992602268039 21.0363099544136 20.9917895381952 20.8584426645374 21.2348530092853 20.9393143484256 20.8524911469925 21.0613885327375 21.1140402618999 20.7016455585442 20.1659934191112 21.0649785363358 21.7838562924153 21.5895325911068 21.5279503950944 21.1236969574925 21.5821838493486 21.5478394331944 20.9342696286524 20.7296476676984 20.5727066154541 21.1028849261807 21.3341821732702 21.4639920023318 21.2147456314535 20.8549439949897 20.7892283258892 20.8779737701289 20.5559385817042 20.8189444695863 21.2134649755362 21.4815573256858 21.016593355346 20.6288097911669 20.5650822932524
22.7792861664312 22.7300536242565 22.2288079599837 22.0639092223256 22.4437679151391 21.8090194840247 21.8144761697361 21.2119095401692 21.8390207158831 21.4579572595656 21.1264005863098 20.7629717130267 20.8667612028185 20.6404097363776 20.9601914744538 20.4965715972749 20.3449101600962 20.9980189943654 22.0225009696041 22.1072299236883 20.8809889844778 21.2239999644983 21.2634281173861 21.9017655204443 21.5248130279516 21.0923952188969 20.7202927384152 20.6157619596004 20.6024784456153 21.2221244190631 20.9985052046377 21.1943077081488 21.2725783250372 21.428971645546 21.9324558410611 22.2191472887348 21.322932608888 20.8109993859864 20.962501214538 20.2692621543394 19.9922855802642 21.138840134739 21.7751254169105 20.8315361293764 20.1466620225207 20.4110748641918
22.7336340597574 22.5157483047266 22.3021255702522 21.9196385072101 21.9223298768827 21.7882668742321 21.2258838295855 21.5697713508237 21.410286039554 21.3470694810098 21.2826882251373 20.960452162967 20.5889321945926 20.7817667816741 20.7040343359817 20.8103031526287 19.3392354816885 21.0489360557952 21.8037541193598 22.1102335202768 21.5080880397126 21.55051849805 21.4173066921801 21.8144292807014 21.3886772964391 21.3625353336166 20.5115560083039 20.3891663472875 20.3083792007016 20.3332261496408 20.9901544320822 21.2527734981496 20.8994000166845 21.3240641853891 21.3442711458786 21.9085370723464 21.4738217723542 21.2723919554365 20.6270778513194 20.1585935660053 19.7790129867863 20.1660723110905 20.6353381533668 20.2256274304116 19.647047084092 19.8318005798798
22.3201689416446 21.9835178420638 22.0361763740794 22.1361171057105 21.6731892897358 21.437578164773 21.5219139294845 21.4239601178083 21.2699225709669 21.0055689342856 21.5285035386148 21.9379279267593 21.1079404103429 20.7719535206759 21.4939659009278 20.8414171861207 20.7822972075916 20.5030414383887 21.4692757661211 21.4401241643697 21.870089503078 22.3900802134947 22.3848724074853 21.9173282363259 21.3188592477551 21.3741140625692 21.0387744326847 21.3219519434064 20.8250436470309 21.0714867732121 21.1088599655152 21.325211571388 21.3708325577288 21.3174602322757 21.402113838546 21.1064572204985 20.7003254427921 20.9231123795028 20.8840900139772 20.1383789923381 19.8413333551217 19.644219268305 19.2976960146176 20.1768557117436 19.8701016629314 20.1302958408068
22.0392830424289 21.8646358195736 22.0378749640573 21.9631423187692 22.2778111996091 21.6629971910438 21.4729067667052 21.6059163541945 21.0402398567505 20.6648137945956 21.8956097163037 22.2285029154779 21.4669302044358 21.3396998561479 21.3203986940438 21.8848931514549 21.2122030828 21.7036722069336 20.8499934705025 21.0572058353749 21.3809576195925 22.4432883717561 22.4910558478147 21.9851649186616 21.1398634868027 21.3343633205817 21.519152837529 21.3618057822676 20.9733093808617 20.9962737817867 21.2565185699678 21.7508470430665 21.8139886673729 22.3802520662167 22.1742372150926 21.1621225712601 20.2278185408409 20.6368423651006 20.6667594223844 20.1218217509852 19.6083735264016 19.0417305060857 18.8780940316933 18.6454414607177 19.5123338779032 20.2362290027517
21.7520030275318 21.369176255952 21.6503472207766 22.0287718676347 22.2003393625887 21.4848584312427 20.9395579899167 20.6760172807195 20.235798583382 20.9395709406232 21.4302688232638 22.6692803260436 22.5025087367024 22.3975785193439 22.3472818985127 22.0359400919827 21.9465599192158 22.0277102269126 22.162278905853 21.5557904152513 21.4300390501347 21.8253210632772 21.8803859187891 21.4591195442848 20.8500147459312 21.053133712213 21.2958851101597 21.2287933967058 20.7399782478514 20.5145232195735 21.3402038424429 22.0809346862183 22.1093231989202 21.8867716333405 21.8833176557686 21.1651935833758 20.5310788076458 20.4825635718246 20.2175693607884 20.167338514702 20.1790954676729 20.3708185857381 19.1383815489435 19.2872589004879 20.2606580808216 20.8827030719969
21.4347160337814 21.4088917954934 21.5512525379823 21.6202217519939 22.6355389973251 21.8012760740111 21.0888057770701 20.1940131679033 20.4644268378009 20.6062437959816 21.8522569969457 21.8645725232029 22.1401722917605 22.7948536433693 22.7284708512745 22.1800370432522 22.0508697478868 22.1999139770012 22.560648270081 22.001043576911 21.3781181311195 20.8422081044592 21.3075903994564 21.1670137040702 21.2511780263487 21.1522776631758 21.3564005187685 21.6513204625301 20.8662223652848 20.9551505643754 21.339721963355 21.7698942082537 21.1492694052683 21.1414404489804 20.9307165468745 21.5219762556985 20.9696551124946 20.5796101698355 19.9365077143439 19.9140168367538 20.4028427889897 20.390562489098 19.9712963944661 19.6536658063839 20.939863902126 21.4838643103995
21.2725107087706 21.1460086563533 20.9307404384317 21.3304060516564 22.1717636611125 22.1116895886687 21.5052058375478 20.7776097219405 20.4739575760171 21.3748728241044 21.871132840943 21.9332795067404 22.2838278376768 23.2693549392919 23.2631827431807 22.4654714604649 22.0117643060157 22.47245913928 22.745640429181 22.2983651732705 21.3784423059408 21.0376125024194 21.871975418373 22.3411785944198 22.0476326754724 21.6820919142035 22.0998506926094 21.8728191845362 22.0328917758248 21.9017328662398 22.147043050311 21.6420552696698 21.1683834287323 20.9424439047955 21.1353986845158 21.1760305238284 21.0489174301122 21.4017859834965 20.9455817237359 20.7136439944882 20.5585622361023 20.8204107522746 19.9250538538717 20.5752502996208 21.7769440765704 21.7527939556471
22.1775134669486 21.7116939097736 21.8289318876565 21.2358728618719 21.1868254397363 21.0513844081729 21.9228361044415 21.6883667126545 21.8086958239451 21.5583320276506 21.8057653595228 21.2876973199284 21.5530907113802 21.9787516674577 23.0067530978535 22.1320215246919 22.1712628730936 22.2356853349259 23.3895151733262 22.2976309584198 21.8290498273879 21.3750696645859 22.4732644756785 22.4510128094106 22.0038934670071 21.4852508370326 21.8019258090646 22.2692936062531 22.1601034656824 22.3885892932827 22.3476458152238 22.1989523436659 21.853026524083 21.9171915559031 21.0859683479086 21.6123121601173 21.9175369335776 21.9916370410849 21.6749194985092 21.4065298416484 21.0216074934583 20.7269820746059 20.2759460687632 20.5663402168925 21.186907034128 20.9729975998222
