All-in-one-application-example/output_no_constraints/BIMAC_interpolation.asc
NCOLS 128 
NROWS 124 
XLLCORNER -63.5 
YLLCORNER -0.5 
CELLSIZE 0.5 
NODATA_value -9999 
[rows 100 to 119 of 124, columns 46 to 91 of 128]
21.5137963149582 21.7297911316447 21.4964768954873 22.1386512833674 22.451386329444 22.6470063303037 22.0061322176382 21.7030416703054 22.2028710459979 22.5064782650362 21.7543443202578 20.6600473801148 20.8689192748759 20.7378046151929 20.7996801311319 21.5731339562187 21.6759173534905 22.0525147122147 21.6197827618817 20.8849645030291 20.7359767484194 20.8667233908938 21.4526956996591 21.849944391433 22.0359399286281 21.7859421082299 21.0818433570526 20.49922079641 20.8252731524383 21.6252433086051 21.2806478372303 20.6604740105809 21.1422230925196 21.2141492912654 21.4616797546988 21.1806379271274 20.8433583065437 19.6641545954048 20.1706128184896 20.4374199505989 20.6087247550148 20.1965062879577 19.7814613646815 20.0498257715198 20.34087183266 20.0136103489567
22.0317171538201 22.0282837136707 21.7904616329 22.7729064571488 22.6703777866218 22.6467830942404 22.1656629749065 22.277834581849 22.6962698721162 23.2004315640315 22.6780614605312 21.9226837464645 21.3462593994994 21.3650295087641 21.304334477249 21.5155827780104 21.8051322192077 21.2179844267717 20.7795540241138 20.9055386407261 20.8550508236337 21.0244058006115 21.2287466027967 21.372007538217 21.8013972904785 21.5580105799741 21.3526110118099 20.7702893846924 21.1714209809214 21.6535592482111 21.72681378864 21.0017133844466 20.8397789415572 21.3023668671877 21.3235320635871 21.4366130219109 21.2502712451903 20.8368267980491 19.8582293936585 20.2463862156701 20.0583917473402 20.0435112602266 19.7253050749063 20.1390790452866 20.3005549266686 20.4882353105802
21.1754386346317 21.4025832993116 21.757842308144 22.6882660232077 22.7102048527717 22.8203601036727 22.3000958724201 22.5213006939668 22.1525515680868 22.7975449534173 22.7777540370393 22.1832146721479 21.577053108279 21.0031482046699 21.2911180071481 21.8444702336695 21.5818579201165 21.5304179955983 21.3738249851154 20.7143067617484 21.155838765262 21.0597344966058 21.4675642937657 21.2943639147988 21.7312732025118 22.1997671890985 21.765861325629 21.405601549618 21.5433953217833 21.8833066312158 21.7893103354213 21.3108086668273 21.3470335724067 21.0723914942116 21.5681833159839 21.475194195267 22.0247818695758 21.4987524659678 21.0403265902764 20.403003401718 20.5371634297196 20.0055401994447 19.5347139130637 19.689443593155 20.0561104358804 20.5129075735535
20.9499479250145 20.5833550254795 21.2469932797224 22.3749421650162 22.8307052981719 22.8071695671091 22.4233100476258 21.5319148675446 22.1324715350609 22.166772549741 22.2495909243359 21.9584899375287 21.6189010693079 21.3723648772984 21.3852234533718 21.5093590881795 21.4576092585606 21.5812178187204 20.9808603789733 20.6017137694949 20.2886909505129 21.4897063026255 22.1083714965395 21.6368568880077 22.1146363770272 22.1197628663505 21.9142481495535 21.2551879701145 21.7872741786669 21.6398215935545 21.775336089815 21.5227581953814 21.4972548864371 21.4334443297131 21.5427686612927 21.6123871048511 22.0995076361213 21.7908711662793 21.2263409063769 20.9028314547871 21.0941455438959 20.6915152499299 20.0672826199761 20.5525439273299 20.8422116610367 20.4788084721551
21.3181528004062 20.8432430843632 21.1354769115491 22.591455738339 22.8299325631905 22.6153273709058 21.3849108261314 21.8149490742928 22.1295574360471 22.5181181191962 22.5194462806361 21.9723370822898 22.0675370003683 21.5950366477536 21.2522997827993 21.4335882868054 21.9201665487917 22.2801808507086 22.1088111703957 21.5955315304478 21.2059582370439 21.2823144415985 21.7662794943596 22.0787209006873 21.5998045416721 21.8513030035716 22.0488665739191 22.1940109295293 22.1046161686831 21.9508569703124 21.7355753102883 21.3672348898483 21.4353177898418 21.3564055841498 21.88583657471 22.0652599456458 22.1152385041974 21.712614715567 21.6699807247439 21.5897868105988 21.4259589479083 21.2558567482259 20.7765395420959 21.1152351417239 20.6298811191468 20.5777098738852
22.3808944780813 22.3154566886005 21.8034182683419 22.3456015588605 22.3772681191837 21.6761412805505 21.4357426576482 21.5482244948408 22.322051153443 22.8769136771159 23.3038793493409 23.2098474812822 22.8831465285603 22.4325793861925 21.8166041941801 21.7817104164983 22.0363086128771 22.2569492089675 22.4933026616346 22.5597856059052 21.667025824649 21.5241361026692 21.7008031685465 21.8173013858811 21.566362567774 21.5454453431971 22.4468935091605 22.6922377849914 22.64202578838 22.215661374724 21.6407683069503 21.4474458538059 21.3745449695084 21.4350966464678 21.7389389963637 22.2078512012741 22.0766865013674 21.1617506985355 21.4395679803482 21.4689353298428 21.8829979322936 22.2557533413178 22.3203805305512 21.8967232038423 21.4605663692813 20.8514160335995
23.0955742031445 23.2464374415932 22.775418506478 22.5098960607258 21.8696555702847 22.2723767771301 21.8121785531052 22.098737622274 22.4405252813092 23.1152116104866 23.7920988965535 23.686058347784 23.0243207443345 22.0224591443772 21.8823616959949 22.1849839525984 22.7366142528665 22.9509774749676 22.6799552741517 22.4555774559551 21.7327713356291 22.0995535016486 22.4470587504869 22.2753333709687 21.7143684902932 22.2451852245076 22.580595370814 22.7877560336244 22.5905204447309 22.7654138671854 22.4385343777613 21.5891507949558 21.5616736728689 22.1526917835658 22.4631192107278 22.4466483469834 22.3816353361121 21.8659210125586 21.2430649030432 22.0825302540542 22.3110732589333 22.3327717674433 22.1197291789077 22.2135769790246 21.6742980615881 21.4312286030863
23.56592417061 23.8026663656734 23.1863088669059 22.8537158389125 22.6535392490036 22.6722431337962 22.458014330879 22.5474547150993 22.4263046032661 23.2668519147767 23.6462900200121 23.4057769771123 22.662946885147 21.9190002833331 22.2434149396508 22.8074736844799 23.001235783463 23.0412417188714 22.1378166789268 21.3809240271516 21.5760454986959 22.8817062345597 22.6883132388374 22.4815434732882 22.012483001589 22.1007873567393 22.8011158532455 22.5591963394929 22.3751187304937 22.7757856515896 22.6406991222478 22.2653302927827 21.6821354374212 22.4237714818109 23.1743180428223 23.0509238094205 22.8888923681026 22.4075982378626 21.9233313551329 21.5003226907888 21.8203142687208 21.864736692661 21.7457547457772 22.1988216706125 22.2561700938807 22.2543590634937
23.2982295106275 23.9221557922084 23.4726588222954 23.3354986174752 22.5594922363455 22.6871266945476 22.5160173549918 22.6164348733749 22.2789729014663 22.6181574145907 22.556917062183 22.3999378357421 21.9389329213475 22.5491114210251 22.6111146810485 23.1165366584098 23.569344713372 23.5488147131421 22.37339249916 22.224246858065 22.4995257693766 23.2555755192687 23.1244248503305 22.4530350129403 21.3539290918815 22.1798531568097 22.7470637207877 23.2400153935369 22.5219139476469 22.5524223959085 22.6078843300011 22.0783621788395 21.9988820463439 22.189008220035 22.7184556823461 23.5774227294771 23.2715504193872 22.4531995205157 21.9322637214296 21.8024004437264 20.9759639225744 21.1692165083989 20.6270429808352 21.3082588182843 22.558430383283 22.9576415129219
22.9150999571733 23.1437719139472 23.2259792325221 23.1691755085126 22.6795019826909 22.729711327922 22.9127475495938 22.8284004849647 22.2807434667405 22.1520578265655 21.5946594999488 20.5346984290923 21.5755421265221 22.4262139526239 23.1837591322377 23.2155674997812 23.3760591570095 23.4732301126284 23.4062226408359 23.2353957802238 23.4285300300374 23.79364448527 23.1120343901094 21.9592823370388 21.5766195538434 22.0413063733351 23.1626391709529 23.2836941236353 22.7565456827356 22.6287301901446 22.4488155702957 22.5533615229941 22.1063585075697 21.4518515914738 22.3142984597862 23.1608831782713 23.1896946582355 22.2984943873994 21.544717587208 21.2418817273183 20.9169641478258 20.0794592838028 20.4057403693704 21.0778829749027 21.926767742919 22.7908237251046
22.9168098326964 23.0787199246104 23.0590325689287 22.7549393387614 22.6190470421973 22.8044577533727 22.757671786144 22.931959771456 22.3501394205447 22.022997791786 21.381865832483 20.7129012619818 20.740640286226 22.1332467874453 23.1303521712822 23.3920126038217 23.5868877547385 23.6228953256085 22.7994086968808 23.1962062077351 23.4128558201788 24.0134336564388 23.2226226468986 22.6381961623197 22.3334525080416 22.6196930096015 22.6668871913248 22.9742217973718 22.5829309515629 22.6259860130515 23.3637658767058 23.3826356422095 22.4775619159348 22.203863071538 22.5928802535974 23.1728290924367 22.7773019410308 22.3269502127312 21.9206549341708 21.5705737488703 20.4357107691791 20.6744077775069 20.5307094833702 20.8386526415371 21.6140817108684 23.2114059168912
23.1848058287171 23.12016668631 23.0447494885969 22.8065926989347 22.5565394660417 22.5579497663818 22.9570806714639 22.9377890013972 22.5652524756855 22.2690762747029 22.4687594163977 22.0031307106904 22.1540232101195 22.0926072266273 22.4176793074292 23.1998612675429 23.4000779743469 23.4416853081027 22.5249900766932 22.392658271347 23.3708391892676 23.6422993492254 23.1848326232845 22.9804802502191 23.3116403791515 23.0968652736815 22.9490726179978 22.5868285380805 22.7738165174888 23.0140929750838 23.5067750205162 23.4645107203529 23.3614173624729 22.5478394991288 22.8378349647863 22.9229730102161 22.8090299120588 22.0602336459588 22.2749166404392 21.3547410129161 21.1633979512576 21.5808249156929 21.7557376494434 21.3352279385548 22.0582108623565 22.95570211427
23.3695809164404 23.0920506805091 23.2027739565154 22.8473888713812 22.2068155351068 22.7229980549275 22.8173516912743 22.6349067376764 22.7110893240643 22.7147823222886 22.8923701053845 22.7848420788791 23.1541018211895 22.882100304308 23.044071907647 22.7958420809547 23.6837158176278 23.4289111694488 22.9750361301488 22.2239108505567 23.0374092578744 23.389855835413 23.1657421794603 23.2396089228279 23.4851442852373 23.5732866271632 22.835604383639 22.8438677184405 23.0377719500832 23.3134987244384 23.702315420478 24.0554124158831 23.796553235242 23.2030841978745 23.2176229088745 23.3080227773407 22.7930173686769 22.5219512709534 22.0639128454205 21.7339096106465 21.7042907768356 21.7917895640915 23.0388632930663 23.2751834825836 23.0977148231961 23.4062297286594
22.9915702997764 22.7712590451486 22.505815485345 22.6608455618259 23.0285674761657 22.9768405061496 22.9145572783933 22.691142579082 22.9250130921797 22.8595129552231 22.7312986655646 22.4570594476139 22.9748684379731 23.3777615189825 22.9702462649068 22.879141474435 22.4943522044836 23.5374436478434 23.4469571437647 23.2676445534078 22.9709803257368 23.608216370281 23.095122530273 22.8412142670469 23.5117578917549 23.439676566931 23.7430509437134 23.7757067296417 24.2126320250538 23.8176621867898 24.6015359659496 23.8960655892971 23.1932680872778 22.4456422736286 23.1891251459353 22.9398315778601 23.5134606054483 23.0138995429016 23.0569614451841 22.2992882078472 22.4933605263968 23.0484536983291 24.1810412227821 24.7103541133132 24.1625776698874 23.3399633519489
23.1204723272349 22.9017179805515 22.4620890181107 22.2204545351462 22.3872302956103 23.2562354646626 23.0117006591025 23.1738252652479 23.5740680048374 23.334115019721 22.5730792149527 22.2685098864811 22.8461055383776 23.0940671126304 23.2324878902732 22.7797737183825 23.2833799355654 23.0647859350916 23.2264264622282 22.7088481983962 23.0173712681676 23.1598770091606 23.271792494698 23.1971491974117 23.3115475558699 23.8606515013951 24.1684302920516 24.4174184885489 24.3494672810708 24.1682411760388 24.4464517934918 23.8022668455665 23.0878255293064 22.686930183293 22.9146659503898 23.2548062067327 23.6457976756633 23.9002461577083 23.6222294484464 23.2046307745802 23.2790895749306 23.860318623956 24.1206736650227 24.0176452144891 23.9231102675612 23.5798893260012
23.1787217708587 23.3835038922643 22.8393724662723 22.2121893597413 22.093354232863 22.8704154015166 23.3938302563927 23.156916766264 24.0401156181168 23.5543056112518 23.0648255458993 22.38113779216 23.1158021775133 23.3267443529016 22.8853347361866 22.8845611680269 23.1519702363546 22.9857359983066 22.3541192859567 22.2597336123641 22.729160996687 22.6695166512727 22.6298408514808 23.3072086047307 23.8219722794527 23.8048870244819 24.4559710635025 24.8715321856237 24.49724257224 24.2816825372619 24.3550758794226 23.724400565143 23.0854366059669 22.8017925103117 22.8337539593526 22.9484998256605 23.8391716520675 24.269835954995 23.6870910777461 23.6758323350209 23.9931225996367 24.4224900971237 24.0191625712067 22.9803611186635 22.6952613191531 22.6250327344958
23.1743367917858 23.1454387155507 22.8541363864713 22.4959128856496 22.1841235871619 22.8154563424654 22.7571125747474 23.1693521402833 23.5370576280108 24.131726142863 23.4088409793416 23.1777851984053 23.2682934635639 23.1531534401454 22.9208664678549 22.9781376046845 23.5454139841113 22.9999317770848 22.3185007310462 22.4076183856653 22.8062587528807 22.7532065325656 22.5795407034569 23.532699375637 24.0511488542656 24.1811112639742 24.3411428963391 24.113341203878 24.0291872753918 23.7289580060895 24.4881255637433 24.0146970701428 23.5271658711304 22.8013787554541 23.0998246130773 23.1920827743593 24.0058496278093 24.4731786629737 24.2035633839228 23.133800250808 23.447793227466 24.197559257256 23.6153897952844 22.753270908795 21.7878848919021 23.0290771738461
22.9965478013842 23.4036837327598 22.6533985530847 22.4519498431637 22.6196248305481 22.6876111075136 22.862714865655 23.0831706437228 23.7409275743003 23.8682036341495 24.2676419043521 23.9201020082576 23.7773828361375 23.0814174491253 22.5980894886777 23.0651097211493 22.9643558034224 22.9047343023035 22.7868938981851 23.1895899322179 22.815872379845 22.5694779097965 22.5389896626179 23.1275326026651 23.67365657355 24.1588368919455 24.1740582921165 23.7937967939008 23.1081996087326 23.6577004549159 23.9823024605079 24.0450987404894 23.2520879270679 23.2670151986359 23.0304876166395 23.7785221944902 24.0025183383651 24.5043987182716 23.8235786128457 23.3820472374627 22.7895705184338 23.2630310022949 22.9538725389071 21.6620808738409 22.6492724966356 22.7850605037279
23.56435707311 23.442293621254 22.7482154082594 21.9589912427317 21.8804936333932 22.6246295623007 23.1724963022543 23.1365368792195 23.4984099977758 23.6798648410182 24.1756181151451 23.8368862127112 23.2535161936859 22.2550673539471 22.3518212794491 22.8013063631124 22.8767626651316 22.4610190708674 23.3988417806668 23.9087227596819 23.2887322574535 22.586566435128 22.7258323179245 23.3388590341128 23.0045831157368 23.4818935075695 23.4985206242478 23.2126481308938 23.175210464132 23.4648505163606 23.8045987281795 23.6095790930202 23.7231727613697 23.1997386262077 23.3040565411254 23.4343639416835 23.9062069191591 23.7560338616235 23.7609162803849 23.2797135268394 23.2231439823696 23.1836203419855 22.237548972399 22.3247230976352 22.8233820332372 23.1478446159743
23.7676125208691 24.1524129732342 22.9403181840079 22.0611008862595 21.6938007998358 22.3484679829222 23.2214713876308 23.5102803351423 23.5556255696695 23.4440263113463 23.7617404024852 23.3290304998949 22.8404184472864 22.2363938413129 22.4559552407943 22.7866102196654 22.3581471454918 22.5150161651021 23.4500540548811 24.0488575303092 23.3463052848626 22.7080886318041 22.9710179624368 22.9747875920002 23.0007439210782 22.9230588507059 23.1293913698571 23.0583899391419 23.6063537280737 23.6163628268092 23.4495141194138 23.3248705763065 23.3776395357037 23.7866683229469 23.7335823637962 23.6853684854915 23.4069251699882 23.4252919293631 23.3442032667531 23.6481993152215 23.9380276679714 23.1505246980403 22.9591096709102 22.620508740588 22.7976439763217 22.8139297259686
