All-in-one-application-example/output_no_constraints/BIMAC_interpolation_sd.asc
NCOLS 128 
NROWS 124 
XLLCORNER -63.5 
YLLCORNER -0.5 
CELLSIZE 0.5 
NODATA_value -9999 
[rows 100 to 119 of 124, columns 46 to 91 of 128]
5.11850916602529 4.92338439911585 4.72014334402567 4.48426113510833 4.28762935673077 4.32847194361893 4.65839309270129 4.92098694571963 4.58303900805512 4.47520365313874 4.88737564979574 5.24432424369716 5.08791650926104 5.33181776928971 5.38704345100392 4.72989910030102 4.49869449690969 4.28344501626509 4.68840310306167 4.90281537084141 5.14718935843216 5.03103462954702 4.96022563123871 4.45305810028268 4.13058709208161 3.94273099157126 4.70189194683976 4.89461571873142 4.81665865747999 4.91360008969475 4.9888561364173 4.95246235608932 4.98631693258616 4.78725651564229 5.02449005063791 4.70540309308261 5.12227672733331 5.59155953214158 5.11376609471786 4.64347954963357 4.44530303936251 4.88032704691855 5.06438142289772 4.97439902654392 4.85082405314327 4.84587957571823
4.70727537689493 4.6872116368503 4.6904683730379 4.41797611402836 4.5464664487636 4.34889430471783 4.61723515554151 4.36704506212655 4.36798237864959 4.26825565133991 4.4420039383453 4.77180369243629 5.03824255236766 5.62318822138106 5.69606772564791 5.0779974059979 4.59844662249231 5.02438047159096 5.08638889089416 5.032550254492 4.9831239501653 4.89327578078637 4.73546550087692 4.63110673986759 4.23031406208995 4.41177863860896 4.42502668669383 5.01573785077949 4.94049808532237 4.66788686107202 4.69521952432905 4.78357077395596 4.86149322466375 4.96276166630163 4.92394847218711 4.99397945938073 5.03553911950497 5.30359516839166 5.85027386649212 5.34112002555535 5.00792124427736 4.93462680544541 5.35653593062774 4.98337530025431 5.10918650992364 4.89716524881862
5.24445830837198 4.74523667968501 4.4217169247472 4.27074160552623 4.5055584053119 4.11450366282387 4.14577863269525 3.93955312985047 4.51405105679168 4.54149747446824 4.77234507692412 4.9734934969562 5.27428194518033 5.79245154547555 5.29452389210441 5.01280363691256 4.52003246538157 4.7383645438229 4.61779963257784 4.7265348850125 4.58119579085398 4.35642057446028 4.28009088757708 4.29376492030141 4.24576659711549 3.52651869839618 4.08501411298076 4.69950132044116 4.7861831341828 4.73084861120011 4.80287149305455 4.72662245285117 4.39569061512706 4.60258551736369 4.72795457515586 4.9139050941076 4.98722623000296 5.34519934750871 5.44785625348737 5.14086375564876 4.96135831298314 5.2493395324799 5.37707792493218 4.70109427111549 4.55009251699066 4.80470481913152
5.2123231446363 4.83121402078504 4.27963729327352 4.04360563573666 4.28380682098145 4.1185507207535 4.05809344638716 4.51114269707854 4.65633401558302 4.75926440414432 4.95337069729389 5.14893279191439 5.30067352644604 5.14632727794563 5.0437947980375 4.51768078384308 4.64521128130676 4.75622631355536 4.89733952683704 4.6380693798155 4.63746791524152 4.44679716644569 4.07861063820509 4.53493116651826 4.46489016641886 4.15113318545219 4.31244254667991 4.68020140041321 4.79062342400938 5.07526503890032 4.56064318049747 4.52318526246462 4.2054103340237 4.34784511979885 4.72868598319339 5.2191067493935 5.0936141854345 5.22251775634304 5.09151810569319 4.65141947577298 4.72869775669109 5.05693025263521 5.38655235757713 4.43773404004555 3.87164934700029 4.67889511156179
5.01660359234784 4.69746604279461 4.191535775462 3.7178353602765 4.25882248130811 4.24554297990531 4.93965574937035 4.39089148514364 4.38450627083597 4.37530732116157 4.42647434275293 4.77107623931105 4.60248309427126 4.8818467837734 4.69580247882884 4.8269765768089 4.69877141719794 4.8556569463459 4.6144142996861 4.58484482487297 4.74988337905079 4.73343046540928 5.00570586642671 4.65698493576119 4.94569329882824 4.996510509044 4.3456346618412 4.4314615972259 4.80116063150554 4.89127854667712 4.78816326597981 4.65817149743855 4.32905316659115 4.61914146322538 4.64365348406006 4.88679940588688 4.92748309050392 5.25647879544075 4.83510102131798 4.44974812096019 4.27475260967425 4.39582441163063 4.8526370726813 4.06607152780766 4.38872614376372 4.67871218407593
4.43810873331852 4.18184747539679 4.61322567401393 4.34318184699083 4.66473229951853 4.93603797271447 5.12549822905251 4.54170637891265 4.34463083376177 4.00533419553492 4.05188202306866 3.95667512577596 4.57223395925821 4.56885570122954 4.82671534801678 4.85348452464766 5.18768289575454 4.79082114139018 4.6468632087157 4.43307833664206 4.90718885396548 5.20041717730534 5.27731401320056 5.07489966500131 5.26280482013881 4.69361358602381 4.79210605806443 4.59267772282001 4.88527790348641 5.01211383249813 5.07289170730197 5.2255170873659 5.04666122775314 4.98405319350292 4.75535949640998 4.75261818421162 4.6318472173889 5.08749684482226 5.03594288176917 4.4094154632083 4.3173002184518 4.04233957580465 3.96132607618466 4.41882027106979 4.76555148121341 5.10517786855094
4.01770699420787 3.93177784282475 4.45708820058536 4.55309833545485 4.90992190153409 4.43039615498699 4.875456542346 4.43775067035539 4.20136543966743 4.07324494146559 3.81830362018172 4.11244381193921 4.53223580563251 4.79914884237304 4.6615277504755 4.64226730646323 4.64364829010338 4.79242274674888 4.53177481941422 4.44210413148409 4.74485571252026 4.79343593729897 4.714860078062 4.68863830320183 4.70417970771232 4.49459545789057 4.50864161052169 4.95900144274326 4.99764001043126 4.57480805395708 4.57904366609796 4.84489529166547 4.90597298719355 4.0319446440686 3.93049009571936 4.15294715215501 4.5839699662771 4.69997632392744 4.87949482674446 4.65046536722432 4.58167224690639 4.07801878730725 4.2539408270305 4.20767912915044 4.811774254038 4.8420726488825
4.03769624624683 3.72469164110394 4.37330833852042 4.28779987347826 4.4709179574155 4.47766136091605 4.71690604918112 4.37023223762554 4.34470583775528 3.76975566157372 3.91302275977048 4.19141325601974 4.6647251609021 4.71817466159033 4.42678603244668 4.20329991679491 4.33890530979857 4.65885125831578 4.87318363518018 4.67885963539297 4.71517314725544 4.21164485107242 4.38846624618771 4.34728367240946 4.54334032372766 4.52999668308836 4.66497004237144 4.81923603414327 4.91894088802932 4.08607612510157 3.76878223021046 4.19776276859344 4.60223175759623 3.86905193389572 3.15939066308395 3.45630791531387 3.73580946927564 4.23685808329358 4.70198539521254 4.9039210508738 4.7991754448701 4.73585787932597 4.74103113444841 4.54422843246269 4.39156463387567 4.38766423256766
4.1608558154822 3.93773414413064 4.06266957670692 4.12898424916724 4.64487601420247 4.74862942053487 4.90359083463563 4.40794353781158 4.36931776604828 4.30602130865974 4.46568282270023 4.81731407013309 4.76468809827222 4.51495672998297 4.22240084921886 3.95474596042298 3.83237429237711 4.07885637604875 4.38039829395253 4.53919453269767 4.42884528600894 4.3627984330295 4.44331661419522 4.61609482217153 4.90396243800661 4.42154756118681 4.34674111316642 4.45642457073036 4.47054548184253 4.09548887171727 4.02161007520155 4.39682435092499 4.4141936704768 4.06447872419473 3.75676551917212 2.99405332450983 3.331674781229 4.31413064082023 5.14514044740158 4.91536345287957 5.06110899106287 5.15624358771969 5.48500773081144 4.82862944426917 4.23409029403725 4.27608452813523
4.3986162311589 4.39403397959262 4.40837238410768 4.3354724183599 4.8222665372017 4.95376901566495 4.67164938638981 4.4739630813739 4.54391465915826 4.75422040414017 5.06592607344002 5.39695878015552 4.97226333514585 4.48474718592117 4.01151178725644 4.03299600703073 4.02129367131126 4.19167337965605 3.8768638723575 4.0396679829667 3.89914601180005 4.2028935443816 4.62404143777882 5.18002225022216 4.95423357704362 4.69802213044954 4.30843183724259 4.62256419078323 4.64611606094158 4.58647414240459 4.36024744433596 4.37566723401335 4.48961539885809 4.80905127543135 4.27034710179125 3.74582578525618 3.67920682754915 4.45479656981754 5.12755344778238 5.09500361976845 4.5616107457911 5.00757858648033 5.23141402446348 5.25830314773297 4.81314113751666 4.6066948311797
4.05074397930401 4.14414751922407 3.92740215884799 4.4794966080852 4.75414398105919 4.94519366667577 4.73383255527189 4.54851405078849 4.84800415901865 4.99761669652416 5.03352249392488 5.32261972109609 5.1338198982135 4.51374699602647 3.91525444361524 4.15175009170877 4.08243332935109 4.30771163758419 4.38018435641969 3.89569960958268 3.89767627225361 3.95812674760519 4.3804141293715 4.65430828357821 4.7181892418506 4.46541465351143 4.63342012429193 4.68944254265352 5.02986492425426 4.99278208710828 4.17715438107109 3.95884160117552 4.52786202138626 4.75064734117558 4.42075767974923 4.44889572240628 4.49896990814267 4.65846956849285 4.90299279451208 5.02807180908844 4.86473735110335 4.30026458969832 4.87206422439872 5.23630964794336 5.06570638600469 4.52160478802555
4.2242516382496 3.8236502902572 3.8786279633181 4.20342702641346 4.5768319822506 4.6447200550989 4.34163862984138 4.39176411701572 4.65305132164002 4.63955820908773 4.47401152399207 4.31005445336464 4.28225214576324 4.12172051496209 4.50086663724949 4.31164474970355 4.21295753941258 4.3724216036477 4.58433487305165 4.60363361624135 3.92156848529481 3.93810275691115 3.88880080011759 4.09821595982089 4.12560198965837 4.31528687624278 4.28590261185357 4.6588177262395 4.70976476130233 4.54223105418342 4.11038601298595 4.02847182717046 3.78994077810438 4.48680642118646 4.3973723384794 4.52101523699808 4.4432082903652 4.63846588592543 4.73229746244322 5.09606339415592 4.88306024326682 4.48365460606882 4.33233375626458 4.69067616565338 4.77811739323769 4.87948254265318
3.93703200067233 4.26627153064853 3.77865072952589 3.90876290740421 4.04145495253784 4.06851195284275 4.14620403365782 4.11933335388034 4.32009110457717 4.32351259602899 4.15202277892408 3.81592191392292 3.36846553927748 3.95492127344704 3.92160243307445 4.17518225862983 3.67553484756952 4.11301116590193 4.2384070182941 4.75707228532405 4.04167316585761 3.69658941442213 3.79308183801611 4.01611551376026 4.02931646590588 3.98305915810094 4.47120404328603 4.49131948587376 4.37089362969376 4.27124454070773 3.98690291134857 3.64653820090312 3.36291164483605 4.02214267070238 4.48805218060652 4.46318269644056 4.5242261323901 4.68589350798783 4.683593008332 5.11980520125523 5.16632410583553 5.04750329013807 3.96979315203167 3.57001575944207 3.84356337524319 4.50135940898769
4.39566229341364 4.52811881393573 4.38300886328177 3.55454492130737 3.29935021301278 3.93969704043211 4.06351440005421 4.02194037553299 4.06478469464346 4.33186291113289 4.0746500670389 3.78389219061364 3.65976948446747 3.60971305826373 4.12205445233224 4.02810061067015 4.55718302900753 4.12512405270537 4.16782959658634 4.20367388854772 4.03707038504148 3.47174172757534 4.12049372380364 4.6734055725186 4.29162193194357 4.33805309340101 3.97232550233868 3.98735927414463 3.43940105285533 3.9276634141582 3.35959458627181 3.32006532685384 3.56131167382886 4.18544618024073 4.10551703505144 4.43838220562863 4.28353800598688 4.35380234679362 4.35345345489548 4.53341234519966 4.85091005165549 4.41488687456782 3.59911174231571 3.04494641838669 3.51983840612815 4.19535358037507
4.25229068484126 4.4004979531148 4.1845040429951 3.83633241748079 3.89523262811607 4.02175378045035 4.09269112647414 3.95269454046192 3.86821083961155 4.06479443145059 4.1898720878344 4.18033462209376 4.17451601584523 4.21288584755902 4.04298903986688 4.59146960328765 4.31989783662948 4.52799635446411 4.42512806654529 4.52089016114293 4.20079806321588 4.22433193052563 4.29508030438717 4.68975511881423 4.70592216034674 4.22748745631269 3.43370593563917 3.17458686001427 3.49769201053121 3.73096639084787 3.6517422715196 3.77196621632025 3.84329217456082 4.22736659625873 4.10574248506744 4.08617231288969 4.07830041304763 3.99439019791728 3.98642913888876 4.39416180981186 4.37336023673751 4.15258624623543 3.88662090658633 3.7708546501638 3.76283835534279 4.34555712261646
4.16544132422518 4.01723465192457 4.02800462434241 4.26200215655083 4.64886253812617 4.53372700953182 3.95432219359973 4.05184266902486 3.48747834837036 3.91834901789168 3.91304938847191 4.55851895634657 4.37080723614279 4.36709762560176 4.71132435808259 4.53668393449301 4.5806500860835 4.46982339302672 4.83040136010466 4.85125043386497 4.85441948513716 4.82747029559895 4.51300480423371 4.34152612765039 4.21960504871359 4.17376135410262 3.04543305078618 2.55381160083934 2.99239915560439 3.71334654391847 3.4550152262507 3.82843265590456 4.36707599977246 4.27640068900829 4.19569852304665 4.00106092681455 3.67221076743854 3.31918057995186 3.84389372431458 3.93070443295446 4.21482413710413 4.09335761903664 4.21144055683799 4.63915931311415 4.59372553912159 4.65571408539678
4.21165181100907 4.13598997894744 4.24367998879235 4.5423204057132 4.81549787211663 4.43932027028778 4.06439386045543 3.95580347087014 3.6875536554723 3.3917558240241 3.81151780990196 4.33059036820232 4.30275200190691 4.40689426196077 4.50106885348984 4.42297648436492 4.12631881836474 4.30777419689227 4.50606157843736 4.80303327601314 4.97513141814088 4.68162277387642 4.45058169168128 3.7616682628557 3.82127626672122 3.93848379683609 3.49235536355675 3.162564009638 3.27606416921275 3.64726699370476 3.29633235165409 3.4754538861346 4.30476327412104 4.56183368251245 4.25613106093283 4.10139888787785 3.69879949968702 3.35832763561788 3.54084601603051 4.29537244098164 4.41442948430165 3.93426367133687 4.3238059704506 4.62406535066332 4.89430747444904 4.31615382541856
4.34191347948463 4.11735935531637 4.30149694938566 4.66123893517377 4.5657292677343 4.4254851343994 3.94782281252266 4.07280031318806 3.53479671937464 3.62145122118445 3.61287826654317 3.98384590305828 3.99194644017344 4.05756059233663 4.2068130487476 4.04113075755075 4.31647485846218 4.18954419348628 4.50410923127878 4.40689301671494 4.88948547548979 4.92405033232048 4.48561078744289 4.02999663338432 3.94515294511326 4.12181854940498 4.00899609218764 3.70144609755951 3.79139863808569 3.49109221664753 3.43063305220984 3.45552067606959 4.23273067516493 4.58300836716847 4.54702016324698 3.96904591892258 3.73195997277333 3.23666657888969 3.68932296073574 4.14455888318993 4.26919168349756 3.99202358767348 4.1564274808789 4.75364678544826 4.54349306034629 4.57141347957515
4.15070557864655 4.18590792512338 4.4011236115393 4.81667006189387 4.96016520413121 4.43921243104252 3.88593239138674 3.82751317929319 3.75897337327701 3.89352651454849 3.8351617483207 3.94103336855132 3.94131260316299 4.12330862715064 4.10735570677041 4.11848941468818 4.08321711794297 4.58690352648998 3.89857344124776 3.83383471506435 4.38321915098687 4.89426290888456 4.48117344845088 3.75990788901972 4.32272364857074 4.48985987761397 4.44266396944384 4.18166655797693 4.10481393610856 4.0171786427217 3.84911905130728 3.9481572090378 4.02203655832681 4.43117152509796 4.24868690231835 4.26558182697935 3.77232564159857 3.78513537337015 3.94577802862273 4.19564405596786 4.07364362149629 3.70719129745224 4.17734207639893 4.56690752659892 4.55527646935175 4.62830246075732
3.98207668393542 3.81728395497706 4.13592389196956 4.76194913490755 4.95075831954958 4.62979308056002 3.89029613560772 3.6063755624223 3.60000816173741 3.80085860833122 3.790571022197 3.84497045495426 3.79795908214142 3.98774290029456 4.02025054010768 4.13258643785722 4.48926013558976 4.27485184792988 3.58886461074429 3.27117238030669 4.19241219614226 4.55483022820817 3.92658666324548 3.80408624047859 4.11435925679512 4.73229084502265 4.47378529046126 4.11513094616912 3.87219068597859 4.04520904637394 4.14730148210835 3.91008173064397 4.1278807623943 3.92250614986882 3.96183733780145 3.89471564811418 4.06055490784299 3.81898597818524 3.92005681787395 4.15953089477842 3.94983837818094 4.04577857862744 4.02828141986534 4.38813530816872 4.61000994041766 4.59128400338797
