All-in-one-application-example/output_no_constraints/BIMAC_interpolation.asc
NCOLS 128 
NROWS 124 
XLLCORNER -63.5 
YLLCORNER -0.5 
CELLSIZE 0.5 
NODATA_value -9999 
[rows 20 to 39 of 124, columns 0 to 45 of 128]
7.21803899675341 6.83058346699986 6.76847153551891 6.94294051225685 7.00289545914573 7.00908268949624 6.40962338497757 6.33829809095249 6.69501032056051 6.49348525691679 5.67396215694987 5.36154275315418 5.57325766647449 6.364313459905 5.92831657688474 6.22111153704827 6.08912450793911 6.65396611433684 6.64150912837633 6.63924873622691 6.96348020311497 6.76645259684362 6.90722147667852 6.1747618090771 6.01100965239321 6.15166221317621 6.5765761826491 6.68257201662424 6.30472058592453 6.15752943976461 6.79795259769614 8.33193670682526 8.6421198362713 9.09293309214386 9.21523735296164 9.48542349732057 9.0687873118005 9.81842782620835 10.6292827754211 9.68989766396103 9.15560709849427 9.6247058935313 10.1255480027672 10.0148118960438 8.4571463386579 9.08688565568661
6.29856414744212 6.62129152279222 7.03417393507067 6.9957028463247 7.28161543898368 6.65634997406167 6.60867337643496 6.26472842829039 6.77817233174889 6.10346395297968 5.74598763429218 5.45134357430074 6.11547292110424 5.90356043986279 6.05359167438509 5.57307239270267 6.0942095791219 6.30165950164001 6.43651279615309 6.46056501412001 6.5775518681284 7.01343023473746 6.61361292110952 6.30595400178411 5.90471514284013 6.0119995938254 6.5712011198025 7.02655287375298 7.37134016150597 7.35212400186552 8.04648082044076 8.51553969124642 9.38651621699952 9.15168304005012 9.98865039901585 8.99762259184783 9.34452459332575 10.2125380797561 10.954394782153 9.75167148850989 8.65058557843712 9.04370705721165 9.71699466269983 9.99120977722227 10.3628738843781 10.9296275315424
5.79395435754041 6.00637640952089 6.33492072458006 6.44075010819889 5.99295809365167 5.93009790079683 5.99814413043573 6.11666864867019 5.94266379722227 5.47300897074014 5.65436441414261 6.05775626317302 6.2011442029122 6.32646099694529 5.86956882164016 6.2127225304788 5.64733721475554 5.78553256800777 6.28775199755194 6.41732901627208 6.77453583289392 6.29607219242501 6.45368409095934 6.33715814598514 6.16020963049188 6.13100894588813 6.84237919772285 7.61994416456731 8.27978555275721 8.73302230647792 8.5529673659074 9.52861719154116 9.19340604741498 9.98169107218143 9.3631421908103 9.44620378888919 9.78766713318666 10.2535062551293 10.6916420579631 10.0330126250844 9.61228647382588 9.25160344859984 9.8072952959547 10.764327802924 11.392918926568 12.6249682734438
5.77506979916431 5.88818566594385 5.80425439105564 5.67433767904488 5.52332886664933 5.4263484029261 5.5912655788016 5.76093059059975 5.74220147338823 5.89524293917704 6.21541950170845 7.00836543683203 6.90119123809493 6.33585343411502 6.62611681103743 6.29580737342207 5.93427319732416 5.35750070532674 5.83964769189053 6.75842811580553 6.40733124810634 6.19613552585062 6.47771646445585 6.63340627276084 6.90171069794475 7.43184344440456 8.17989552693967 8.42338171611904 8.53156874436597 8.71638160767225 8.89807926391584 9.4130464996993 10.2553280474274 10.202180756948 9.7998604987212 9.89946485314577 10.3796515055949 10.5159991590248 10.8813452404108 10.729986610797 10.5934556098822 10.3791587207631 10.4981606830519 11.1728514553415 12.1390638442467 13.1390353060857
6.13486761184736 5.92850644956892 5.92269315762914 5.96448841356822 6.25411525027691 5.98020089415034 5.48656790771162 5.26999269290258 5.87923118062377 5.86225771788994 6.35949537550111 7.22175703690298 7.05385739360344 6.87842888330133 6.48271276828357 6.71396865536498 5.90206332620636 5.88715380167581 6.49965136614516 6.8882137359305 6.91476326414606 6.43146640875027 6.40894325936342 6.77918451126798 7.3380275861441 8.09851437441073 9.04363775001919 9.07464707213263 8.62054987243615 8.72750229321263 9.41115387397115 10.0495793968279 10.8249704316885 11.2470869776387 11.2393932687982 10.8916953306164 11.0939576093382 11.5079736672925 11.8392430767449 11.5400946532842 11.7429862574936 11.420013213444 11.4900114827969 11.4975252447475 11.899476055275 12.8864033248196
6.817009894463 6.77889236647728 6.78858434885641 6.57776738375905 6.77357938559517 6.6055493471231 5.66359468309025 5.55055012118029 5.99729862884191 6.21777930395542 5.98468862852554 6.41964999467623 7.15938717598102 6.75358217042639 7.07004690405303 6.65494286165734 6.00636606077739 6.34426093916188 7.27057867599821 7.43035628105992 6.83341786565179 7.25026403220202 7.11083036275933 7.0392093744325 7.49077348448082 8.02376091104799 9.27063487092465 9.1480962377029 8.62904641067943 9.19870545909246 10.3732227512548 11.6191985950285 11.8137108968182 12.3931978359698 12.3607390027599 12.2270046207922 12.2032168273062 11.8935911457956 12.1112478893864 12.4766799954195 12.0246799432714 13.1929738432432 12.6597741516976 12.4245346541882 12.0485809217473 13.1717390199765
7.12755016016879 7.4117196023688 6.82219194020524 6.20123046367411 6.91342789391832 6.81041651650972 6.8461146200935 5.9127091754892 5.9865841515469 5.90000116048351 5.99854989988466 5.92109283130527 6.30602368991954 6.61071429471036 6.34111098858895 6.16498716075577 5.68920329676623 6.24996727482574 6.90268230977365 7.14293886596778 6.7938689376982 7.32769090270644 7.36914603671106 7.27846941330791 6.97399534938113 7.53037910194979 8.21671973981231 8.57943107162124 8.96802327494733 9.58276863147817 11.6001423420719 11.7511860602241 12.5235429893138 12.6573170821822 13.634855374643 13.687372216732 13.2071778564274 12.5874577760062 12.3155180412401 12.2564687633268 12.3622339715283 12.3953186343424 13.0300883571368 12.4914192714968 11.9156680156142 13.2713740708641
7.512028305979 6.52188965605348 6.4517998220805 6.03277848231467 6.42654522909542 6.79172365817239 6.56400401845201 6.18739312167441 5.87217216508 5.70274609335233 6.15135945126481 6.35552625389678 6.06268740699352 5.69895687051161 5.64850599481207 6.2794324982282 6.25123183983447 6.32403345632712 5.74230823762834 5.93832502167062 6.18293880143802 6.57559396890543 6.97691663211218 7.18689695787218 7.05371103932846 7.2972806588169 8.14412469287989 8.30946460469859 8.79987524028791 10.064085993926 11.1863963694547 11.5002259187449 11.8430538105799 12.8331778850372 13.7007072908161 13.9163353792911 14.3285425535824 13.7016456284802 13.5577173584484 13.5574101208135 12.3298484725622 12.3007355061611 12.0802647721262 12.9967534769191 12.7156476670769 14.0695888763749
6.44327863979067 6.76405406788628 6.5981856968115 6.74561363560282 6.84215500730246 6.31036717895524 6.57457767605211 6.36168943327326 6.34648351819012 5.69093547910377 6.38860792246072 7.00034605619896 6.39214624488325 5.6924888628908 6.01846818000325 6.7355498406906 6.8033581091603 7.04623436793543 5.97346538985988 6.06835318245855 6.04052383956105 6.66376220599309 6.68787678594639 6.89215144083204 7.09605205164613 6.94028620892618 7.54899394706765 8.00361202049461 8.16829461088596 8.6350189129047 10.2117921796495 10.3942524724411 11.3529091088904 11.8211016475548 13.3563466481085 14.0082468146193 14.7736717031159 14.9243075035213 13.9475435743068 13.751412963683 12.2329717494445 11.3074213841381 10.9349778573754 12.3148775973309 13.280774063068 14.5063095344607
6.22915966340495 6.75505966148073 7.82375944341197 7.41855401323279 6.57762026203944 6.23021525009554 6.26341228547156 7.13344558096435 6.65359763951885 6.61013871686763 6.91618869270943 7.07085121341782 6.53871442962798 6.58879082771684 6.75165793964318 7.30198713285927 7.07282929871732 7.25092718815685 6.80138404768548 6.29985352286124 6.27441843653652 6.88063247568051 6.48492060334821 6.43675611855818 6.61841301909044 7.15790660237282 7.61676724233097 7.64841714545904 7.47650099861847 7.54201354060423 8.27558158421512 9.29476907934345 10.2387008640697 11.5840438080558 12.1071945198578 14.3687807336099 15.2922764665762 14.9073879423494 14.4768813537884 13.9088441159842 12.7492188908809 11.435725515189 11.5658450120854 12.0080704458233 14.0342935507398 15.2106402131811
6.19459875282382 7.13179426281197 7.8030622021079 7.85861870812411 6.75211878732682 6.2318160014097 6.68520093797708 7.5696030642915 7.83615012568044 7.76589424170916 7.3109205579132 7.20237498357791 6.67840123699984 7.30946329307491 7.57816807935796 7.29082060077114 7.00882459524199 6.97326064226904 6.36760851463952 6.48298573678428 6.7510993621663 6.98121911943416 6.95574541078171 6.61112113106128 6.76760137344832 7.23238749534929 7.42114418068735 6.8853961917049 7.06607477574473 7.08116004647322 7.7858905665711 8.07026427052774 9.25620420955544 10.3869859692961 12.4813319837884 14.4521084343914 16.1133270239642 16.4414898764199 14.8369904593784 13.746050968437 12.464670346325 12.0524915236663 11.7668205066319 13.1481577913396 14.0567655756386 15.2561638445443
6.79342036153335 7.33719462691511 8.14699739956349 8.2654447154542 7.57238543664709 6.77996314761938 6.87927761016095 8.25176100411122 8.38270321725819 9.13819879188049 8.1718522013488 8.18904936359216 7.58568153209165 7.93442261080586 8.12387866470488 8.05824372949062 7.42603598972935 6.62167589285527 6.23288045634248 6.46948481147006 6.91923377376363 7.75310799378198 7.54032429590775 7.04468868496472 6.61758562934996 7.20265238778869 7.03415465919384 6.68539973736825 6.83331211587189 6.81536364820849 7.13497969806574 7.5546346471693 8.41837777400706 10.1794263161313 12.0369297382581 14.6416066171078 16.6567654852984 17.1324257010641 16.2629113630981 14.5287112373832 14.150108854728 13.188893169631 13.6830551417499 13.2733561137188 14.2205517377468 14.506038085644
7.54207616642911 8.10619703514592 9.32358929561417 10.0879086911696 8.85543549261455 8.79370576415227 8.78517918306139 9.49204487615709 10.1847584311279 10.9341088458812 10.3820272520128 10.0017441519947 9.18615679492949 8.47612291728917 8.1312405048067 7.75939614334196 7.3493534209418 7.29562550734285 7.98337738300836 8.49283072724277 8.2942257049935 8.84910575214542 8.7768076622296 7.85763876660986 7.36481086443806 6.9786729947408 6.21734578168495 5.89638919912609 6.80668442587663 7.1317994128322 6.9812374376558 7.77359786542596 8.61130414862027 9.97051184051907 11.9349918376605 14.7792821704798 15.3133748328943 15.9591170756267 14.9805900625356 15.3040188548464 15.6166406621831 14.8045216022406 14.4815734937925 14.2983135221925 14.1179444703805 14.4988489991331
8.57911526388369 10.3318959302095 12.3148069405826 12.9770404112881 12.1418521067382 10.8805644539612 9.94940610241476 10.5277147317222 10.9403279441881 12.299343575234 12.2157863597913 12.4237884979227 10.9679749994377 9.33153607640586 7.94053701536608 8.26459947752159 8.74186454335865 9.45341525387267 10.4873359719201 10.7127211586633 10.5536969245287 10.2291685183916 9.65028488316 8.974727228591 8.09064786857138 7.20307102047863 6.05563463294329 6.2922705674649 7.05652012783588 7.67140192605884 7.9082104182322 8.44584981744648 9.89878872740713 11.6725069829991 13.0950899625174 14.5179032112314 15.2005957384049 14.3560891615967 15.592486615541 16.4352125482733 17.0637943485332 15.9143761751901 16.0101498496037 15.2053887767617 15.405807573881 14.6138443073859
10.5513609950183 11.8376894775276 14.2270699534441 15.4043329112229 14.1416502151895 11.4844915356933 10.7320728451004 10.9314342176372 12.101544912518 12.5926217839175 13.2273018010159 13.5293410206831 12.6105272297893 10.5102854874303 9.06508729336928 9.71498450188422 11.1251623527008 11.8076880779204 12.4701929428188 12.8013530151903 12.145571744011 11.936305941601 10.918324192215 10.4581406656098 9.82026060335082 8.25461235206897 6.91591679396045 6.79486774316307 6.97342858016345 7.62660143649555 8.46473294017932 10.0543801933393 12.0226266728253 12.956719162658 13.9683227724897 14.9572803947399 15.2071744080505 15.7733228333273 15.304692833552 15.6161984706147 16.3874908437808 15.9818771952915 16.4633015500849 16.1734107274115 16.3121119200665 15.7043942856461
12.1815997007437 13.2767811714459 15.0641044221611 15.9834492909887 14.7592296743601 13.3688130936794 12.1704308710787 11.603443752741 12.5231428493111 13.0333194292803 13.096220105359 14.0388820821585 13.9571736693604 12.3512026559307 11.5621867991355 12.1319768137637 12.3140365979214 13.7292117212795 13.4864221847734 12.9033158943921 13.180976378885 12.3973869183345 12.4659214394546 11.1788043820305 10.7213039828507 9.77575842706861 8.07691181165759 7.84788712960142 7.0489672985424 6.8433297920385 8.67099571474793 11.1982173539522 12.2336660184741 13.6665874326384 13.6971823100533 14.9367020889311 16.5994951537047 16.7677928153031 15.5243942092739 15.3665637559624 16.0813710956594 15.5454248274431 15.4131588213072 16.0166478556642 17.0102352297085 16.2664510512302
11.7405525839859 13.4932436766982 14.8253693678819 15.1686892222278 15.1095392578878 13.7633159975245 12.3569348294495 11.4805334141268 13.2725876295462 14.2124619807289 14.0749721704786 14.2306941436566 14.282993951501 14.1870466600801 12.6425138123366 12.8698026705567 13.2078409031074 14.5511214793239 15.504376278056 14.7635640021911 13.153371763931 13.4829393213357 12.3132049584102 12.1094204991992 11.3297628253125 10.6193812596316 9.77952049178418 7.98328238578194 6.93012868487232 7.5055324555766 9.4112430356008 11.6718073697847 13.2363884960924 13.2443551726746 14.1685408613172 15.4132351640957 16.6636809806844 16.2258131700019 15.7011049190678 15.2877479387627 15.6238374140488 14.9086030306735 14.7511765770555 15.2311842023119 16.8360612188237 16.7369001151294
12.016427867657 13.2569590692819 14.0280145143364 15.0318820483931 15.7697847414115 13.2704712024447 10.7228611365842 10.6319449069164 13.2815809069394 13.5150389414414 13.7018093818057 12.7543347434133 13.1578159817434 14.0036729546912 14.344084878812 14.2424457595744 15.195712084375 17.0117687673615 17.0785179057785 16.7130877421703 15.2875296846345 13.926734073419 14.0408989115846 13.7713335132205 12.9323749075101 10.6971615244836 9.88976708961682 8.69028469264877 7.7196088301139 8.7583780936651 11.1717157124186 12.8012351851216 13.4998890489673 14.2839521717684 14.7427765444474 15.7128501774278 15.8164701300303 16.0954334113453 15.9433299949053 16.1587296448415 15.3177819200251 14.4759003828033 14.5757212396467 15.1100095082596 16.0595205797245 16.8925663111914
13.2189306700755 12.7968842043184 12.9972851024243 15.2909919975612 15.7313094449575 13.0525524640422 10.7936144972159 11.5094044303559 13.1446242161198 13.048012664187 12.0107386436293 12.0389971790197 12.2400596366863 14.2084226769232 15.3284012605966 16.7853863312003 17.2665884777576 18.9040936493933 18.5387492984444 17.3629292997333 16.3061435322192 14.742235058462 14.5195136663978 15.2622838412208 14.7021669760106 11.9357062015649 10.1214352162083 9.39090807004402 9.19991547027548 10.3097009197279 12.0913379666347 13.671226279157 14.2082691204299 15.0915299324745 15.4822480528869 16.1952955095944 15.7635032349968 15.5321520451208 16.1559557641441 16.442233783835 15.9267751960057 15.0593497334927 15.3830140002717 15.8134074440933 16.4135896461123 16.7525064887418
14.314539587019 13.7663487894524 14.1027628796798 16.5511542076713 16.598076218381 15.2583668430495 13.9832360980864 13.5498133584536 13.9873035443012 12.808881116258 12.3617758268554 13.047685516062 14.0301715036744 15.458875674236 17.043026977096 18.4811330518421 19.1426763183373 19.1873163248948 17.6920522472206 16.6798530833541 15.2549855100121 14.2185743789563 13.6112249216661 13.9744274875389 14.6480101073788 13.7608260962859 12.6573462174794 11.4579788879652 11.8714378900565 12.7625115011761 13.4814900708992 13.6861282477626 14.442657679201 15.256931627702 16.4955114601168 16.7096634968107 16.7043874022436 16.1682496177646 15.7732644995861 17.0145541671167 17.0723074834207 16.5854655587372 16.4696180318856 17.4313033739499 18.6936711338676 19.0925087291307
