All-in-one-application-example/output_no_constraints/BIMAC_IDW_prior.asc
NCOLS 128 
NROWS 124 
XLLCORNER -63.5 
YLLCORNER -0.5 
CELLSIZE 0.5 
NODATA_value -9999 
[rows 0 to 23 of 124, columns 0 to 53 of 128]
3.890781320423570 3.89211578519375 3.88 3.88235168146469 3.91527597240909 3.96114913335966 4.00956421638144 4.07912535591496 4.22205262752974 4.22236963202562 4.22405104569154 4.11580986857929 4.0069127670731 3.95692239806686 3.88222512021347 3.71827686366081 3.4262979134427 3.07724315325122 3.05190635260874 2.89625001258596 2.98056472366411 3.07091995550135 3.44355291792899 3.24219684733698 3.09685511403843 2.45783439816307 2.22894235775946 2.34052008472803 2.72267287926289 3.21152191413773 4.56984012123344 4.50978990112889 4.26 4.26 3.98176003998374 3.93437294930181 3.93751612165906 3.97944679566132 4.08252539087035 4.22582186652242 4.33773683422144 4.43743321544162 4.52545241237357 4.59936419018423 4.64855878942946 4.6842408773227 4.7011944104618 4.71160523869151 4.73814825212018 4.77 4.77 4.77 5.05349862655541 5.2271625463329
3.88643833293427 3.88818245769993 3.89045159302699 3.89920500588935 3.92423711316085 3.95745694484372 3.99003774622168 4.03229177774113 4.13454098650068 4.15790006836941 4.08963152979497 4.18 4.31005049648549 4.23 4.04848989969599 4.00941883389785 3.94948396967569 3.70740772704619 3.83135921139941 4.36 1.75 3.86433530691097 4.33731270272126 4.13 2.97 3.65763153143597 -0.54 3.52495553020808 3.90520971596145 3.63818427101489 4.00539741768192 4.08615333631324 3.74116767425512 3.29725890609272 4.26 3.938703786261 3.9923931384319 4.07829173127025 4.20890282849623 4.36323784591806 4.49452739819063 4.62509483074117 4.73937110462384 4.81859282360889 4.86168595340835 4.87249431073854 4.85010750213376 4.80873798689783 4.77716466614018 4.77 4.77 4.77 4.77 5.16333333333333
3.88904289564795 3.89195468436818 3.89712165629316 3.90511887613469 3.9194880844567 3.9372816516149 3.94941064200328 3.905 4.07274806762322 4.1117858888785 4.05589829081733 4.27 3.91731228019826 3.89094773929934 3.85010918111596 4.10689709236646 4.16063963526843 4.20904523258015 4.1772982421414 1.17 4.26980231614019 4.68412134919382 5.01839667801706 4.88182887144011 4.80626016774649 4.56826889065136 4.34934023705599 4.48136174533048 4.60518023412557 4.44828884198504 4.54006755911962 4.22533765022767 3.92655457430129 3.48521539130991 3.23671939677629 3.90427900297984 4.05888527543533 4.1920356758412 4.3551348312299 4.53818921251039 4.70646394296875 4.8770615189504 5.02597420349898 5.12071939080943 5.15823906330925 5.13690379233842 5.05879713267641 4.94287511437308 4.8318471908771 4.77 4.77 4.77 5.05349862655541 5.25677095379537
3.89209657378543 3.8954332049782 3.90053450559827 3.89734383668971 3.89617245589571 3.89734792131776 3.88 3.90360679774998 4.0511947350095 4.05332522486721 3.99402203806527 4.13 3.82850440316746 2.91 2.59 4.14739255826908 4.24 4.65487477811868 3.56 4.8949636244942 5.21605436003755 5.25726060804966 4.93 5.26433406338443 4.62995796696121 5.08655451260564 3.10877222828201 2.88 4.64928782130912 4.81 4.58522585238758 4.26 4.11475100866965 3.57076074830401 3.44701445462214 3.98471586174704 4.17519188298569 4.3177136661032 4.49120617776411 4.70872557657245 4.91840120879916 5.14676869774136 5.33498792506371 5.4550692725346 5.50637687167657 5.46820868057079 5.32583002403803 5.10186706402318 4.87807457376253 4.59 4.60003105620015 4.61626164607506 4.96516773977199 5.13593953265457
3.8942467788488 3.89686719104712 3.89984196855373 3.88118533748947 3.85930278996861 3.84295255811367 3.88 3.90135254915624 4.00597884019805 3.99586356191417 3.93 4.04985289043171 3.82879794219063 4.19 3.95483532345563 4.36689439930408 6.49 5.03302388234484 5.98 5.34129252603052 7.19 6.01464923896763 6.59581304844883 5.73589854915408 6.87705899428295 6.71044167399905 8.24 5.9001310672368 5.09202395632758 4.71 4.61009540709161 2.07 4.1275303193724 3.77747119683432 3.4320954177747 4.12911188882031 4.39 4.39 4.39 4.88061398784698 4.94938601215302 5.44 5.44 5.44 5.96241819098408 5.95796822045213 5.68666970171103 5.2344050933099 4.51 4.50442719099992 4.56739972582012 4.56637483676857 4.57586682366345 5.08498507046177
3.89456564210806 3.89509125234736 3.89449571036961 3.85148891010743 3.79769801954332 3.75267634339717 3.88 3.89937129433614 3.78001226272694 3.88 3.81670523616849 3.77512407482664 3.78 3.43 3.97991088840983 3.72 3.68 5.71 5.03578230402786 4.50115950473873 6.06588342746019 5.90570191499665 6.26427945030279 4.91408723111909 7.46 3.75959502067246 7.8 5.64838290945104 7.71994664413957 6.25069577258279 4.15 4.0399654724316 4.35634538908932 4.14619427137245 4.01361451281802 4.44387001749386 4.40324524148312 4.45890079933672 4.7646286309416 5.17682121370026 4.99950728487351 5.81272019805882 6.81420076204261 7.05428556338016 6.83699467240102 7.88115387012518 6.74681420132403 4.30633330768836 4.37630999344188 4.51 4.49284271247462 4.47180339887499 4.47666666666667 4.75801491625212
3.891368489413 3.88834820931274 3.88280232842763 3.80911609178606 3.71391101542152 3.62618202336984 3.88 3.51736537861016 3.09255660875895 3.38594991923415 3.47006883335586 3.55883877347035 4.05 3.76510187924868 4.08309720645065 4.44181878579401 3.37655209796376 5.4237323166128 8.14825732041095 6.79002911591697 5.80350371421542 4.3 7.95968674137243 3.84 4.01 4.04974740789039 5.38111755151472 5.50818079045078 5.36368938205183 5.54935022526778 5.22959686822162 4.76460032333743 4.48532153944979 4.24333667633463 4.14248813115959 4.43852865295829 4.44205423674616 4.40439719488126 4.84913927307571 4.90201704885826 6.00045242028355 6.67641390429211 7.49828103801237 7.61382450725639 7.76016762057337 7.50519520541329 7.26849421462862 5.37655236709197 4.30298005551749 4.37535136018443 4.51 4.41 4.47180339887499 4.71384224047651
3.88292816457207 3.87477824846388 3.86281836917956 3.74755706328154 3.59953244023969 3.44596625211185 3.88 2.22824196196389 2.54233835085889 2.92914737492679 2.93280481595697 3.22671340301422 3.44077612110109 3.54903940158738 3.69 3.97997199635077 4.67634200190575 6.11001892094926 5.7399451630086 5.22539317430633 5.35557395621267 4.23 6.07952362702985 8.87 5.18662257485443 5.1154260182266 5.15755185542603 5.22382592846473 5.31876437659165 5.27 4.66970252367202 5.08048819719464 4.91273995245001 4.55922969475505 4.39876749334977 4.44687398455791 4.45037436790239 4.4069566197549 4.39 4.98018710276073 5.84924506444188 5.44 6.86238427524038 7.56670502910317 7.8606093842404 7.66277957107073 7.1898241865498 6.26083852199584 4.91272583883231 4.3890819065585 4.61 4.51 4.49284271247462 4.49541019662497
3.86741271790411 3.85214454763227 3.83161222008693 3.68728483166461 3.47489085830399 3.19968834332018 2.78547222430486 1.99556392767353 1.89407197672983 2.03312512910084 2.52 2.58088033356136 2.96519674708933 3.5104242534806 4.33401930222082 4.6734185101765 5.1038476304188 5.37879978929357 4.10485420488562 5.1631164174992 4.18164393239925 4.23 8.06 3.82959426738523 4.63180229096788 3.65515399596224 4.56616004528945 4.804378951233 5.30326663969073 4.57 5.43621963858269 4.43490792029653 4.4 4.59 4.23 4.57 4.46308188424429 4.30794548235972 4.56472783001667 4.99700618903513 5.85178194337577 6.11004385730986 3.8 9.84488683001667 10 7.58706041602531 4.04 6.12754232312195 5.3085403670957 4.92118684113563 4.45885787875579 4.52715728752538 4.51 4.50442719099992
3.84378219970535 3.81932451663005 3.77829360847542 3.60340891914841 3.33559984600537 2.95991458090347 2.3916977516089 1.11905403677903 1.07893115714885 1.05196145626123 -0.21 1.87657446941131 2.39524054507984 3.20652962751148 4.57821658436741 4.91781127888773 5.43742861737954 6.44544802034758 3.2550138751987 4.90423610531388 3.56 4.09361713786875 3.82 4.37953996248874 3.32 3.45479363498686 4.29029560791907 4.66506649455875 5.23970067365099 7.19 5.79796103397254 5.75377699750343 5.51641189459611 5.26617806786787 4.74355545641596 4.33368010905474 4.28291477344856 4.11111831820431 4.38645404975521 4.9150972731689 5.62368219250105 6.30779312933107 8.81 9.60512191076485 10.7 7.64647693003407 7.10595837161804 4.05 5.52910534171428 5.47830201861933 4.39260205567907 4.52458980337503 4.51557280900008 4.51
3.80996206064984 3.77419118270342 3.70821722960787 3.50874306662984 3.20140720214402 2.76200155763555 2.11017872948794 1.06559636840216 0.99534534150645 1.05209464590823 0.965 1.2711599752042 1.76 2.75446557794434 4.67229867188699 5.05822091686445 7.07 7.71095431565498 5.07546978502766 4.777141536211 3.78 4.40103448768737 4.03 3.62 3.59013092955451 3.44 3.21331143625386 3.81 5.26846415894317 5.55554153959782 7.32688030392309 8.54 5.79313102959472 5.47958632712922 5.03911358811539 5.01975211873877 4.89975328214945 4.94955026289363 4.95443833531804 5.04840216041508 3.72 3.41 6.54408422969949 6.58 7.31360415716195 7.52772150619278 8.83 7.02867288737881 6.00181177357697 5.89829163652102 4.33737353091712 4.61 4.61 5.56407366575656
3.76496583905502 3.71726014042232 3.62604510255277 3.4138129622117 3.09178115119612 2.63169012066496 1.91188440569005 -0.21 0.990129308843321 1.16659812842323 1.18862955648702 1.32432729921759 1.4621809639462 2.60625124223576 4.743428353894 4.89591969116716 2.51 5.27893748385364 5.96 4.71182829890766 4.53043190804335 4.32016278973511 4.41908652798748 4.57639708724227 4.17518307378121 3.67 4.69217640801351 5.07428755988552 4.5 5.0800890042455 7.80188107269556 5.41 5.98994524277721 5.88933686496911 6.22931531720225 6.63562510101609 6.2624656649603 6.19753995490013 5.81272693581289 5.47485576395326 5.35736463522186 5.73297752580026 5.23 5.77 5.76881891072687 7.44973552583267 8.34 7.2676349958641 6.61009428611192 6.98243568012494 4.05 6.28859577844847 6.49644677150068 6.64628777612576
3.70958979664976 3.65134294287018 3.53794786539351 3.32907234365603 3.01800408918603 2.58704196067087 2.01062209764596 1.31941469449545 -0.21 0.71048529148434 0.803995692750017 0.943999282125003 1.0571253305191 3.40288420093248 4.45843971220256 4.97030556864059 5.05348699246508 5.24053843094411 5.07735091604492 4.78482040247233 4.35052015180683 3.39 5.32 4.93227505525225 5.33154263855152 5.5019538980729 5.74419212608466 6.2 5.85597174718744 5.75437470948867 5.96760925203736 5.875179148344 6.20949209846454 6.56231396813889 7.09315972154573 6.90223067696414 3.34 6.49605930912087 6.1440296205733 5.62982061345516 5.56841759146465 5.40943188504817 5.82348255223355 6.34873948987775 6.94126004906157 7.18482340215598 7.41229198117083 7.21800600151545 7.28057160735441 7.1298765242136 7.75627464689184 8.05071681592535 8.20425576103767 8.18656902684404
3.64603976571979 3.5806829950153 3.45759717130186 3.24586817485944 2.95778774230743 2.57379109880686 2.10347800817724 1.61614652696926 1.22630653146926 1.23617376427558 1.76 1.76 1.76 2.11043856274785 3.67344585823279 5.42421025207008 5.42690712269494 5.56607042848324 5.0899451876061 4.75306670677917 4.44877866602265 4.54211719962047 5.01290142287566 5.24 7.42 9.05 7.09328003691607 8.35473473235953 6.17240971470485 5.92616572612585 3.89 3.73 6.45101220185513 6.7 7.36408763193456 7.60574908838467 7.50632552624992 9.29984306337296 6.47999022625414 5.63557560392975 5.27011431503247 5.04653206438142 5.13845252440144 5.55293078996975 6.1834318585118 6.42480687726545 6.67980087835315 6.85061296260209 7.50024249077686 10.12 11.9 11.9 11.9 11.9
3.57763969741781 3.50913894605897 3.38409935134125 3.18234398078747 2.91495540313217 2.57080596418359 2.1853156479336 1.80618136995818 1.51245281974297 1.4126605236228 1.52973644470294 1.75844283345787 2.12981362223995 2.67025113586145 2.51 2.51 4.07686392526307 4.235 4.07983721890781 4.81323573559532 4.67946172382407 4.78414790657242 5.38341506974751 4.13281717696735 6.06906089499156 8.88640301375643 6.69 7.93770850291089 6.37199868029028 5.4658673821196 4.57 5.99402294736735 6.61270159366232 9.5 6.18 7.99350439237747 10.2199773492261 10.7669580110193 4.27 4.31 4.77992694369199 5.57480872922044 5.61005904361336 5.55396705597067 5.80692366151645 6.03939673880168 6.46868039809675 7.20807932044133 8.00202953097509 9.06694481685478 10.2758960513682 10.5249280414792 10.4094994595072 11.0580068070354
3.50801391637292 3.43982498897111 3.31890402257054 3.13286965335745 2.89101858501665 2.58619272986313 2.25809631953541 1.94519627265201 1.69923669996137 1.58809101495907 1.63388510304198 1.81863019246987 2.1272251732711 2.53239736808623 2.92985345788866 3.3646330881951 3.87107580495484 4.19317855832566 4.29450977364452 3.39 4.47097257735435 4.80240300683751 5.39792375353589 5.54658413106566 3.98 6.42052007667125 6.9496035982876 3.73 7.27 6.24984619904361 6.9404121484624 6.4698430314493 6.82338930664385 5.39 7.23541755439994 7.18378776110738 6.97389084630449 5.16 7.10452324189464 6.72911846492144 5.55 5.09 6.1660014555021 6.10507361284189 5.99980487855316 6.37399787850919 6.84092214485748 7.47943827806927 8.16008014899092 8.76460602879543 9.53289880812013 10.0699955607619 10.2802268495451 10.6804736669716
3.44021187411898 3.3749741891192 3.26234247994732 3.09998148745776 2.8867309924563 2.619541889756 2.33683182393074 2.07007586480636 1.85775459678978 1.74886628129822 1.76344148467228 1.9049096224281 2.16497795383805 2.5153346051151 2.90103133931485 3.29999543467152 3.6942200994617 4.00345515892449 4.18831334475554 4.26516571526995 4.13281717696735 4.40601292341231 5.26011250525743 5.63370295043469 5.80620093435632 6.04722850180184 6.18832813071007 8.54993570258726 6.4230882404546 5.5 9.67981905172204 6.92826528783898 5.4004213674668 7.4846810404171 10.5 10.9 9.54707688459383 7.13 7.75028195780835 7.57303444741045 7.34936277820005 7.13472221071123 7.23097692361988 7.15240052532314 7.00309813671949 5.27 5.1 7.64405342561735 8.25378015623104 8.68936840210835 9.3483689634505 11.9 10.1019060100871 10.0447936951178
3.37666809327231 3.31620006953891 3.213890895778 3.06990317071489 2.88767911411056 2.65691133863023 2.41450413593993 2.18724227812208 2.00626177314326 1.90292456236143 1.89851820958451 2.00241398406273 2.21229162041448 2.50373464302272 2.8414533324045 3.19223569274827 3.53228643984296 3.82849664343142 4.0562885936983 4.21362162823444 4.3231049000474 4.05640858848368 3.90522458841545 4.97774190555649 5.16674514404833 3.61 4.32 6.05417006675846 6.04634348824143 6.38303237382689 5.3 6.98697468612737 7.37701647986624 5.1 6.19982207483642 7.74167801170006 8.47009926764171 8.48146911946396 8.32135987843456 9.06 8.2847122120704 6.49 7.08992682523588 7.58679024387778 7.62837277721752 7.41112290699335 5.24 7.80744230660394 9.27 10.9599027426885 8.28498233417204 9.47064903069273 9.73895135253029 10.1649381623482
3.31870133592959 3.26391332762909 3.1724334803476 3.045616637181 2.88714292719322 2.68629570061571 2.47385629766534 2.27458068034185 2.11500051003395 2.02026393186598 2.00530926700757 2.07837700047627 2.24465555123988 2.4851737462051 2.77414038321863 3.0827144617092 3.38975437517061 3.66785266763964 3.90409438248997 4.08802338609202 4.21531232600785 4.24056032102673 3.78288302428894 3.92632467631853 4.9502114174206 4.61180921778387 5.09651916757231 5.55592673924962 5.77124051856775 6.31087824653931 6.660174631592 5.89 10.1514767117831 7.46404443240328 9.98 6.34495705119206 10.5 8.07669252680087 11.5511181263831 7.25 8.70684112467421 8.89 7.12 8.22875985634244 8.23188673968788 8.01695935886019 6.56568972293252 9.77332181934018 8.22250276249277 9.43634734796697 7.96642899543982 8.34490957494228 9.59181652141585 11
3.26673590254004 3.217865134528 3.13686135778718 3.02550368373115 2.88720052577442 2.71183594500962 2.5257817301497 2.35026747864185 2.20762520677873 2.11855807220339 2.09881159769758 2.15699913712945 2.29381770506161 2.49857107926095 2.75196212571523 3.02646713174903 3.30601597047281 3.56705827897689 3.79335591080636 3.9793968403713 4.10649786656111 4.12166349911973 3.61 3.92212154186035 3.9234780924797 4.57802101863039 4.94958343508916 5.0660829949656 3.8 7.48106171357741 7.55026084074357 7.12372100047976 10.4897266581612 8.4928169763471 7.31065324833624 9.032254562865 11.3305880128224 7.96 11.4 9.26351961377563 9.31932823870416 11.7002131302374 14.6 9.1185107017874 7.93 8.65188316115713 8.275372953359 7.88 9.26308105692917 7.92494093503294 6.22 9.57663227754946 9.36 9.26
3.22068313437006 3.1775167371198 3.10623206856481 3.00864673353762 2.88778222224139 2.73435129292216 2.57105708620337 2.41596660225217 2.28803532367472 2.2050093831975 2.18128656266174 2.22504215657086 2.33732467249635 2.51091080289895 2.7313556927225 2.97986947021346 3.23630331411784 3.48065220513934 3.69216698523563 3.8693461694624 4.00194614857164 4.05274588969025 4.03587877237414 3.61 3.94174850606796 3.8803915431768 4.54891028509107 5.08258269080966 3.81 5 3.96 7.31153041063438 8.05210213736686 8.44385218858263 9.95401771737883 12.9 6.01 9.34780612572274 9.71618000188121 8.7 7.58024740579508 9.58851169911873 9.59803835290323 9.77906274940452 9.61009770694277 9.51003669444608 10.7556957211216 8.36 7.88 9.64495588877124 9.97492302619313 9.47855651261142 9.76716343176836 10.1
3.18006381450918 3.14212367131954 3.07957214523165 2.99409794494319 2.88831768460302 2.75380381578613 2.61013464150168 2.47271326689344 2.3577317460511 2.28052939951877 2.25402883405217 2.2859969973801 2.3782006386302 2.52580000643749 2.71798045092086 2.93983943779477 3.17439969068103 3.40184306821895 3.59971078538121 3.76486393159886 3.89370386679874 3.9636843941748 4.00469670351164 4.10970066334433 4.26855770278559 3.80532748583003 4.8075615672623 5.52018495105948 6.00542431199215 6.79357117003668 7.42847793277844 5.29 8.46764590274233 8.67189727939445 9.13385714348012 7.36 6.14 14.8 10.0643438085004 9.93697808562403 9.99323788867941 10.1 10.0278239090957 6.99 10.4537180923556 8.73 13.2 10.2037157440285 7.81521978165802 9.7193161848429 8.76 9.38 10.1243565653322 10.491434104397
3.14437400338836 3.11108337952943 3.05622193756737 2.98127741594031 2.88847216460524 2.77020857183054 2.64340416561006 2.521252358954 2.41766675705808 2.34600475930694 2.31783266576186 2.34052624900972 2.41647275433519 2.54255674072802 2.71049073573187 2.90814735093413 3.1208442746018 3.3318240540279 3.52072348781453 3.6801181919574 3.8111948243139 3.90275600043944 3.98309769305211 4.14601475611694 4.33049831072034 3.81 4.17033231304848 5.59252087396651 6.55308756543313 7.55532961626565 10.1 13.1 9.26897804110827 9.1858217995999 9.68988134311281 9.78982571960019 8.98 10.1452902070812 10.2063740394824 10.272860297273 10.9473032604681 10.7464238816512 10.7928519249573 11.8846260361697 11.3291054483024 11.6184578664089 14.8669852009874 11.4954888884011 11.0230426309968 9.25 10.5544872982501 10.7900856781781 10.9 11.4448165393698
3.11306772557027 3.08387093123102 3.03574947142595 2.96997548060397 2.88841033455852 2.7842128648791 2.67202661427184 2.56321387405253 2.469795764614 2.40346832452228 2.37460224451447 2.39016543777715 2.4529687881387 2.56117394310089 2.70836140910652 2.88452902178716 3.07711585074149 3.27156802991037 3.45197832096444 3.6106706428482 3.74655404866378 3.85105126017099 3.94954923720443 4.14082131783796 4.4061112333991 4.77213862817126 3.81 6.35902716377676 6.92795023391806 8.26649543299635 8.4571624699902 4.46 13 10.0632278049053 10.0601263200779 10.6180612454815 10.405187917462 10.7041908106628 9.95 9.53 10.98469023439 10.7 11.1592546049337 10.7 12.2543905027872 13.6954582919298 12.605540337445 12.7218784409312 16.6 12.1566757774476 12.1378065844117 11.2 12.2428264596111 17.1
