All-in-one-application-example/output_no_constraints/BIMAC_interpolation_sd.asc
NCOLS 128 
NROWS 124 
XLLCORNER -63.5 
YLLCORNER -0.5 
CELLSIZE 0.5 
NODATA_value -9999 
[rows 60 to 79 of 124, columns 46 to 91 of 128]
4.94285216462885 4.69308649732005 4.5862611690997 5.14104891504265 5.50860551299833 5.6615483590138 5.27708066220502 4.66541238594237 4.84246380133628 5.45772608837206 5.59530337283254 5.36878702772966 5.34939283029533 5.44835662799293 5.65966966670133 5.7900094711328 6.08914182926308 5.33040946714068 5.00288451577817 4.95202656669215 4.99983163685905 5.09932906869119 5.18095611840364 5.1676955962261 5.21505577010037 5.30272414114023 4.87820221660153 4.49472678995164 3.90132112917146 3.95405154698994 4.50873254616191 5.48060786873288 5.0302035555963 4.92054169910997 5.58772566805638 6.07852572536195 5.67303549213837 5.61430828238608 5.57901828831876 5.45455843490578 5.33670824064741 5.26500190178962 4.71078690548487 4.62142010706767 4.69765396710564 5.40402004734988
5.42991361853657 5.38323790681924 4.9609784655139 5.397306411327 5.37286648506407 5.98621803764389 5.41624961999352 4.98868532439358 5.23328245181213 5.68239067896432 5.44260272687358 5.05682419355899 5.21019811525428 5.24894622577841 5.51743214607334 5.78674660950422 5.76990735486753 5.57440689517094 5.27606140002506 4.92512055689319 5.0802562894165 4.94020886708885 5.25158240161759 5.40073444585787 5.89713386277668 5.43725583245479 5.21652252084987 4.70045295474038 3.93164317112659 4.04078120614508 4.3572285182799 5.39618646871003 4.90098458385657 5.38799714337728 5.597018368878 6.08551276250473 5.86115894400002 5.54893014338872 5.41159960521478 5.45898490250996 5.4261239678323 5.27552442190103 5.34568326476666 5.34418677691813 5.14970225747186 5.44806277558425
5.63249455830918 5.5363224404381 5.27626518730203 5.23479394553419 5.60485112988911 5.54706750425074 5.29303309027038 5.06690705160153 5.16416623834388 5.40002652471949 5.36066884029781 5.34649190872137 5.37723116761999 5.59824340360837 5.74944479835796 5.83803126488895 5.59256731530279 5.38596937906581 5.55221139755135 5.2588927388755 5.09736049216812 5.34076568224394 5.62052612183059 5.96886196661924 5.8213923005287 5.17367059343994 4.23397889595314 4.54493877910086 4.39171735517025 4.79582930978519 5.18161756893673 6.01504084801216 5.79952260069749 5.86426387815355 5.70794338714088 6.05305844411082 5.91962506086282 5.65210047623001 5.71853223359783 5.7926110493961 5.38941606152168 5.3313384150538 5.346331119114 5.55955757872037 5.18486510209717 5.29425842208641
5.42106272310242 5.42455935760012 5.14256477331539 5.79618090206019 5.64534281268543 5.76952792616043 5.13052819083141 5.04707430424308 5.22309169288146 5.62318648869239 5.81255353022284 5.87594302741077 5.78312896605505 5.69529373613029 5.76750395746769 5.74079661460314 5.56038940314446 5.68462497948826 5.61483403859712 5.87088090990263 5.12734256646586 5.15383574220864 5.46441907895475 5.63291596527974 5.43295499574808 4.17425514299877 4.47825732378399 4.15583950312992 4.84928438861753 5.26641625804533 5.66738091704065 6.01692605807514 6.09130606668648 5.78542901003896 5.73700721555863 5.68534176964522 5.91588782227351 5.81016227264617 6.09117505134566 6.35723388957417 6.02572359865465 5.64844519638856 5.72805585947917 5.61218693982711 5.28886413789041 5.26528467055741
4.74329591121541 5.22037993154712 5.27900011827747 5.58197519622026 5.80547464901208 5.65078558465404 5.0142284889055 4.86213688450789 4.9689946931514 5.43538421341007 5.64144295315578 5.91296540340486 5.78630819059417 5.6723016179449 5.18011017330134 5.35496280444973 5.32858787714324 5.7452446752213 5.88902216947425 5.50828961721668 4.93145985642726 4.81577656876489 5.1437309758957 4.67636846088838 4.48138228244282 4.24704636410965 4.46670390914328 4.60819342207807 5.20505013342271 5.24557850982088 5.58006623040524 5.98763157409456 6.11416224340028 5.8359166581034 5.35669992669415 5.49590155177601 5.62166849123892 5.89617054261859 6.5597987058514 6.48625366385067 6.03223098746831 5.77528358082653 5.5446962801201 5.49809020259286 5.11958370343373 5.24798864625653
5.11246763234022 5.38896249986877 5.75735089942367 5.72411892291305 5.82520284836477 5.6919683156595 5.45337562922928 4.80219317574881 5.28989311703751 5.41575535177036 5.89828944899571 5.80389740011757 5.96418649775928 5.29138537626727 4.71536514715791 4.76571635192815 5.05237724287366 5.61993113708449 5.47909033462873 5.2643676753105 4.32826066541307 4.6915054732021 5.06232567425083 4.80558541338924 4.28728562791973 4.35317347111918 4.97139143415334 4.69225238680311 5.10618878609604 4.70971597704921 4.90075133612403 5.34626967705897 5.64712062893003 5.26840740780231 5.26093602435683 5.40874314384378 5.53476922573689 5.99492439458346 6.02088348432032 6.18203640393497 5.5872949125619 5.80778045721967 5.74720090867859 5.70565469454905 5.2984438598135 5.50950401145855
5.4741459809685 5.61398631004701 5.89140951578347 5.46780297681716 5.25067212505561 4.94368431793542 4.72590100943514 4.63183027321917 4.98982915401018 5.32194323875763 5.46509209676337 5.68335472114773 5.48176087570784 4.88546030533292 4.37019606762045 4.36442070436027 4.8298019199844 5.16148299570505 5.22933803874478 5.09979134517102 4.62498321734693 4.71164073029369 5.23045123698829 5.11538635426713 4.86358878314068 4.59664876365079 5.49482644247305 5.48360872995613 5.05937258447166 4.59924075853683 4.75343593224743 5.12368487521399 5.17808182306548 5.04147539645845 4.88348600749572 5.45247657548937 5.66280588590645 5.01667033346063 4.9175717864111 4.58651661207569 4.96629425652474 5.25044515965065 5.53928276046044 5.35706065282987 5.58962153713719 5.42209741734622
5.65816437962446 5.55447741298345 5.73178095090655 5.71150450641552 5.43283879577765 4.56911484031677 4.40337368274612 4.49074702273164 5.43420760415132 5.40689618767857 5.72075764315318 5.54263245039954 5.46824462492195 5.09312540434491 4.56594702374857 4.70616740524119 4.41251949229168 5.01608922370897 4.79626119937329 5.6260663079748 5.08152624561747 5.00257804767677 4.92660849089749 5.47373091280578 5.21519728093217 5.17845933182704 5.44120331395541 6.01521828704703 5.49757708937896 4.75554223162268 4.75465065322477 5.07260737008733 5.10912183822944 4.86399893958989 5.16803215871302 5.69366824230443 5.67150065724847 5.02072975401041 3.90662837466564 4.41506573756645 4.87740111307492 5.42192202484299 5.31204805591711 5.44398587680294 5.0864212962626 5.08490011564191
4.63327776183743 5.04908706354801 5.56842781080338 5.61950120181262 5.17699309327223 4.7203005584915 4.23247222728267 4.6242418851323 5.1429680461476 5.31919611297786 5.30977426929302 5.27959905473824 5.57326042368049 5.25266393033519 5.16071041043456 5.21445256525092 5.13683431959435 4.66194142940792 5.32796935812345 5.92021400597066 5.85178758603673 5.13697524115316 5.09459008935802 5.20412335974861 5.2952495156278 5.03444841500828 5.50681482268567 5.8742076291082 5.76934396249875 5.04775596050872 4.81398709139303 5.23476825701977 5.13482645063461 4.95884400965614 5.38509753068544 5.71873005539638 5.88392550664474 5.27905783996085 4.83426905977326 4.73572535056996 5.11732978973514 5.14089753096369 5.52390055570627 5.58189640140154 5.3854692755122 5.24115695792824
4.4001433949073 5.11725777689023 5.7346202632562 5.56322451538488 5.28842480578286 4.84914438020817 5.086898161256 5.16997716225292 5.54632859333541 5.56245967071951 5.56059404480871 5.64535256888697 5.38864755264012 5.46732209522331 5.3217711781432 5.67089219386795 5.20440996079793 5.28273846464237 5.38569173567351 6.43032533695566 5.97214571568712 5.41038322152462 5.04981625299181 5.4865586534826 5.34260943640224 5.51856350087663 5.24205102562718 5.61613438902545 5.23250417040322 5.01423465167322 4.92479503667727 5.06177644439521 5.52117041853959 5.75171836002067 5.60356660087549 5.18805867102936 5.41393659522268 5.16740238020406 5.61206588166177 5.75798693755273 5.64209337737215 5.14268123150475 5.25265216101541 5.42593111253641 5.58448746912883 5.68541687756031
4.40101064664562 5.47934700788568 5.61758903155115 5.28846834527034 5.03312298987086 4.65293812543561 4.92333572188246 5.05877605022592 5.21279292476592 5.47393255806056 5.60248745212691 5.25981085224714 4.65146465264967 4.21255380036385 4.63020677406087 5.28990318783286 5.26602440861697 5.45115213347891 6.05771048423472 6.22621295139245 5.91123569985496 5.19665868884086 5.07285651498891 4.81479612738578 5.43569469608573 5.45922155894523 5.39058887627505 5.08112854818352 4.89548542221574 5.06812410414306 4.67290186512983 4.92007339188236 4.9661375244327 5.07960969950854 5.11171905452767 4.77094668151831 4.60970906356758 5.00363803428009 5.32302032411405 5.57562514166581 5.92150384152134 5.20251660163065 4.4990355739217 5.31327821310315 5.90432555728607 6.07713136085028
5.28545984791106 5.67423667254342 5.58177605476668 5.05145049942138 5.21844436269871 5.11802919269322 4.44870177617503 4.46993394325406 5.18368713861535 5.15802528930594 5.37070607140632 5.42580999737934 4.29869976374479 3.65694847538085 4.18715606626534 4.89332677986375 5.14409570969076 5.4087271240161 6.01404606518894 5.79317250294576 5.78163362668321 5.40632727106315 4.83081388123287 4.67092709681519 5.03684553356645 5.59094550538919 5.57256317957006 5.38314787187515 5.09296986809247 5.17168221365034 5.17404059892902 5.10188041297676 4.85642993564728 4.60951349626387 4.87536312835657 4.9043639243617 4.89608706341689 5.02085269943574 5.35152617195881 5.42156432766904 5.75303496716579 4.91609472665233 4.7066949496525 4.82001894751829 5.61357323008368 5.87672175506905
5.55232664501856 5.26395506526901 5.18560047680374 4.73935129898791 5.12394755310879 4.94835478233574 4.57733161846147 4.24911796914933 4.59349052655039 4.89578988091322 4.82332106658989 5.03475898151315 4.48493957782039 4.21172010264921 4.20038650338021 4.97784335995436 5.44181060281795 5.752441581072 5.84246718655472 5.51282926916748 5.08620683925844 5.08454908747674 4.95793031348503 3.9909482121246 4.33982852462299 4.92052632428704 5.46637347296286 5.4276525580491 5.55309044185069 5.36658584145991 5.32233149595343 5.19594574987146 4.74222194989385 4.90872690163592 5.07388190989591 5.0579882391286 5.2990366792996 5.43494127177713 5.47307474201455 5.66307127715384 5.29759745092281 5.07975536230946 4.78222631374514 5.01096620296919 5.32050173627131 5.35185817971836
5.55830162727162 5.28467340480749 5.00007555176727 4.73403653898012 4.58165482323662 4.80901362807031 4.7698385467115 4.63814933893831 4.46152541548382 4.82742902543739 4.90673950652777 4.84778131248851 4.70762872884534 4.72887975836982 5.09766095330015 5.35922036100889 5.92473785884441 5.98532171596154 5.86488240395337 5.26787465214491 5.06701882738414 4.9121079248114 4.98383132082619 4.63583731257468 4.36100180098047 4.93998504061389 5.55617484134127 5.49275007755647 5.48919802284764 5.56278420329383 5.41975207197049 5.15296904297292 4.90457602201668 5.21806102290202 4.81280073180182 5.16551109436775 4.98222993042366 5.30224447680957 5.35418133302847 5.91240427117721 5.77868702362756 5.12972164028048 4.77396892989801 4.93472626104699 4.76672263779454 4.89638955701221
5.3570625519432 5.23559015327998 4.90782917217902 4.37788376229428 4.30991497880508 4.79050384903096 4.65762689504655 4.67281019054614 4.51643300716949 5.08365299873089 5.38786767304244 5.18457623231 4.63089247913741 4.35671594483594 4.81862958814722 5.56700660120431 5.86600617007672 5.67691645332945 5.57133237821894 5.56868232529398 5.29777058408952 5.04047202098449 5.20786023063313 4.86764820542593 5.11691920325532 5.00314575175253 5.59377235418264 5.49831982486453 5.65043509479849 5.47079421897525 5.74869531601275 5.5603950845736 5.03185776796472 4.22239838722666 4.84782734794787 5.26591572833656 5.32576062554031 5.21002406536026 5.33424977438472 5.67739908303753 5.47436647647643 5.02996935154971 4.87663824679198 5.02566344337245 5.44703223449044 5.09287686460996
5.4020485486138 5.18073376949842 4.76808688867639 4.39716976771992 4.65513407207789 5.11922604496222 4.90937113869477 4.61859202044576 4.44870858986668 5.26840980079503 5.65809605018383 5.69381554341352 4.86576520185978 4.13278204332406 4.68760939272929 5.53820201403056 5.9704857842735 5.3672303428631 5.26742200327252 5.47791032481023 5.5432420556853 5.41235426353982 5.39798717452822 5.71290463925108 5.19054275834765 5.20054057416533 5.76882802609418 5.87502860042184 5.48077923822128 5.55989383189123 5.42325468100018 5.49425387973564 4.42318086450914 4.60346276267806 4.64960262825683 5.66674340178924 5.38301838066975 5.44219519930626 5.36561685737933 5.69508453924625 5.13095749108258 4.83176464547786 4.50150548401159 5.00733706592905 5.35005931619368 5.78587126566565
5.30875365931875 5.4316618197879 5.13293034632327 4.48524823152058 4.62766162885001 5.22715363070573 5.23579457333418 5.13006869993193 4.9359918660599 5.31342178447052 5.55005586645897 5.03936593203189 4.36294017585416 4.00121252759713 4.6789488449373 5.08225100766045 5.53484831647597 5.01923334946952 4.97277468565489 5.31277608635604 5.35788880922413 5.08052981829617 5.35230030401003 4.93551161965257 4.89245033620934 4.97594521341976 5.65392924277405 5.91342265167807 5.36753418017464 5.09720578581514 4.9241262123668 4.63061677432675 5.06596279733172 5.50539789472933 5.37910215489609 5.41089141485997 5.70095239724729 5.25862323120211 5.66263142222204 5.95701943071002 5.50774199414429 5.15982518322836 4.76045538508727 4.46342959208596 5.28759361075128 5.45631200288746
5.17619566656928 5.78386940039298 5.42419225278602 4.87960253446627 4.27502350103799 4.4942775312915 4.16601366787246 4.69621980047083 4.60864703257111 5.14893720760543 5.02461133913116 4.10420028297087 3.54704344293884 4.16318807134022 5.01337117299123 5.18817512184829 5.03262653867873 4.83391492366811 5.17514554961791 5.17981226693749 5.45146028990336 5.40428395539389 5.09368286607972 4.74837525556973 4.67429947225048 4.89417559662164 5.2529061818627 5.2428123529514 5.06048433490474 4.67273714445592 4.05205167634347 4.46847423072094 4.86922050328446 5.38646560977943 5.15156158728484 5.29910848164876 5.28352863210109 5.50171519266243 5.70717940060007 6.07876198190649 6.05533364119505 5.81487814664871 5.42775453278073 5.34345073772194 5.33642240556256 5.6210215253164
5.21743151158394 5.70063628842168 5.68525301778188 5.29971205667355 4.60710437775595 3.944369442188 3.87313346959456 3.98517625645905 4.50660554690774 5.3419327518475 4.86191081361875 4.20670765083676 3.86688287180383 4.25091960831554 4.98319631270091 4.83028498597258 4.66083069562583 4.78331114709212 5.38995911371356 5.4528707504723 5.79400455034034 5.5211116849211 5.33600080976399 4.84226973583425 4.7750346144795 4.79091929418465 5.23856117260267 4.7501595641671 4.77527087386983 4.59817944117146 4.91449469401359 5.13233030212291 5.10026147684565 5.26011468300626 5.00710547156363 5.07682164358074 5.06495883668316 5.52261827241789 5.88374600419224 5.81383256868511 5.87342768580315 5.91751643431345 6.27317966610442 6.60388803928551 6.09800020671086 5.84006213637333
5.22123746426737 5.21984276584644 5.3479900100367 5.40724648336688 4.66536742390598 4.19887111311857 3.60114235647455 4.2377386521524 4.85083140164726 5.28294719827214 5.20220598571654 4.65893908403246 4.47655503039063 4.72867366968374 4.83825014230413 5.0160523912329 5.15491480777356 5.25229992039092 5.53194718167103 5.16752194430962 5.2144143062493 4.55697776814923 4.42215489151795 3.88258116949712 4.19846042195927 4.69672674566274 5.08002012161292 5.05698637665988 4.75376459631141 5.17090946392657 5.60508454278436 5.43486797382694 5.5028147306334 5.03651781557656 4.75968856826782 4.60433420271551 4.94187685356854 5.11037232237502 5.60947237083612 5.75322704797852 5.31919682607374 5.26899741236935 5.86798769571117 6.02204724211349 5.88791647095894 5.60173010466699
