All-in-one-application-example/output_no_constraints/BIMAC_interpolation_sd.asc
NCOLS 128 
NROWS 124 
XLLCORNER -63.5 
YLLCORNER -0.5 
CELLSIZE 0.5 
NODATA_value -9999 
[rows 20 to 39 of 124, columns 0 to 45 of 128]
5.62872597235243 5.15440211907552 4.96270901020248 4.94257737224643 5.00210013421768 4.87213000548526 4.41574842912489 4.39859467957831 4.90407651402216 5.01800668678678 4.7276864332031 4.50001360688409 4.22776663829041 4.30990396997133 4.16341755726594 4.49165375550281 4.22747022461568 4.33609937380479 4.04798350085829 4.37461605715694 4.75887153270383 4.59417229311732 4.32837775323491 4.21120680398195 4.39323725550868 4.5815470415965 4.51513062593149 3.85845366464592 2.47999618681615 1.69301466352183 1.59682908933907 2.70503476310435 3.14701073891827 2.95417433553803 1.98059087963035 1.16296388142402 0.991366060332514 1.31164930731333 2.05639543117791 2.63553217132098 2.6207481910379 3.13098721129547 3.24719568007504 3.605805467029 3.53466274064429 2.42527824065364
4.74981939461825 4.78876990115265 4.9049187306995 4.98763920755149 5.17651613110409 4.63823951466079 4.43389847660185 4.16413349757742 4.60218871163936 4.66014255676774 4.47884769463075 4.55948127983352 4.68560566491301 4.55220533611636 4.45836391289122 4.38217995928836 4.17507631082544 3.94296371175788 3.96377321336024 4.30346289315711 4.56501182736799 4.61649710682946 4.35198146631603 4.26408712974038 4.14478359119634 4.36454639956945 4.70116184057118 4.57018131347438 4.3296869772158 3.32883687585381 2.68395718575124 2.63651132929889 3.99794342578848 4.49183467794107 3.8191259563119 1.90915221334201 1.81583780587905 2.14427848180793 3.64306088036515 3.47879575729843 3.2903010913644 3.57210272329921 3.87143899138022 3.54972765872568 3.26804984167871 2.45778453283713
3.7896331940274 3.92731390708605 4.28391213240246 4.5303181494966 4.51788736242835 4.29306637439478 4.48564936642411 4.4564323208718 4.48703174826075 4.14980698447641 4.12423902955675 4.31559635111598 4.71489196679763 5.1048289267734 4.70848652070701 4.73098946266338 4.1658986050654 3.7691036339671 3.79819957785214 4.10182235959429 4.55413087717843 4.36909058572235 4.41077395142148 4.33072311088378 4.27620072603797 4.2234234790268 4.73291485870414 5.2339333085919 5.19896221135347 4.90946199095828 2.71532816168164 2.13312268335832 2.85788854316256 4.48539476427637 4.8694086277267 4.19722349497597 3.0041621289595 3.38860231564608 3.77753386688913 4.02159069273336 3.48551589449364 4.48977977714362 3.01091534580366 3.35004692404003 2.5344988397719 3.09984900578274
3.90138411228658 3.8796410654538 3.88252374497036 4.07168109511369 4.0861064521836 4.03896807672148 4.14523171412882 4.60285135086771 4.54683306501061 4.48249446305511 4.28990463517206 4.6695516805292 4.95873198344523 4.96510071615891 4.98053155627012 4.63759394189163 4.5123554678335 3.92122582690704 3.98517495764222 4.47076863773838 4.65264308296792 4.51143329022485 4.40249561529634 4.53230625118217 4.80134792515398 5.15253141150639 4.94881914788724 4.82943458121959 4.71730686275652 4.36172223480399 3.24905968865052 1.67764824527709 2.1396031886163 4.06887600736366 5.36381299127872 5.11060489703389 4.62146917013595 3.34224291676081 2.91519837492577 3.54584176926045 4.71936863136751 4.50155950617942 3.48446126000272 2.78711135254129 2.29016400821817 2.19845614512593
4.44425993423741 4.07130597905112 4.06736710760583 4.46728459819999 4.58238664299506 4.18126295338413 3.892280654064 4.13121798112046 4.55101791953073 4.36169703953985 4.59112265956112 4.9911498724274 4.84565690059893 4.5555478452659 4.41931840858153 4.5353851563033 4.51994362905675 4.41472197296625 4.57771251153207 4.69886855959471 4.77497149023633 4.64089712118472 4.53312087202191 4.65065277580063 5.16928259852993 5.57044711168327 5.44466190089248 4.74552913506971 4.5969944952007 4.98827321242538 4.5073060765534 2.64204861949652 2.50205023857903 3.27953843602204 4.59936600812635 4.85303699649608 4.98433675363013 3.52024149530054 2.69126528814376 4.2997273178973 4.1153733902993 3.94047064544465 2.71320632258335 3.05509134344513 2.46794098645628 3.09632110703196
4.17269410256589 4.11353991721398 4.3769449230721 4.76435593069436 5.11301472182343 4.60915731724576 3.79109509123005 4.05136070595945 4.23269321548997 4.61676416273635 4.46108448589357 4.72790163649265 4.63815486812338 4.03662171011317 4.40274894626191 4.55498980905135 4.40157499871473 4.39590847436484 4.93947177666717 4.88879773052968 4.59986888864848 4.9204004206482 5.05361431464763 4.85186833538729 4.8546574482244 5.20793427272365 5.27157356969932 5.10051155844402 4.90830094963957 5.2073793061071 5.23130711593439 4.34932919054875 3.86392584160029 4.4037352213109 4.86066156921911 5.370922283904 5.46600438317331 4.84779855951696 4.76437780062848 5.28665533814448 5.04923918052879 3.8148202838327 3.41230947418365 3.66409989230988 3.75750362123521 2.97863877698083
4.21849569781713 4.2917098546163 4.24786987681399 4.54454388722325 4.83313085964402 4.46575392776307 4.40887081204048 4.21081985920114 4.61378218792848 4.61619860544472 4.50934789701307 4.34000195643602 4.17163832602461 4.02457882326677 4.25135687463488 4.42523789938607 4.27583937341003 4.17532026359556 4.71924967971043 4.92848916282882 4.69150557165312 5.14895915206195 5.46686291275775 5.1660634486915 4.46451961806469 4.38113182724215 4.78669621307969 5.02705709504688 5.49074170202122 5.73041131259904 6.15684578033914 5.42441897422543 5.44465664255085 5.15902158359776 5.87994387749958 5.85618510448443 5.8096139039772 5.91423561317906 5.93261527378148 5.45738475944407 4.60891120698061 3.09880684245669 3.9081184386418 4.44517509688031 4.73929468406463 4.11745521328596
4.35765610987237 3.98058618041952 4.25398398036325 4.25907917638356 4.3813661918871 4.2957293783746 4.17389792551514 4.52631351401753 4.71424989706177 4.65333196349897 4.55287750328501 4.35316816346619 4.17303108281675 3.92316543870705 4.05390553006717 4.31384452903807 4.48194712157224 4.34191476667412 4.35375001343956 4.65338775031564 4.91057882132541 5.06630152903268 5.49724355104882 5.40212931408695 4.79428937028275 4.4925529265105 4.46214000672328 4.82514539364251 5.383251211226 5.8067745206638 6.05260900120979 5.84892938551254 5.93243270589866 6.2677107179273 6.58117109419956 6.10032435408283 5.94563646073338 5.77113861382927 6.05029486134615 6.04516458998705 5.02500562309399 4.32661249673436 4.43016146559771 4.55812112355887 5.12379718688649 3.47224455591161
4.13276945087991 4.30962453808623 4.70062047892434 4.59655606336403 4.54844667893556 4.01317897554605 4.28667338091127 4.53356411492294 4.86921703112432 4.60930421287495 4.64241028121804 4.78006491037488 4.5711367460152 4.11659852684247 3.92848059667336 4.44353767105256 4.52976436028931 4.66328712603135 4.25116172324411 4.66114127652066 4.78746870407216 5.29014259370144 5.06869572770626 5.05064677584838 5.10661835465564 4.54494917996453 4.30631121286665 4.76481550677632 5.05691088930395 5.19564486562968 5.85461446178825 5.75062509281977 5.74563458760828 5.55651879406481 5.95860948282309 5.76954715843976 5.93720760839621 5.77412540492628 6.07803739159915 5.31722395994495 5.37322846943303 4.38692710791462 4.09285318746704 4.33460592628935 4.89824107702412 4.09893924053877
3.76696265477605 4.26416127871865 4.76798452632171 4.85871523278704 4.50209551762473 4.38848060943312 4.44678754434854 4.88360467528773 4.8328659579569 4.74577455997692 4.8737095384487 4.96130072669361 4.67377847956983 4.25152147904388 4.28309273018148 4.29273215380915 4.50720702076343 4.43903532955614 4.56984559627267 4.46314693075115 4.87630897453462 5.07938599086128 4.72307778671091 4.56779843001206 4.68181142837846 4.77288789966169 4.65038191131046 4.70118389752599 4.83983983252526 4.84807965441732 5.15301778585773 5.59852391208926 5.51755130563047 5.24439031810497 5.45874157268301 5.32267407503835 5.54937903469995 4.8007896684328 5.31936801499432 5.19852691597414 5.64825639537075 5.44961016843773 5.06283680246939 4.49703893710562 4.92026843126662 4.40019009400622
4.08442769969227 4.33575868064779 4.92287171346728 5.12472297784516 4.84823216587614 4.62983609241181 4.82695958444996 4.9677166681454 4.95888306451226 5.15390402465931 5.22510816304133 4.92294325465341 4.3336172549259 4.503295352618 4.45640820371869 4.20397403717504 4.08634359223917 4.60401095112503 4.13820626343999 4.42043233955169 4.58839765601296 4.78282182876316 4.52341356351715 4.28799888872911 4.27166113451858 4.75504427704619 4.87111048237361 4.79567620073268 5.04112832133085 5.06732785576655 5.04530722477751 4.64687793777604 4.82167156635604 4.3116151668864 4.62516243012197 4.48667872618515 3.76463039123862 4.04615282707116 4.29573489069374 5.22126090180032 5.65165544502052 5.38679286545617 4.57680699465032 4.92112784922146 4.59296774215796 5.38120287401674
4.39583894335795 4.59924713731117 5.15243983435341 5.49523012638422 5.29190229584441 4.88009117472494 4.88136145028088 5.09958175448725 4.88973879775063 5.54270843948648 5.32250021775052 5.06557378015088 4.76512842857108 4.92361010692608 4.87577769130583 4.55948729293499 4.67734348040282 4.53994775209363 4.57092374254604 4.28862250981427 4.56525640234726 4.85372411075771 4.56885915801742 4.2246826910336 4.30504195418878 4.63643469018057 4.80938100819477 5.01349118680122 5.1981603248771 4.76590220560064 4.13980731388424 3.30573764915101 2.58920293561293 3.4596998475352 4.26672711334989 4.01822020906551 4.01801254275491 3.3961499579157 4.60743952884727 5.18403762833826 5.70716490701001 5.60601073603081 5.53641156322639 4.85963461913792 6.01611317942118 5.3264165287212
4.85505844086056 5.06307841648362 5.73107135345873 5.89689671130851 5.39167500407855 5.41295252583272 5.45674922402486 5.13654221599161 5.23913862591026 5.50663834839733 5.45354871862281 5.27077562100882 5.3280249015763 5.41513644185825 5.08448815817728 4.46439052004204 4.48566797259224 4.48419436592603 4.906851100414 4.9467945292094 4.78248540846149 4.97187037712123 4.83457760476996 4.53110966085287 4.79048454660879 4.76516814880115 4.61358505474132 4.6154304783837 4.85554815431365 4.47679673092954 3.1056843656981 2.22338371083099 1.91636486988116 2.45416141167329 3.68394651063725 4.74582763409284 4.684979946707 4.99746817257232 4.97002262788143 5.55037034420136 5.51466265363911 5.48434398552626 5.03518258909026 5.62877620509494 4.92504936749491 4.22062363364877
4.885338755902 5.53136115242842 5.77231752441764 5.56610171728129 5.50265720253562 5.73192873824756 5.83158786755242 5.48051663193597 4.94984976921831 5.70014318690754 5.76707056442039 5.70429811043202 5.72112542459339 5.20836106516704 4.85297875065942 4.16243851018643 4.30369748163733 4.76632450591071 5.51773048006703 5.47639396225749 5.42026673680105 5.30025550616091 5.16490512431388 5.30167105630136 5.13952640631046 5.11143560155203 4.59296557176595 4.7052376852467 4.58490851048205 4.47233630908785 3.56846344839595 2.17527786102984 2.5533592649272 3.21307542740623 3.83372846898619 5.2484736273469 5.29494547408789 5.14247505145435 4.31886045643476 5.0444455373247 4.84263851305962 5.32360328801882 5.42450296935239 5.03914459272692 4.50755470222993 3.14925016885881
5.39783063969533 5.48224838370038 5.70640427030987 5.5146332822134 5.43085383328611 5.43600626598428 5.69249332057252 5.24079002439058 5.21654160995677 5.64938528559228 5.80766586954337 5.65071291908807 5.30895428742047 5.27270846130273 4.72348351848596 4.62813255474243 4.93782749319683 5.00071966701358 5.88749944372044 6.28078581020532 5.99406136381318 5.95381918464146 5.92773203982053 5.48496867076781 5.36989686669052 4.98388151725931 4.80702119987891 4.71994847099554 4.37160201996052 4.57138088475244 4.08594898491203 4.19371468310359 3.82089232352795 4.46723121445237 4.27141968506218 4.31266066860535 4.69386076031 4.18330428845849 4.20392507741905 4.27709903055093 5.28541704576977 5.34963148605067 4.69949703420476 3.88641382316013 3.96530196400706 4.16144907013835
6.22601994936185 6.11522824482534 6.01526701240955 5.94119917499446 5.62718899410597 5.44135602710063 5.38862718168467 5.14977911912105 5.40546305028189 5.19015436357794 5.40616069160102 4.35989468505124 5.08793055316046 4.81482040665077 5.24839824355204 4.77124796380325 4.40221728518637 4.44954679675776 4.45917344344553 4.67624960487612 5.30715987325863 5.59236213419317 5.85025920352746 5.5495383752877 5.18236758238919 5.29785188310428 4.85354753499997 5.03209271507343 4.58346095678748 4.29412186454556 4.71462404812512 4.38209278279859 4.60818810173316 3.88519021127501 4.00216953425248 3.23198067011525 4.07084696792553 4.28326882455754 3.79989086940767 4.89626357327625 5.12566185608486 4.96686055596676 3.09024302573703 4.05720875677113 4.45438985296919 5.48659320534562
6.49044595024256 6.31816882600924 6.13604882999229 5.21071611860308 5.50159206505619 4.68037003335579 5.11595348228402 5.14646381083941 5.24744179484909 4.88181732207726 3.46109729850507 3.99471828957525 3.35155893173574 4.3963938810668 3.79883721472144 3.53173638983481 3.19828606186831 2.85515008990765 2.01148375916737 2.86186161636813 3.32550255965737 4.78430240627366 5.1915010404805 5.7427664418551 5.0611834124714 5.13082252312733 4.87319155359185 4.55600282544244 3.98460711559087 4.32049003462182 4.95178128735416 5.36898932876739 4.58587771388729 3.47167371510327 3.17620511859497 3.20410889834549 4.18560311166206 4.53030530015772 4.66168606026611 4.80414290423871 5.02288945732205 3.72662244475566 3.61209698191091 3.06153647683736 4.92079485311003 5.52644280384671
5.24701968420644 5.027354519566 4.29501894543346 3.49879090865384 3.30427903719267 3.35011326669989 3.22846802144114 4.0871724137888 4.89440485278642 3.38219293393565 3.33208643420676 2.78404091271575 4.09519993224909 3.5881111806249 2.543769181217 2.30964173380949 1.6773029171836 1.10149454654575 0.438117664519467 1.03370986941599 2.63257046514608 3.53600794994123 4.80070701725516 4.87588420730372 4.38143687546284 3.93514788234521 4.33309150745474 3.95984082741628 3.62592674362922 4.80108895353116 5.91733659052904 5.39287578582365 4.48212346975041 3.05291842942527 3.29133901589713 4.14504812899031 5.16476067402053 4.87915052992312 5.10660250006716 4.55791595875858 5.20430470645439 4.82015429632477 3.84398058525689 4.34681408513809 3.79434931798394 4.99162956304084
3.8483254164948 2.71051936138769 1.77491560416175 1.10376470552842 1.37356268643805 0.856689339918762 2.08082005189419 3.29011991402619 4.78447327551739 4.45561054913361 3.34439665368878 4.3306520140874 4.72421117351831 4.16805334677731 2.73798613948474 1.30599109661744 0.681272202074573 0.682465379651559 0.44101414071683 1.36930709188346 1.60391509921101 3.24754508874573 4.15561181762892 3.48889031682507 2.79599047679516 2.88844871986336 2.59919449245793 2.91300058718184 4.19074918712525 4.96726739344541 5.18049897576349 4.83917779570883 4.06449287183506 3.48322298542618 4.89359018901508 5.36159736455853 5.84686734804253 5.60691178260141 5.12576631962283 5.42716256946525 5.39467367290449 4.76442255143258 4.23724868275615 3.61693112854138 4.0884892583895 3.62607652418051
2.89819797499527 1.56195913398812 0.497168704238167 0.506022517700713 1.30482056224457 1.61324157654114 2.84731453186221 4.19756118616102 5.21767812222414 4.84757064660556 5.12319798494215 5.22960778536563 5.72122174896324 5.22491809418277 3.57801618849944 2.19215243620599 1.71263012115274 1.16142058474101 1.3884610875231 0.82905331204012 1.88709455881799 1.89670538450634 2.64437958906241 2.33002851058728 2.07653860769931 1.87756137636032 3.06295152095179 3.94923596919042 4.84072127040275 4.88011310416706 4.77217807993042 3.03044702687808 2.49151869790713 3.74063939474028 4.82748597593253 5.78140487334686 5.92011766321172 5.95415206289527 6.2509614040409 5.82232650062259 5.72742027618193 5.10062691715191 4.40912498893787 4.03125055880633 3.871303295954 3.99475519779801
