All-in-one-application-example/output_no_constraints/BIMAC_IDW_prior.asc
NCOLS 128 
NROWS 124 
XLLCORNER -63.5 
YLLCORNER -0.5 
CELLSIZE 0.5 
NODATA_value -9999 
[rows 24 to 47 of 124, columns 54 to 107 of 128]
13.2487778131441 12.6813965262278 12.6810624992163 12.2828836687841 12.9739258537253 16.6 12.2 16.4501424527388 16.3501819047415 17.6 15.415898666947 18.1 15.2056480317815 14.6367753922956 15.5 13.7552938707692 13.4305998416055 13.0037760377516 13.1195486668697 13.4205228979049 13.4020437190268 13.2771507290938 10.4 14.7 13.1620590809941 13.1155720880028 12.5 12.5 13.226112147383 13.3716502084205 13.7890465124046 14.1147898031079 14.1812969262587 14.8986924798402 15.2817290466903 15 15 13.4792026894928 12.5859188686768 11.6 11.6 11.6 11.6 11.5690983005625 11.55 11.5309016994375 11.5 11.5 11.5 11.5 11.3816921314441 11.3560514114489 11.3335147387251 11.3187603110974
13.7485588157341 13.3085442041273 12.9540432388596 12.4970279452552 12.849462821212 13.6523092781149 13.838487833823 14.8570555886066 15.0397520313397 15.1533810515573 15.376059679633 15.4584311616197 15.2321004233558 17.4 14.7903065536318 13.7996887997344 13.7356167065612 13.2398419608863 13.3411999000675 13.3694034907527 13.5820330520201 13.4069387737712 13.3066401692888 13.306240379268 13.3433926674797 13.0906456257219 13.1430233744334 13.1219294378868 13.1232264041618 12.2 13.4526103064369 13.5778393088374 14.1984899229982 14.6894188543769 14.1961573410716 15 15 13.5635923456327 12.722967027836 11.6 11.6 11.6 11.6 11.5572949016875 11.5414213562373 11.5217129272955 11.5 11.5 11.5 11.5 11.506671197741 11.7 11.7 11.6091673086804
14.7 13.6006112207082 13.0971258305004 12.6021007063957 12.7815587139135 13.0736626231615 13.9649955873984 14.3389988742409 15.1908061815516 14.6594298993708 15.3373244132266 15.6163153926513 15.4499508335138 15.700715371544 14.8181766224179 13.8207159333832 13.4574012385475 13.1 13.2442793866833 13.7087867509329 13.8938440020154 14.024268444142 13.5119310861711 13.6795870686879 15 13.4224040727641 13.9 13.2647050840101 13.3 13.0847968242539 12.9594727824698 13.2730186865667 13.5511726181899 13.7968070645622 13.95 15 14.0236270231455 13.5453986524594 12.9483365215241 12.3217024358005 11.6 11.6 11.6 11.55 11.5382782218537 11.5 11.5 11.5 11.5 11.5 11.7 11.7 11.7 11.6225148226554
12.5 13.4645379237256 12.6 12.4425243791228 11.3 12.7245739310333 13.294320423247 13.8647585976019 14.0869937923513 11.8 14.8365967224619 15.6849791719164 15.1711864838188 15.6073748945341 14.1125162545428 12.5 13.6563010769356 12.9 12.9077736553898 13.1 11.8384211741078 13.3096908810468 13.5154638680273 13.918723507011 13.8449822372681 13.7626251763138 14.1996300923727 13.2743481618598 12.6 12.9664849482583 12.7951677424253 12.9 12.7480095089313 12.9 12.9 13.6711457693844 13.6453275194829 13.412771668334 13.032043458075 12.5956862395406 12.1994607288978 11.9596934413054 11.8598794407099 11.8 11.7832815729997 11.7562305898749 11.7324555320337 11.7296693311224 11.5 11.5 11.7 11.7 11.7 11.65
14.1263538018276 13.3901170856255 12.8068650599076 12.3089025168476 11.4 12.3741032797559 12.9239044564045 13.1620880310956 14.1250201214605 14.0209858679086 14.099719699605 14.9131787121128 14.7031959900618 14.9091084407928 13.8192483808657 13.4633602024817 12.7324555320337 12.8167184270003 12.8514718625761 13.1 13.1 15 15 14.4636924711136 14.1145922826328 13.7613412903911 13.5976261595644 12.9 13.0559551227993 13.0392626465915 12.8007607775622 12.8048208360596 12.9 12.9 12.9 13.3483972674357 13.3634270241864 13.2551821620696 13.0109758555002 12.7025527736722 12.387726471532 12.1480801071181 12.1 12.1 11.8703306688776 11.8675444679663 11.8437694101251 11.8167184270003 11.8 11.7223417770339 11.7 11.7 11.7 11.7
13.8127008549475 13.3397445032876 12.9233154226008 12.6 11.9 13.5837914290797 14.5416381171248 15.0891949553178 16.0842589932204 15.8280539055545 15.7316524008166 15.2375149279656 14.7825228447753 14.727544545715 13.7631813211732 12.7140735033952 12.7485281374239 12.7911688245431 12.8196491498017 13.1 13.4695657059866 13.9336970810394 15 14.6260260265393 14.0221229678592 13.7193583856374 13.5413450595168 13.2521204336446 13.1941045900219 13.0915657698542 12.9034955642905 12.7929632483024 13.0148346655612 13.0416407864999 13.0637509630206 13.2 13.2 13.1435198794188 12.9773561247206 12.7581470385639 12.5182666564178 12.3008030492246 12.1 12.1 12.1 12.1 12.1 12.1 12.1 11.8293108934427 11.7 11.7 11.7 11.6565741454089
13.6528770877844 13.4026768817593 12.7541251207238 13.0884207649233 13.5572377421416 14.6270354700144 14.8 15.9664692455247 16.5319124639553 16.5410512304203 16.4343415661791 16.0720791623687 16.1062114088685 15.3699368284497 14.15 12.5 12.5 12.5 13.0953392442679 13.2561505512166 13.5295186293841 13.8119360352449 14.0276527295182 13.9859669631274 13.5498150461864 13.5136020948086 13.23084978258 13.1791374866495 13.1461983794222 12.7998361321813 12.8044639361221 13.0362490369794 13.0583592135001 13.0851653344388 13.2 13.2 13.2 13.2 12.9395272012906 12.7846732688012 12.6245771477365 12.4494647375481 12.1 12.1 12.1 12.1 12.1 12.1 12.1 11.9232662423604 11.7 11.7 11.7 11.7713578344651
13.6 13.4036752765098 13.1296769992901 13.6564025365511 14.3765585602153 15.7036528145387 16.2914729076809 15.3 15.5000369253809 17.0855923936204 16.2 15.8 16.0864456563414 16.1360548181086 15.8 14.3848122020414 13.7319956591483 13.3891355261777 13.3130727306808 13.4002601805961 13.6079741071066 13.8158449759216 13.9583823251935 13.9679974427193 13.8360025218989 12.9 12.9 12.9 12.9 12.9 13.0719490208351 13.2 13.2 13.2 13.2 13.2 13.2 13.2 12.8 12.8 12.8 12.8 12.427075991898 12.1382782218537 12.1309016994375 12.125 12.1309016994375 12.1382782218537 12.1 12.0476122815187 11.9637024495256 11.7 11.7 11.797366596101
13.5162427994654 13.5 13.4010971167107 13.8 14.8634110448687 16.6153194425423 18.75 18.3509160113017 20.8 17.4713135244648 16.6 16.935361543618 16.2539858563886 16.1584672174873 15.8 14.833165259325 14.1837923997583 13.7590486544074 13.5816950313124 13.6016793901421 13.7545322049005 13.9293511950349 14.2 14.2 14.2 14.2 14.2 13.6379047402814 13.4262988285213 13.2730706840433 13.2016119249774 13.2 13.2 13.2 13.2 13.2 13.2 12.950144480918 12.8 12.8 12.8 12.8 12.4023163787494 12.3493830758373 12.2178742569758 12.210063268338 12.2091729547691 12.15 12.15 12.1994267481433 12.1729120439878 12.1192332075112 12.0495280004658 11.9
13.5229004620556 13.6183382616016 13.64 14.4740979520566 15.6156667103313 17.324007044303 17.6459878245776 17.9315639099818 19.2 17.7267463718714 17.3032649951804 17.2177477056868 16.3363987142723 16.184236345537 15.8 15.0589194976134 14.4637486691773 14.0295256796275 13.8101658716925 13.7784603442937 13.889711663741 14.2 14.2 14.2 14.2 14.2 14.2 14.2 13.6649404831333 13.4685348848547 13.3328791548535 13.2 13.2 13.2 13.2 13.2 13.0468871125851 12.9282859652727 12.8 12.8 12.8 12.717085808875 12.5624992011162 12.3689808566389 12.2448865441435 12.2315124442148 12.2283885859146 12.2276820321672 12.3401754250991 12.5 12.5 12.5 12.5 11.9
13.4862726501255 13.6177047458848 13.6381654090462 14.9201813250476 15.9609385269141 17.8226738661863 17.7889449198001 18.1258913331646 18.6 16.874690936079 17.5279826703323 17.5501645876983 16.3872970410589 16.2 15.7935732308472 15.2428051306508 14.7057076335654 14.282900818738 14.0372865759795 13.9467788929983 13.9961413073815 14.2 14.2 14.2 14.2 14.2 14.2 14.2 13.8284275774674 13.6496099966931 13.4859082009885 13.2 13.2 13.2 13.2 13.2 13.0111456180002 12.9048684667971 12.8 12.8 12.8 12.7282703076115 12.562718284914 12.4216388375109 12.3 12.2 12.261803398875 12.3339187518703 12.5113458011507 12.6215335745086 12.6159862954729 12.6153300737158 12.6171326980203 12.3
13.5 13.6362490369794 13.65 13.6637509630206 16.1128945141358 17.7898156398504 18.7213090778402 18.6610962279802 18.3717896917908 18.1225983465238 18.0976099036437 17.6879811283429 16.7463412069598 16.410338913801 15.9305171704601 15.4278182492273 14.9548339947373 14.5779715608778 14.3237482222696 14.188331320124 14.1600757769901 14.2 14.2 14.2 14.2 14.2 14.2 14.2 13.9658541358914 13.8512124345703 13.7315439718442 13.5515413636926 13.2 13.2 13.2 13.2 12.9816653826392 12.8 12.8 12.8 12.8 12.7134446499565 12.555922572629 12.4210091404882 12.4 12.3 12.2828427124746 12.4588411670993 12.5333870250425 12.6186342266055 12.6027108687317 12.608132282429 12.6133201576396 12.6171326980203
14.292259583412 14.2983109748451 14.5296307117906 15.144165757718 16.3242709154001 18.6 18.2563684594093 18.2237652782463 18.1536425437016 18.0673928740606 18.0386772829938 17.6331502673701 16.874690936079 16.4626597857559 16.0005860289359 15.5488076030886 15.1467624806557 14.8349576591659 14.5996113132786 14.4437317732868 14.3439752441467 14.2 14.2 14.2 14.2 14.2 14.1617217781463 14.15 14.1 14.1 14.1 13.8122345621327 13.6372574629198 13.4928649407026 13.3646262928733 13.2042631610823 12.8 12.8 12.8 12.8 12.8 12.6955184500145 12.5523600442083 12.4300665563125 12.338196601125 12.3171572875254 12.3 12.4915126743479 12.5620982211241 12.6312909238271 12.5 12.6044815499855 12.608132282429 12.6153300737158
15.2175454056391 15.0433718032224 15.0995659871551 15.5044869367354 16.232876460039 17.1504531885669 18.6 17.7938468951249 17.7600626461188 17.7146282899602 17.6808440409541 16.874690936079 16.8474981758288 16.4428585405244 16.0364527061937 15.6544675890532 15.333362395113 15.0837319323513 14.8820113380568 14.7240819294687 14.5749611221113 14.2 14.2 14.2382782218537 14.2387425886723 14.2052919361521 14.1963525491562 14.1830460965015 14.1 14.1 14.1 14.1 13.8515064731225 13.7127140837458 13.5732360883429 13.3841272768916 12.8 12.8 12.8 12.8 12.8 12.6828673019797 12.6442930935922 12.3234435562925 12.3225148226554 12.314589803375 12.3055728090001 12.5185950459178 12.6561832647416 12.6812327357288 12.9 12.5 12.6027108687317 12.6159862954729
16.1234825908269 15.8064394045426 15.6932475056735 15.855300742196 16.2601837889979 16.7947604839352 17.3177170944983 17.5626189699092 17.6544966951136 17.6175071634101 17.4333831046884 17.1088407098388 16.7718946719388 16.411978039889 16.0567227543736 15.7306252076447 15.4808126055067 15.3076585552343 15.16459830467 15.0423277650651 14.9197831620726 14.7536896971819 14.25 14.2527864045 14.2572949016875 14.311399946983 14.306258968989 14.2941979479285 14.2538717904861 14.2690374280141 14.1 14.1 14.0490199634191 13.9684722060677 13.8682459704549 13.7288476793004 13.5370013014797 13.2 13.2 13.2 13.2 13.2 12.4 12.4 12.4 12.4 12.4 12.7130994332011 12.6601488618116 12.6766073760449 12.6812327357288 12.6312909238271 12.6186342266055 12.6215335745086
16.8046944016896 16.4162981151119 16.2153340444164 16.2119782521417 16.3878911405585 16.6969395604106 17.0441499789568 17.3013604495323 17.4257038217607 17.3965266738547 17.2201440348112 16.9495122754028 16.6526716377464 16.3483906662693 16.0402161553163 15.7517951972423 15.5 15.5 15.5 15.5 15.5 15.5 14.9158004233938 14.7970562748477 14.6516862443497 14.3443151804507 14.3476844989107 14.3748057065506 14.1 14.3838357159561 14.4835047191769 14.4633307652784 14.2559267795342 14.4000012051948 14.4000012051948 14.4000012051948 14.0261995084681 13.9516867741627 13.6 13.6 13.6 13.6 13.6 12.9369680129695 12.7361406792069 12.6265729113195 12.6123697256924 12.9 12.6557069064078 12.6601488618116 12.6561832647416 12.641585865121 12.6311743949791 12.6758431221748
16.5 16.5 16.5 16.5 16.4949346011895 16.6706403678644 16.9017772087366 17.0907842140232 17.1762340621685 17.1268927855004 16.9405172893314 16.6879951445717 16.4742766397382 16.266446656131 16.0282720232279 15.5 15.5 15.5 15.5 15.5 15.5 15.5 15.02 14.8665631459995 14.6298367411432 14.3 14.447968261313 14.483823954192 14.4411654959692 14.5039895577171 14.5522407749927 14.5222912360003 14.6500006025974 14.4000012051948 14.4000012051948 14.4000012051948 14.0686298560883 13.9532152842055 13.8253835768906 13.6 13.6 13.6 13.6 13.1431911097615 12.9235446303921 12.7741956314509 12.6987679464321 12.7022177554853 12.9 12.7130994332011 12.7052668077979 12.6947331922021 12.6869005667989 12.5
16.5 16.5 16.5 16.5 16.5 16.648023355096 16.8001674901416 16.9175411578591 16.948157328643 16.8538516296088 16.6455950871743 16.2 16.2 16.2 16.2 15.827075991898 15.5 15.5 15.5 15.5 15.5 15.5 15.2116963119775 15.0350889359326 14.7503666702948 14.5795016800204 14.5514336326289 14.7 14.6107443522589 14.6817523105294 14.6492747434911 14.5937742251701 14.6500006025974 14.4000012051948 14.4000012051948 14.4000012051948 14.092408655311 13.9582594008487 13.8139857651036 13.6 13.6651387818866 13.6 13.6 13.2780728302775 13.0727570055027 12.9065178255175 12.7909824476881 12.7366103308404 12.731046200137 12.7075693566576 12.686266267651 12.6633490970223 12.6228787623956 12.5564681279148
16.5 16.5 16.5 16.5 16.5 16.6668490690505 16.7659498207538 16.8214739664062 16.7986490694366 16.6536327133717 16.2 16.2 16.2 16.2 16.2 15.860303038033 15.7497524206277 15.5 15.5 15.5 15.5 15.5 15.5 15.1865553500435 14.8615076265228 14.7624331349264 14.5942656040646 14.6321449942072 14.6760511434016 14.9 14.7327778258604 14.9 14.6500006025974 14.4000012051948 14.4000012051948 14.4000012051948 14.1426263308733 13.9830710450105 13.8704857296761 13.6927050983125 13.7 13.7148346655612 13.6 13.3843894228483 13.1946302281539 13.0209830167785 12.8794185577429 12.7947193732049 12.7510146035284 12.719272429798 12.6909493813531 12.6599990063923 12.6163149161432 12.5588852090113
16.525 16.5 16.5217129272955 16.5 16.5 16.7340815838916 16.8064340903561 16.811746072338 16.7406567786723 16.5681203245302 16.2 16.2 16.2 16.2 16.2 15.9100505063388 15.7899494936612 15.5 15.5 15.5 15.5 15.5 15.5 15.1619251439717 14.8937353145971 14.8133331421213 14.7041779861027 14.7352890232275 14.8769899563707 14.9052239471671 14.928298670953 15.0656854249492 14.8481499552385 14.4000012051948 14.4000012051948 14.279874378967 14.0888348039019 13.9779516973516 13.9135815037557 13.7757359312881 13.75 13.7416407864999 13.6 13.4732724712961 13.2974392267181 13.1215449637011 12.9637826839708 12.8607754704526 12.7924803851911 12.7431867294798 12.7029399043262 12.6636864992043 12.617360670493 12.5615673330587
16.5414213562373 16.5309016994375 16.5333333333333 16.5382782218537 16.5 16.8765626545222 16.9436162127011 16.9083775664897 16.7941053676643 16.5936084364011 16.2 16.2 16.2 16.2 16.2 15.9502475793723 15.839696961967 15.5 15.5 15.5 15.5 15.5 15.5 15.5 15.160303038033 14.9577794898144 14.7975603534173 14.8 14.8896909536765 14.9425704303351 15.030152720618 15.1233926239551 14.9030240909386 14.7956477002751 14.4000012051948 14.2000007231169 14.2411438764577 14.0617412937168 13.9 13.9735707433084 13.9907815914442 13.7637509630206 13.7462727542015 13.5786045254046 13.395597204725 13.2124154769874 13.0416316974196 12.9247354957681 12.8387209934255 12.773103763426 12.7202709201096 12.6724792884664 12.6227715526623 12.5806748755782
16.5690983005625 16.5585786437627 16.55 16.5472135955 16.5 17.2055852546653 17.2645906110404 17.1493368384699 16.970166433313 16.7199952921665 16.2 16.2 16.2 16.2 16.2 16.2 15.872924008102 15.5 15.5 15.5 15.5 15.5 15.5 15.5 15.127075991898 14.8 14.8 14.9166236661559 15.0888295501787 15.1722482448332 15.2230478619821 15.3119560626918 15.4531128874149 14.8794742878316 14.4000012051948 14.2892628960193 14.2631186599342 14.2155229559585 14.1333333333333 14.171198120706 14.2090629080786 14.227075991898 13.9278919125939 13.7318267447269 13.5291474364813 13.3289590179999 13.1385160130066 12.993788035395 12.8897276627596 12.808791140094 12.7436970086322 12.6879798018009 12.6498777934278 12.6367472924316
16.6 16.575 16.9768706316185 17.1159387621217 18.2 18.2 18.2 17.4825067734188 17.2352000902758 16.944250565575 16.2 16.2 16.2 16.2 16.2 16.2 16.2 15.8720279338286 15.7053635754111 15.6071670132065 15.5591533673662 15.5341733635908 15.5311744877433 15.5236494297163 15.4 15.3665631459995 15.3124611797498 15.3576766624322 15.3709450701007 15.3011710248575 15.3 15.42360679775 15.4656854249492 15.4816653826392 15.1521388095154 14.272924008102 14.2909370919214 14.328801879294 14.3666666666667 14.328801879294 14.2909370919214 14.272924008102 14.1409881446298 13.9395891627404 13.7176072092419 13.494378532717 13.2751348099156 13.0931555982149 12.9552885111467 12.8564186533619 12.7789672327424 12.7174193767589 12.700019116731 12.7302183270313
16.6480506146704 16.9873354186075 17.1630563411014 17.3407937154836 18.2 18.2 18.2 18.2 17.5171010102531 17.2939103051592 17.0534915953408 16.2 16.2 16.2 16.2 16.2 16.1822308611658 15.995583044091 15.8133173892289 15.6857235104438 15.6290608677304 15.6090411810674 15.6488248231504 16 16 15.5406613377552 15.5350889359326 15.4931164057723 15.4714982080339 15.471827095331 15.5 15.5 15.5 15.5 16.7 15.6223492590608 15.0554447441992 14.871198120706 14.6 14.4318228486536 14.3502475793723 14.6 14.4125835036927 14.2080503800161 13.960874927957 13.7045558370112 13.4481834376188 13.2192173066497 13.0389763113873 12.9186880237386 12.828569386314 12.7641485024327 12.777827876245 12.8677297060156
