All-in-one-application-example/output_no_constraints/BIMAC_IDW_prior.asc
NCOLS 128 
NROWS 124 
XLLCORNER -63.5 
YLLCORNER -0.5 
CELLSIZE 0.5 
NODATA_value -9999 
[rows 96 to 119 of 124, columns 0 to 53 of 128]
21.6833684614365 21.6095894211721 21.5027704704296 21.3845557349062 21.2804237879949 21.2019653907435 21.17413756549 21.1982443446373 21.2964353016068 21.4990039635019 21.7900687007377 22.1452687685191 22.5375874097751 22.9411955657079 23.3299389509022 23.6738170526425 23.964802288356 24.199936584817 24.3815343079822 24.5159046128634 24.6117890464192 24.6774352060171 24.7198825607671 24.7444857469374 24.7547430671027 24.7526658578095 24.7393997753459 24.7158799838819 24.6835807047334 24.6449626288032 24.6037249451666 24.5648940024545 24.5365152472658 24.5221925437662 24.5248296815189 24.5467250524986 24.6 24.6 24.6 24.6 24.6 24.5560392194563 21.0798966897094 19.819386745184 19.98 19.819386745184 19.5324317985606 24.5 23.1180730955828 23.8 23.8 23.8 23.8 23.8
21.6124962486541 21.559659604762 21.4835858868966 21.3991940681534 21.3224018175342 21.2548407474623 21.2299434013927 21.2602417242038 21.3613156818455 21.5411333972162 21.7958459758656 22.1109021004313 22.4662259616817 22.8397021704317 23.2074497055205 23.5444330897528 23.8394453075145 24.0863991052834 24.2844242117625 24.4368930193909 24.5500485714723 24.6307012938217 24.6852470351633 24.7190282805327 24.7360594856903 24.7391245678838 24.7301875700805 24.7109036583208 24.6832417009596 24.6498479345075 24.6142627843238 24.581000000671 24.5558908317619 24.5415726994903 24.5399365302063 24.5509825131212 24.5713058825272 24.6 24.6 24.6 24.6 24.6 24.5 24.5 24.5 24.5 24.5 22.9031566977848 23.1285652239422 23.460974142519 23.7145651447926 23.8544747737776 23.881440891163 23.7775077475902
21.563796208529 21.5251298130729 21.4694893277881 21.4072024258692 21.3492752198547 21.2982278175441 21.2821684665037 21.3159334330547 21.4118656902287 21.5751048350861 21.8033152128476 22.086864564324 22.4105962321709 22.7561169972541 23.1023546942193 23.4288691996755 23.7230354873096 23.9768495170269 24.1870539539018 24.3545003086844 24.4831008209514 24.5780813446981 24.6449435294078 24.6887362944785 24.7136619368139 24.7230014077343 24.7193353841614 24.7049090728571 24.6821091620135 24.6537398566693 24.6231839729405 24.5943972567012 24.5718377003027 24.5574986876629 24.5525746824395 24.556684573573 24.5672230510106 24.5444455093446 24.4646150231504 24.3224055832867 24.1395774878894 23.8630551668371 23.5234094295845 23.2375496202777 23.0615772037432 23.0065672437564 23.0565791649289 23.1275287207056 23.3625343959754 23.651702530424 23.9190971218547 24.0841929586382 24.118455816345 24.0022915267506
21.5309518445765 21.5022614257068 21.4610264473471 21.4147717223055 21.3720709817378 21.3367423884779 21.3302597048874 21.3668269086829 21.4568583291543 21.6058976262549 21.8126198621095 22.0700644594235 22.3663917884611 22.6862868652718 23.0114439021335 23.3256374123411 23.6156897222657 23.8725276490339 24.0912151652961 24.2705915504112 24.4125589613713 24.5207784046231 24.5997161855267 24.6539055000565 24.6874769017992 24.7039614597039 24.7063577494283 24.6973571159671 24.6796730797785 24.6562253565599 24.6302438985392 24.6052118879547 24.5846451751841 24.5701068555136 24.5617528920968 24.5577456751787 24.5528718871064 24.5210646745896 24.4353333438469 24.2907794607642 24.0970022300112 23.8471058958123 23.5631742949856 23.3118698105032 23.1293727003312 23.077082328591 23.1570182460124 23.3531334888922 23.6565895200143 24.0185858755275 24.3590561694234 24.5286770142045 24.5680596856038 24.5052884809053
21.5068376812548 21.4857390428758 21.4553541607045 21.4216542838558 21.3918379998933 21.3692939509437 21.3713912925516 21.4104600443812 21.4957833043549 21.6325194600542 21.8210525850675 22.0563020700878 22.3287649571511 22.6255432510069 22.9318409507781 23.2331696067684 23.5170468701011 23.7740300215702 23.9981083457411 24.1866316672287 24.3398428795866 24.4599639210208 24.550388056621 24.6149905112037 24.6576328289872 24.6818867701 24.6909818200402 24.6879060292872 24.6755994307926 24.6570508935676 24.6353467702122 24.6135735088675 24.594544094153 24.5794133114169 24.5674204315356 24.5555605873456 24.5376352453633 24.5025479617435 24.4215414201001 24.2926460430402 24.1204181600707 23.9095968540789 23.6782694025687 23.472976598037 23.3116523444099 23.2894021896944 23.4062653225678 23.664039655804 24.050582905367 24.5149886792143 25.5 25.5 25.5 25.5
21.4884385348911 21.4729507368505 21.450761293505 21.4267123276394 21.4067677106953 21.3944490608127 21.4037395236023 21.4451700795114 21.5269827521857 21.6541401994906 21.8277472686974 22.0442669331754 22.296166582079 22.5727977357478 22.861695050786 23.1501256406113 23.4265219751123 23.6815124858098 23.9084823626261 24.1037151038012 24.2661355536332 24.3967067305283 24.497786329762 24.5725219315952 24.6243688366531 24.656771786237 24.6730257649181 24.6762728519936 24.6695793191532 24.6559614692988 24.6383709495652 24.6195593550545 24.6017509922078 24.5857915930079 24.5702989528037 24.5517287432982 24.5241098384721 24.4783082387701 24.4035338994354 24.2951008353749 24.1540235128177 23.9881977013452 23.81395650671 23.6477701763074 23.5230014065901 23.5444057948453 23.6987701949986 23.9895707176329 24.4472354437223 25.5 25.5 25.5 25.5 25.5
21.4750316300214 21.4638163677323 21.4479961140365 21.4315349998457 21.4194200938167 21.4152850190069 21.4304630602139 21.4739358822538 21.5529884114514 21.6723094849443 21.8334077133372 22.0339045537048 22.267886756729 22.5265921643741 22.7994386238758 23.0752400732805 23.3433990155166 23.5948635903384 23.8227501301921 24.0226165235365 24.1923758727137 24.331930447672 24.4426872533012 24.5270535074291 24.587994374298 24.6287020668955 24.6523996446741 24.6622570742469 24.6613763827028 24.6527548091564 24.6392099775749 24.6232133287803 24.6065781175998 24.5897101290332 24.5709926330378 24.5468017521363 24.5117057923767 24.4584439788218 24.379927379488 24.2726394605811 24.1380453895382 23.9848717615481 23.8285259588471 23.6904600868181 23.6001732797207 23.6560517910153 23.8518557683271 24.1807465605723 24.6561831542047 25.5 25.5 25.5 25.5 25.5
21.4655247902798 21.457617287459 21.4467903176244 21.4363303493176 21.4304563191219 21.4328674507785 21.4528042011839 21.4979501299028 21.5747292558235 21.687502712796 21.8380028278042 22.0247085359354 22.2430067118058 22.4856914183167 22.7437603261191 23.0073901488757 23.2669391247664 23.5138110931235 23.7410833105261 23.9438533264644 24.1192836557579 24.2664099100381 24.3857980893112 24.479142208977 24.548876778311 24.5978550012719 24.6291206864935 24.6457665032596 24.6508489222082 24.6472967357775 24.6377849045824 24.624540785657 24.6090432626898 24.5915207455647 24.5704604380838 24.5426898831967 24.5036588713853 24.4479575659033 24.3707654842742 24.2699321821945 24.1474193437022 24.0122179339964 23.8793334917579 23.7700324901707 23.7128061009862 23.7920806565901 24.0041520433225 24.3380244939349 24.7928629114265 25.5 25.5 25.5 25.5 25.5
21.4589643953335 21.4536442047329 21.4467447629133 21.4410340013195 21.4401277897282 21.4477617208315 21.4715026452477 21.5179522138222 21.5927741926911 21.69998530482 21.8414258735911 22.0162014534865 22.220727753502 22.4490740570141 22.6935738687083 22.9456062035816 23.196440439757 23.438005752588 23.6634952475675 23.8677482555167 24.0473925778239 24.2007750013589 24.3277386980509 24.4293166770527 24.5074051712845 24.5644654511505 24.6032835757088 24.6267910261636 24.6379283188703 24.6395097042654 24.6340595688463 24.6236043090644 24.6094016173714 24.5916108866352 24.5689617775211 24.5388527628431 24.497665044181 24.4414140123363 24.3668831328178 24.2730961834075 24.1626840469074 24.0578290082923 23.9669237572876 23.9101268002676 23.9123623796177 24.0314797831479 24.2475172510612 24.5531329189718 24.9452799137251 25.5 25.5 25.5 25.5 25.5
21.4546755749948 21.4513876346065 21.4475821332588 21.4456275300515 21.448663708333 21.4604432338018 21.4871875971785 21.5345958514616 21.6076682390924 21.7100841646226 21.8437080911103 22.0081006937159 22.2004859604599 22.4159757904783 22.6480320090693 22.8890927894175 23.1312804885764 23.3670793298496 23.5899009940665 23.7944814812885 23.9770850553292 24.1355248771542 24.2690371950532 24.3780597338122 24.4639661726995 24.5288000115598 24.5750366845189 24.6053833245356 24.6226077880534 24.6293716488724 24.6280438280036 24.6204905242335 24.6078403242002 24.590243759134 24.5667179790311 24.5352239734142 24.4929903331167 24.4372861905435 24.3662952089426 24.2803796549577 24.1960323645777 24.1340445476058 24.1014398765814 24.1158100927938 24.1936618873999 24.3584474713711 24.575880590724 24.8280566822429 25.1191727922355 25.5 25.5 25.5 25.5 25.5
21.4522062505051 21.4505215993782 21.449162787082 21.4501842569799 21.4563457538683 21.4713990347133 21.5004790625889 21.5485311633497 21.6199802825285 21.7181856020672 21.8449830101537 22.0002615213894 22.1818796045296 22.3858016119768 22.6064429655767 22.8371706387604 23.0708937713734 23.3006552197415 23.5201517636988 23.7241291701533 23.9086234318068 24.0710459747973 24.2101339293713 24.3258010089746 24.4189294751619 24.491139974715 24.5445660730472 24.5816465204469 24.604934352408 24.6169096142578 24.6197829215252 24.6152914012458 24.6044960604357 24.5876087844316 24.5639164398463 24.5318853141626 24.4896077852922 24.4356177199286 24.3696783145319 24.2943679670533 24.2443783306271 24.2373450523364 24.2791193679855 24.3845510798745 24.5585538460309 24.7835705372055 25.0039613518382 25.2024069897234 25.3819521068483 25.5090169977819 25.5 25.5 25.5 25.5
21.4511766159199 21.4507594958953 21.4513369830366 21.454713986101 21.4633434651714 21.4809618686376 21.5118221696943 21.56023923452 21.6301408938601 21.7245889571719 21.845358072135 21.992571773067 22.1645868160635 22.3580651682719 22.5682281271593 22.7892543590766 23.0147709082457 23.2383659914898 23.4540612422069 23.6566937197948 23.8421768741053 24.007630540265 24.1513896872605 24.2729155042602 24.3726392208113 24.4517687244427 24.5120820110252 24.5557221851089 24.584998565747 24.6021903566273 24.6093486790399 24.6081031752441 24.5994880940429 24.583819773934 24.5606741763853 24.5290321680929 24.4880013628937 24.437596264738 24.3795731727268 24.3194645663351 24.3138284765118 24.375091779462 24.5088289130813 24.7294232451807 25.0387519503133 25.3863552914084 25.6009800738435 25.7403533899648 25.8375206528193 25.8707996071633 25.8087610706159 25.7381857198179 25.6681299631166 25.5912624203471
21.4512813062968 21.4518667095079 21.4539749097064 21.4592105902801 21.4697767622934 21.4893828190631 21.5215624680947 21.570101927264 21.6385001830296 21.7295470669326 21.8449369608899 21.9849585808378 22.1483604258879 22.3323762586881 22.5329086253501 22.7448438505642 22.9624588659286 23.1798633167731 23.3914239644136 23.5921264455536 23.7778432970539 23.9454934853238 24.0930950268807 24.2197249774349 24.3254086503918 24.4109618441545 24.477807003346 24.5277784387536 24.5629249377649 24.585312989912 24.5968333951011 24.5990208545788 24.5929076709664 24.5789432649308 24.5570205026876 24.5266817791398 24.4882824763946 24.4436333324919 24.396981294418 24.3575795622135 24.4062871973039 24.5471354301885 24.7863075374185 25.1474776630935 25.61374353536 26.7 26.7 26.7 26.7 26.7 26.1101894338793 25.954750892779 25.8253601098134 25.7050834388127
21.4522812903916 21.4536585840979 21.4569736559401 21.4636687387279 21.4757412207841 21.4968636837903 21.5299809488556 21.5784346094745 21.6453538686763 21.7332824434622 21.8438247701281 21.9773836844336 22.1330161181126 22.3084255014882 22.5000908100284 22.7035144847276 22.9135584192885 23.1248234639613 23.3320278304539 23.5303444156461 23.7156669162249 23.8847872274689 24.0354800119733 24.1665015988515 24.2775180601123 24.3689807003391 24.4419667129704 24.4979997206187 24.5388608940682 24.5663983877828 24.5823430932684 24.5881433913395 24.5848488470532 24.5730718572956 24.5530696141292 24.525038047081 24.4908740956421 24.4544958732184 24.4231027393209 24.4103753736041 24.5208562387032 24.7334149403052 25.0594520625482 25.549951720062 26.7 26.7 26.7 26.7 26.7 26.7 26.7 26.1277789534374 25.9828273314387 25.8390387141031
21.4539887534846 21.4559896303592 21.4602519757015 21.4680846700916 21.4813142209585 21.5035681986383 21.5373075396664 21.585498615952 21.6509516461422 21.7359893071663 21.8421227357474 21.9698315092605 22.1184158673805 22.2859660502659 22.4694495236039 22.6649048530831 22.867718319754 23.072948519785 23.2756616533589 23.4712423786753 23.6556518586795 23.8256142223908 23.9787234821967 24.1134727415447 24.2292149277946 24.326068541621 24.4047831432328 24.4665783638699 24.5129684399262 24.5455830359068 24.5659960315528 24.575578490254 24.5754185547761 24.5663304711178 24.549005174141 24.524420957676 24.4962695550292 24.4707170799013 24.4580385277519 24.4764700599041 24.6261548062827 24.891984987632 25.270830069451 25.787487538966 26.7 26.7 26.7 26.7 26.5591354766549 26.4928932188134 26.4434164902526 26.2 26.2 25.9617633561622
21.456252097052 21.4587414270305 21.4637419472043 21.4724519161405 21.4865544168225 21.5096252331023 21.543726325673 21.591506290549 21.6554999004797 21.7378323441858 21.839922234093 21.9622986836362 22.1044542873178 22.2647988224348 22.4407145371209 22.6287065777584 22.824630004897 23.0239665940371 23.2221204356319 23.4147017856642 23.5977729965391 23.7680375075254 23.9229614930635 24.0608261259434 24.1807153026523 24.2824483648682 24.3664697500966 24.4337081475323 24.4854177831986 24.5230146266497 24.5479221460453 24.5614467817333 24.5647423205156 24.5588728997582 24.5450440109349 24.5251473546221 24.5046116910716 24.4917256960219 24.4992476286183 24.5479284727069 24.7254080219161 25.0193473194502 25.4183349042148 25.9264407997815 26.7 26.7 26.7 26.7 26.5693980625181 26.4639320225002 26.4 26.2 26.2 26.2
21.4589491004886 21.4618179661788 21.4673876519731 21.4767636981189 21.4915076272458 21.5151379080437 21.5493864845986 21.5966318349505 21.6591705250134 21.738951919672 21.837305487716 21.954790227831 22.0910511858012 22.2447629958369 22.4136609303561 22.5946564763426 22.7840230210572 22.9776312730955 23.171208813241 23.3605974200592 23.5419844053711 23.712089394389 23.8682947510382 24.0087148821177 24.1322059186009 24.2383220814531 24.327228196263 24.3995796318826 24.4563825712304 24.4988488364328 24.5282625514717 24.5458831828736 24.5529605468949 24.5508557193655 24.541352179229 24.5273138206686 24.5282488412577 24.5467992122833 24.5964091565192 24.696185295268 24.9073922453093 25.2069900586518 25.5857508276159 26.0445230629278 26.7 26.7 26.7 26.579873463324 26.5062870566386 26.3937129433614 26.320126536676 26.2 26.2 26.2
21.4619812407113 21.4651415631164 21.4711434434287 21.4810138984838 21.496210419088 21.5201897039815 21.5544099233525 21.6010190742104 21.6621073326822 21.7394678826184 21.8343459814561 21.947316463115 22.0781455412696 22.225728197192 22.3881009714718 22.5625296424469 22.7456605414103 22.9337203062328 23.1227430173816 23.3088021314004 23.4882258918246 23.6577785616174 23.814795047131 23.9572623292191 24.0838467143234 24.1938706478941 24.2872464495358 24.3643770129065 24.4260365489922 24.4732466926382 24.5071677135073 24.5290336477426 24.5403354989743 24.542913093551 24.5394508338565 24.5470427770606 24.5833653766168 24.6499753095875 24.7585591855717 24.9208774866914 25.1631525941168 25.4533722508648 25.7765413022734 26.1446805888561 26.7 26.7 26.7 26.5 26.4360679774998 26.3306019374819 26.2 26.2 26.2 26.3362490369794
21.4652688329652 21.4686491947919 21.4749720251543 21.4851971529914 21.500692183972 21.5248485224323 21.5588966126227 21.6047870248455 21.664430720991 21.7394823320911 21.8311086648885 21.9398904787657 22.0656905995744 22.2075880586508 22.3638772597429 22.5321333715343 22.709335105283 22.8920338276206 23.0765517741566 23.2591901204248 23.436427968614 23.6050957786715 23.7625107354216 23.9065663497836 24.0357735307466 24.1492548942654 24.2466979493794 24.3282761464678 24.3945520998094 24.4463782334506 24.4848189826742 24.5112481345177 24.5276453744427 24.5367522148529 24.5430389651498 24.5821981311955 24.6674829023648 24.7986648732131 24.9842634047548 25.2248699174885 25.5043595755561 25.777274704856 26.0280708985108 26.2656909391556 26.4723145800551 26.7 26.7 26.4565835097474 26.4071067811865 26.3408645233451 26.2 26.2 26.3148346655612 26.3583592135001
21.4687471538301 21.4722895294384 21.4788428117436 21.4893087653383 21.5049766078648 21.5291697351626 21.562928699685 21.6080342866473 21.6662414599808 21.7390820008531 21.827650364561 21.9325263738309 22.0536501633761 22.1902551505232 22.340857157536 22.5033020400316 22.6748647997945 22.8523924428127 23.0324765410971 23.211639184607 23.3865156290908 23.5540185003509 23.7114713558226 23.856703319459 23.9881008376469 24.1046168714608 24.2057418709992 24.2914458953057 24.3621077928485 24.4184476246236 24.4614981257705 24.4930241394661 24.5158325210799 24.5340720510004 24.5547499529387 24.6359933185426 24.7839275241604 24.9967784070541 25.2809995319227 25.6318514632145 25.9987482515971 26.238959790194 26.4084131575708 26.5397457013396 26.6211705382678 26.6295919948852 26.5579659289373 26.2 26.2 26.2 26.2 26.2 26.3416407864999 26.3851653344388
21.4723635695249 21.4760207472864 21.4827307911366 21.4933447980583 21.5090830064003 21.5331987900879 21.566573999783 21.6108428156016 21.6676240495296 21.7383405450269 21.8240205203537 21.9252382318567 22.0419959236154 22.1736570959129 22.318928341316 22.4758928472429 22.642089904597 22.8146353137315 22.9903713020935 23.1660321874139 23.3384111727186 23.5045145238585 23.6616915041084 23.807731617203 23.9409245194393 24.0600819808181 24.1645255470043 24.2540524963811 24.3288967573143 24.3897048367858 24.4375820239777 24.4750023531391 24.5059964602564 24.5366587784198 24.5772566360057 24.7110206490466 24.9332036896166 25.241190918054 25.6485111170844 26.1284662061392 27.1 27.1 27.1 27.1 27.1 26.7723442379871 26.6527838397972 26.4884280676935 26.2 26.2 26.2 26.2 26.3637509630206 26.5
21.4760752454158 21.4798087827852 21.4866155687068 21.4973020722853 21.5130273056558 21.5369732099876 21.5698887282933 21.6132809288512 21.6686494521001 21.7373204803573 21.8202619172685 21.918039447714 22.0307054346756 22.1577334959658 22.2979951720714 22.4497822268499 22.6108699297495 22.7786182906274 22.9501020624249 23.1222579466357 23.2920362859869 23.4565448845871 23.613174081637 23.7596948134132 23.8943247941872 24.015761823361 24.123188014955 24.2162648527823 24.2951340625619 24.3604523300731 24.4135413440158 24.4579475718183 24.4992907649135 24.5460925575867 24.6125431039711 24.8066576362782 25.0946686315064 25.4802296219312 26.0034012605526 27.1 27.1 27.1 27.1 27.1 27.1 27.1 26.7673411586286 26.6104874871289 26.467422223679 26.3729264080268 26.3304675725707 26.3568615446673 26.5 26.5
21.4798473036115 21.4836258960991 21.4904805628443 21.5011781128267 21.5168227655303 21.5405241347708 21.5729196507327 21.6154057091224 21.6693773239139 21.7360748180709 21.816411384743 21.9109423044197 22.0197605799038 22.1424334951563 22.2779757347176 22.424862830168 22.5810810220849 22.7442121441783 22.9115461633783 23.0802117038031 23.2473135540992 23.410066153017 23.5659130552326 23.7126246182421 23.8483692580473 23.9717575507829 24.0818641849823 24.1782598896023 24.2610615566481 24.3310424941015 24.3899146710733 24.442606759775 24.4965008104761 24.5626921509559 24.659424359244 24.8894730197807 25.226392938822 25.6594540868746 26.2072679987071 27.1 27.1 27.1 27.1 27.1 27.1 27.1 26.8432414589257 26.6922428126729 26.5581829941859 26.4536944487218 26.3955988515914 26.4033671348141 26.5 26.5
21.4836513489113 21.4874495225803 21.4943123449842 21.5049710814092 21.5204805352832 21.5438775389349 21.5757058044495 21.6172649579471 21.6698578624073 21.7346484657676 21.8125004659656 21.9039577421916 22.009146425008 22.1277138642772 22.2587994329814 22.4010410027626 22.5526137150148 22.7113009326825 22.874591505854 23.039795303006 23.2041675495828 23.3650322744663 23.5198958418481 23.6665436480374 23.8031159934777 23.9281633955917 24.0406887511668 24.1402248238499 24.2269415749055 24.3018447984136 24.3672067635627 24.4293078221403 24.4972067497144 24.5840188532049 24.7100676091869 24.9649278274277 25.3270988039703 25.7788663796128 26.3213630358745 27.1 27.1 27.1 27.1 27.1 27.1 27.1 26.8938113413611 26.7539514683265 26.6268069455948 26.5209892345379 26.4524857986586 26.4351484738843 26.4520892566005 26.5
