input_spatial_layers/gebco_30sec_8_clip_025deg_wm.asc
ncols        49
nrows        37
xllcorner    -0.25
yllcorner    34.75
cellsize     0.25
NODATA_value  -9999
[rows 0 to 24 of 37, columns 0 to 48 of 49]
132.19921875 143.23046875 118.5546875 129.0625 177.82421875 134.703125 120.44140625 203.4453125 185.88671875 209.12890625 367.375 489.5390625 483.11328125 722.96484375 739.28125 359.0390625 194.00390625 114.72265625 115.390625 76.8515625 34.8046875 275.3828125 494.54296875 619.52734375 465.83203125 643.39453125 1132.5703125 1261.40234375 868.61328125 759.31640625 1128.46484375 787.73828125 463.76171875 200.59375 -697.20703125 -1705.7421875 -1360.07421875 -872.828125 -542.66796875 -331 -34.55078125 -18.375 393.63671875 418.3359375 260.1328125 358.64453125 366.2734375 879.796875 565.3046875
132.8515625 151.1328125 168.515625 179.328125 175.8203125 195.2890625 139.8203125 195.31640625 215.09375 224.94921875 427.76953125 810.44921875 933.7890625 391.125 191.35546875 202.83203125 64.1875 23.43359375 33.5 3.10546875 51.56640625 142.5703125 277.56640625 354.73046875 468.5 512.26171875 867.41015625 830.96875 595.13671875 50.3203125 -539.53515625 -1104.09765625 -1788.62890625 -2127.0546875 -2496.91796875 -2570.9296875 -1907.21484375 -1684.91015625 -866.40625 -485.4453125 -140.765625 -66.69140625 3.0859375 51.328125 70.171875 190.06640625 338.4453125 952.859375 821.859375
284.3984375 221.078125 255.75 265.375 238.91796875 257.6875 205.05859375 209.94140625 219.8125 419.87109375 662.51171875 573.73828125 309.99609375 66.43359375 31.49609375 1.6875 -44.15234375 -44.6015625 -21.75390625 -15.6015625 -2.6875 45.203125 232.6640625 363.5703125 376.24609375 329.85546875 170.08984375 162.8203125 -359.28515625 -1484.01953125 -1977.2734375 -2247.97265625 -2431.58984375 -2500.76171875 -2578.18359375 -2578.97265625 -2205.86328125 -1600.2109375 -667.796875 -476.62890625 -144.1015625 -127.04296875 -44.7109375 251.171875 211.46484375 223.6953125 358.6875 384.01953125 456.25
480.26953125 464.92578125 515.4375 448.19140625 370.8046875 386.7265625 332.89453125 294.1015625 349.60546875 291.28515625 217.83984375 204.9609375 105.93359375 30.15625 -42.49609375 -83.43359375 -96.828125 -96.68359375 -77.34765625 -76.28515625 -107.08984375 -155.8046875 -144.06640625 -43.37109375 158.2890625 73.7265625 90.43359375 -391.3359375 -1664.58984375 -2409.55859375 -2563.26953125 -2559.17578125 -2597.8203125 -2602.72265625 -2607.71484375 -2620.2578125 -2279.98046875 -1528.0078125 -249.60546875 -439.2265625 -145.66015625 -163.3125 -105.171875 154.26171875 407.2578125 376.72265625 233.390625 386.35546875 283.90234375
1704.33984375 1946.07421875 1288.15234375 1191.36328125 1517.203125 1176.26171875 1279.7734375 926.21484375 905.23046875 798.55859375 624.87109375 406.23828125 223.81640625 -39.3671875 -89.84765625 -102.55078125 -143.66015625 -127.85546875 -210.00390625 -584.171875 -801.72265625 -1322.28515625 -1924.6171875 -2068.75390625 -2256.796875 -2069.54296875 -2157.22265625 -2437.01171875 -2575.00390625 -2608.375 -2674.28125 -2694.29296875 -2691.8125 -2682.84765625 -2674.453125 -2494.859375 -1711.953125 -1098.5 380.4609375 -445.890625 -136.65625 -89.359375 -50.640625 -39.984375 184.7578125 119.43359375 289.6015625 801.32421875 463.15625
1529.62890625 1679.44140625 1886.3046875 2220.59765625 2219.69921875 1577.98046875 2199.73828125 2224.0078125 2250.83203125 1843.46484375 937.9453125 558.6015625 66.50390625 -45.6171875 -92.703125 -266.0859375 -541.25390625 -701.77734375 -1378.37109375 -1355.765625 -1506.609375 -1836.01171875 -2180.32421875 -2331.40625 -2463.16015625 -2501.66015625 -2569.8046875 -2611.5 -2643.43359375 -2698.41796875 -2727.07421875 -2740.03515625 -2739.24609375 -2798.09375 -2644.4140625 -706.234375 116.8203125 414.21484375 329.89453125 -303.89453125 -522.015625 -61.2265625 -132.6484375 -152.8828125 -110.5703125 53.7421875 119.625 290.14453125 318.78515625
1122.90234375 855.37109375 859.8125 1168.44140625 1240.98828125 1333.83984375 938.53125 1533.52734375 1648.41015625 1801.84765625 1383.546875 810.18359375 178.19921875 105.6171875 -223.3828125 -809.21484375 -1383.01953125 -1477.7734375 -2015.94140625 -1938.3046875 -1873.1875 -2102.8828125 -2306.2890625 -2410.3671875 -2513.140625 -2540.375 -2591.2109375 -2634.60546875 -2691.921875 -2744.1171875 -2758.28515625 -2764.87109375 -2769.4609375 -2788.14453125 -2480.73828125 13.0234375 1303.859375 815.859375 768.2421875 -328.6171875 -768.77734375 -150.03125 -223.5703125 -497.078125 -97.93359375 -39.52734375 -48.0390625 41.87109375 170.796875
477.015625 445.74609375 714.64453125 739.0546875 709.7890625 872.74609375 783.94140625 945.94921875 685.046875 745.9453125 777.05078125 485.3671875 111.3125 27.41796875 -142.8515625 -792.26953125 -1850.80859375 -2002.91796875 -2129.046875 -2326.2109375 -2269.52734375 -2148.94921875 -2357.890625 -2430.30078125 -2515.703125 -2543.7421875 -2602.64453125 -2643.671875 -2684.1171875 -2741.515625 -2788.1796875 -2782.00390625 -2771.578125 -2700.578125 -2045.984375 -287.71484375 457.71875 1428.2421875 77.3359375 -353.73046875 -705.6171875 -370.54296875 -659.328125 -1221.68359375 -576.125 -354.984375 -329.171875 -103.9140625 165.4921875
406.7421875 332.63671875 448.08984375 592.9140625 581.328125 469.76171875 700.55078125 550.8671875 498.9453125 601.40625 583.8515625 454.82421875 186.3359375 85.2421875 -335.12109375 -1216.25 -2195.234375 -2280.859375 -2371.84375 -2431.6875 -2369.125 -2218.64453125 -2340.25 -2444.67578125 -2523.3671875 -2556.3984375 -2611.96875 -2669.27734375 -2707.3046875 -2741.8125 -2790.8359375 -2810.41796875 -2780.8984375 -2731.58203125 -1913.45703125 -61.32421875 281.7109375 1102.60546875 63.8828125 -611.6875 -856.5859375 -681.5234375 -913.265625 -1102.2421875 -1165.0625 -789.2734375 -696.91796875 -301.88671875 -57.234375
364.1328125 262.07421875 195.390625 225.9609375 229.91796875 375.875 667.06640625 557.5546875 478.421875 576.734375 343.33203125 235.59765625 -51.0078125 -114.03125 -319.1953125 -1424.5390625 -2249.97265625 -2346.5 -2549.87109375 -2553.66015625 -2497.66796875 -2449.28515625 -2418.4140625 -2520.01171875 -2580.65234375 -2615.57421875 -2643.76171875 -2686.31640625 -2733.03125 -2776.46484375 -2910.86328125 -2812.13671875 -2728.046875 -2600.00390625 -2110.375 -832.0625 107.18359375 628.20703125 -32.48046875 -800.34375 -748.40234375 -801.73046875 -835.90625 -1222.16796875 -1338.1875 -910.0859375 -850.8125 -1002.125 -719.63671875
332.8203125 255.578125 220.31640625 351.21484375 565.63671875 513.34765625 597.15234375 297 274 131.1015625 -58.078125 -226.96875 -1193.77734375 -715.6328125 -1006.51953125 -1828.52734375 -2354.37109375 -2481.2421875 -2581.2578125 -2661.95703125 -2625.58203125 -2549.7265625 -2510.33203125 -2549.97265625 -2596.234375 -2618.95703125 -2668.8046875 -2722.5703125 -2770.5390625 -2865.1640625 -2922.04296875 -2824.953125 -2749.63671875 -2575.36328125 -2111.78515625 -934.79296875 -99.05078125 21.48046875 -88.9609375 -386.9140625 -824.65625 -934.90625 -1052.859375 -1459.08203125 -1230.69921875 -1174.1796875 -832.3828125 -1127.8828125 -908.671875
287.859375 298.83203125 349.20703125 162.42578125 457.73046875 86.43359375 -4.19921875 -91.80078125 -207.45703125 -348.6328125 -823.78125 -1402.234375 -1661.890625 -2042.140625 -2148.984375 -2355.1796875 -2517.01953125 -2550.61328125 -2689.79296875 -2682.703125 -2728.29296875 -2663.79296875 -2615.97265625 -2624.90234375 -2638.67578125 -2655.71484375 -2693.1484375 -2754.46875 -2818.84765625 -2862.0859375 -2878.62890625 -2842.9921875 -2551.73046875 -1613.46875 -164.1015625 -448.0546875 -105.43359375 110.84765625 69.3125 -84.70703125 -485.46484375 -872.80078125 -1482.98828125 -1687.86328125 -971.98046875 -1429.4140625 -1477.921875 -1485.3828125 -1677.8515625
714.8828125 643.12109375 755.40234375 311.66796875 -37.99609375 -84.51953125 -401.55859375 -920.57421875 -1278.63671875 -1435.921875 -1643.328125 -1873.29296875 -2054.48046875 -2285.87890625 -2365.96875 -2445.36328125 -2592.25390625 -2589.828125 -2591.828125 -2697.66796875 -2683.61328125 -2659.45703125 -2701.046875 -2731.08203125 -2749.3125 -2780.49609375 -2737.06640625 -2808.1640625 -2845.62109375 -2832.25 -2877.1796875 -2838.671875 -1821.71875 -441.0703125 -8.01953125 20.765625 145.4609375 659.1015625 206.1328125 34.88671875 -298.171875 -1086.359375 -1112.3359375 -2242.12109375 -1733.05078125 -2197.16015625 -2383.98828125 -2001.796875 -1958.0390625
998.6328125 915.54296875 253.984375 44.4765625 -30.78125 -89.640625 -367.64453125 -1338.21875 -1013.2265625 -1726.1171875 -1919.3671875 -1952.16796875 -2021.40234375 -2051.80859375 -2210.70703125 -2298.76953125 -2464.3828125 -2516.5703125 -2616.3203125 -2693.40234375 -2767.04296875 -2811.86328125 -2755.796875 -2736.84375 -2837.15234375 -2770.21484375 -2754.69921875 -2816.453125 -2892.74609375 -2909.1875 -2969.31640625 -2323.59375 -294.3984375 -106.328125 30.0859375 360.57421875 277.10546875 643.30078125 676.74609375 217.92578125 -184.25 -1148.046875 -1331.99609375 -1728.2578125 -2489.41796875 -2933.609375 -2803.9140625 -2454.5625 -2628.3671875
676.390625 460.96875 152.80859375 -50.78515625 -77.5859375 -93.51171875 -985.70703125 -1620.13671875 -1816.8203125 -1878.07421875 -1827.90234375 -1852.09765625 -1758.5625 -1748.7265625 -1516.18359375 -1567.4296875 -1319.53125 -1882.01171875 -2492.57421875 -2711.18359375 -2743.69921875 -2810.1484375 -2801.50390625 -2815.20703125 -2795.61328125 -2819.91015625 -2842.546875 -2888.8671875 -2876.29296875 -2867.98046875 -2809.01171875 -1925.1640625 -527.09765625 -175.765625 -66.546875 320.07421875 744.078125 423.25 327.296875 70.0078125 -787.14453125 -1675.953125 -734.07421875 -2046.3671875 -2689.8671875 -2881.16796875 -2844.71875 -2472.58984375 -3197.5859375
277.11328125 143.171875 -52.34375 -73.25 -86.64453125 -561.27734375 -1353.7578125 -1613.78125 -1648.93359375 -1533.64453125 -1512.51171875 -1542.6484375 -1509.68359375 -971.7109375 -518.59375 -202.3125 -1.515625 10.1328125 -440.37109375 -2087.91015625 -2701.57421875 -2759.83203125 -2832.63671875 -2902.37109375 -2852.5078125 -2861.14453125 -2822.61328125 -2902.44140625 -2871.49609375 -2936.05078125 -2741.20703125 -1965.4375 -920.95703125 -499.7890625 -49.42578125 244.7265625 248.03515625 778.04296875 1101.25390625 341.73046875 -1270.57421875 -1474.40234375 -2158.671875 -2298.125 -2903.84765625 -2878.7578125 -2839.4296875 -3292.9140625 -3464.49609375
25.28125 -23.8515625 -68.5234375 -74.33203125 -150.4296875 -1143.26171875 -1501.48046875 -1631.22265625 -1439.8984375 -1324.578125 -1141.1640625 -980.12109375 -217.7265625 -17.96875 -116.73828125 -67.16015625 -0.03125 64.015625 -69.44921875 -1525.375 -2697.1171875 -2772.63671875 -2906.6484375 -2845.34375 -2852.57421875 -2880.578125 -2891.60546875 -2903.75390625 -2880.3046875 -2859.91796875 -2668.6015625 -2080.34765625 -1415.19140625 -711.0078125 -24.00390625 9.05859375 247.7890625 712.23828125 950.359375 38.82421875 -1255.1015625 -1625.20703125 -2042.47265625 -2500.84375 -2711.68359375 -2844.26953125 -3026.00390625 -2960.69140625 -3370.6640625
-51.1328125 -82.25 -184.94921875 -297.8515625 -1038.4296875 -1393.48828125 -1507.69921875 -1522.734375 -1067.375 -615.34375 -88.62109375 276.41015625 135.35546875 81.87109375 74.921875 -131.015625 -1063.09765625 -1132.1328125 -529.52734375 -1478.5859375 -2727.5390625 -2768.87109375 -2820.2265625 -2847.484375 -2811.94140625 -2850.359375 -2843.5 -2858.51171875 -2913.0390625 -2906.62890625 -2625.94140625 -2002.91015625 -1023.37109375 -799.55078125 -68.8359375 60.1953125 190.7578125 433.5 479.78515625 58.90625 -1589.1953125 -1770.5390625 -1504.87109375 -2272.0390625 -2927.5 -2759.07421875 -3016.71875 -3362.30859375 -3467.1484375
-97.66796875 -312.6171875 -1001.9921875 -1277.10546875 -1354.5 -1282.27734375 -1101.37890625 -1015.70703125 -1007.890625 -574.94921875 -109.37890625 -62.703125 55.23046875 90.48828125 -129.671875 -1478.41015625 -1776.171875 -1846.6875 -1493.58203125 -1987.90234375 -2816.203125 -2643.56640625 -2865.19921875 -2852.01953125 -2856.60546875 -2877.171875 -2850.78125 -2790.046875 -2766.63671875 -2862.0078125 -2470.73046875 -1384.78125 -372.69921875 -282.09765625 -84.51171875 593.96484375 48.38671875 171.921875 426.44140625 -95.828125 -1488.41015625 -1572.9765625 -1570.97265625 -2782.0078125 -2766.546875 -2853.671875 -2973.96484375 -3124.6875 -3380.73828125
-62.3515625 -125.5078125 -718.4765625 -1220.375 -1054.24609375 -543.56640625 -124.68359375 -141.171875 -772.90625 -849.671875 -849.73828125 -494.1875 -109.50390625 -1007.63671875 -2008.3359375 -2122.5859375 -1917.60546875 -2063.67578125 -2082.86328125 -2130.19921875 -2656.0703125 -2801.39453125 -2854.375 -2914.9296875 -2874.5 -2874.66015625 -2901.4375 -2883.30078125 -2869.94921875 -2865.1640625 -2544.96875 -1293.50390625 -326.94921875 -169.8984375 6.1640625 136.51171875 475.89453125 -21.62890625 -163.37890625 -649.109375 -1431.8203125 -1383.359375 -2332.20703125 -2731.64453125 -2664.58203125 -2615.81640625 -2063.25 -2659.17578125 -2500.94921875
77.30859375 13.390625 -122.578125 -721.95703125 -683.1796875 -113.05859375 10.76171875 -222.94140625 -552.4140625 -768.48046875 -941.8125 -749.59375 -1605.5859375 -2383.0078125 -2477.69140625 -2412.078125 -2321.24609375 -2231.67578125 -2114.25 -2491.95703125 -2712.4140625 -2794.58984375 -2825.80859375 -2848.39453125 -2846.765625 -2853.1796875 -2894.1953125 -2899.796875 -2848.125 -2929.30859375 -2882.98828125 -1993.4765625 -818.23046875 -431.7890625 -115.51953125 -65.37890625 -35.40234375 -180.015625 -915.9765625 -546.94921875 -1483.06640625 -1795.703125 -2378.76953125 -2632.59765625 -2262.5625 -1524.06640625 -1522.328125 -1786.015625 -2227.3671875
112.73828125 -40.15625 -88.078125 -667.4609375 -511.90625 -135.34765625 -47.04296875 -477.99609375 -691.47265625 -913.00390625 -1011.09765625 -1875.76171875 -2657.21875 -2682.86328125 -2607.48046875 -2563.40234375 -2357.8203125 -2352.87890625 -2469.18359375 -2580.42578125 -2695.1484375 -2799.89453125 -2838.09375 -2851.4765625 -2876.265625 -2917.08984375 -2907.8125 -2838.3984375 -2839.7578125 -2905.55859375 -2869.3125 -2839.8671875 -2221.421875 -2117.29296875 -994.87109375 -468.8828125 -810.59765625 -1006.14453125 -923.61328125 -1464.796875 -1981.68359375 -1805.19921875 -2356.78125 -1607.9921875 -735.1171875 -1079.45703125 -1498.828125 -1624.15625 -1237.18359375
-87.515625 -100.9296875 -307.57421875 -806.953125 -1063.49609375 -1131.42578125 -1309.75 -1387.34765625 -1301.41796875 -1412.27734375 -2245.8828125 -2791.3515625 -2721.296875 -2753.90234375 -2662.8671875 -2637.30859375 -2699.69140625 -2668.9296875 -2698.8671875 -2752.1328125 -2757.66796875 -2824.53515625 -2834.9609375 -2881.20703125 -3083.859375 -3026.32421875 -2877.3515625 -2885.1796875 -2854.546875 -2871.80859375 -2869.8984375 -2884.625 -2786.31640625 -2689.54296875 -2417.8984375 -1672.44140625 -1865.40234375 -1954.4296875 -1859.15234375 -1453.6484375 -1071.71875 -1037.75 -569.98046875 -434.28125 -652.875 -795.2265625 -607.85546875 -978.09375 -1213.66015625
-565.0234375 -788.33984375 -798.0546875 -1584.453125 -1588.73046875 -1821.62890625 -2073.05078125 -1603.98828125 -1963.046875 -2293.53125 -2753.1171875 -2752.49609375 -2742.25 -2800.984375 -2814.015625 -2794.53515625 -2800.27734375 -2811.234375 -2806.3984375 -2830.31640625 -2832.53125 -2840.4609375 -2861.48828125 -2885.71484375 -2892.17578125 -2908.0546875 -2875.55859375 -2851.21875 -2847.640625 -2872.19140625 -2868.87109375 -2840.54296875 -2770.2421875 -2637.68359375 -2464.31640625 -2404.23828125 -1868.0625 -1298.79296875 -677.69140625 -318.6484375 -605.13671875 -439.01953125 -489.80078125 -579.54296875 -545.76171875 -461.0625 -603.65625 -825.03515625 -485.04296875
-743.32421875 -1150.9609375 -1138.8203125 -2163.56640625 -2369.9765625 -2486.47265625 -2457.40625 -2283.2421875 -2875.76953125 -2763.18359375 -2900.1640625 -2748.1484375 -2743.95703125 -2802.921875 -2810.6328125 -2856.24609375 -2877.11328125 -2849.39453125 -2847.18359375 -2854.13671875 -2835.88671875 -2846.6484375 -2877.26171875 -2872.73828125 -2857.18359375 -2849.13671875 -2859.47265625 -2884.33984375 -2860.36328125 -2871.82421875 -2841.71484375 -2809.15234375 -2780.43359375 -2741.23046875 -2398.9375 -2275.62109375 -1576.9375 -633.85546875 -381.859375 -357.87890625 -448.4609375 -464.78515625 -457.1953125 -435.046875 -272.546875 -380.10546875 -561.27734375 -465.90234375 -681.16015625
