input_spatial_layers/gebco_30sec_8_clipped_res_1.asc
ncols        360
nrows        172
xllcorner    -180
yllcorner    -82
cellsize     1
NODATA_value  -9999
[rows 23 to 45 of 172, columns 255 to 305 of 360]
49.0546875 50.0078125 26.9140625 20.4921875 46.5234375 33.38671875 18.66015625 43.484375 43.765625 62.44921875 66.1796875 34.37890625 18.62109375 137.24609375 290.03515625 368.52734375 414.140625 522.625 559.8515625 582.46875 767.296875 639.19140625 828.05859375 673.25390625 694.41796875 557.93359375 398.49609375 488.55859375 500.13671875 449.01953125 471.49609375 598.6328125 675.74609375 608.375 409.09375 322.44140625 397.91796875 380.62109375 338.546875 369.00390625 368.93359375 342 319.234375 229.4375 248.73046875 204.65625 193.41015625 159.95703125 38.9375 87.5078125 232.26953125
102.04296875 63.77734375 24.03515625 41.8515625 38.40625 44.15625 35.890625 24.61328125 48.37109375 118.48046875 97.73828125 40.78125 37.74609375 150.55078125 392.90625 405.10546875 479.13671875 411.03125 360.13671875 549.66796875 541.32421875 579.24609375 604.5078125 578.7890625 412.7890625 551.96484375 370.70703125 485.28125 570.9453125 681.8125 512.07421875 498.8046875 505.81640625 538.51953125 603.5546875 657.90625 618.88671875 549.203125 397.953125 377.77734375 298.54296875 349.484375 298.4765625 228.46875 171.1328125 207.18359375 179.60546875 175.87890625 122.04296875 42.6171875 177.359375
61.2890625 57.44921875 52.2890625 41.015625 46.06640625 35.62890625 45.1015625 99.84375 150.25 76.05859375 96.4453125 47.234375 27.6171875 249.69921875 470.73828125 435.8515625 332.21484375 366.64453125 372.66015625 293.0703125 414.44921875 436.6328125 571.5546875 555.625 441.51953125 480.98828125 562.8828125 458.66796875 569.765625 537.87890625 534.98046875 531.625 449.16015625 477.7109375 391.203125 436.875 492.44140625 420.9921875 386.1484375 351.99609375 281.3359375 226.59375 207.76953125 206.76953125 211 137.73828125 139.14453125 170.19140625 152.31640625 111.77734375 53.5625
90.2890625 69.69921875 59.328125 62.5703125 78.64453125 79.1953125 121.9765625 53.42578125 64.5703125 108.85546875 95.83203125 37.12109375 32.2421875 205.14453125 186.79296875 478.71875 296.23828125 373.16015625 410.84375 385.8125 394.6171875 427.625 539.2890625 195.8984375 528.4296875 455.796875 517.13671875 459.9296875 426.96484375 255.04296875 426.26171875 233.015625 350.0078125 361.94140625 357 345.5 333.13671875 362.00390625 413.1796875 300 218.9296875 170.609375 175.33203125 146.05859375 121.1953125 105.109375 136.4765625 153.70703125 145.734375 156.375 140.21875
72.54296875 78.734375 92.88671875 88.5859375 100.8125 102.671875 107.88671875 134.6875 165.70703125 130.5546875 161 87.87890625 211.04296875 107.7421875 153.05078125 300.0390625 209.34765625 452.30078125 571.8671875 536 508.69140625 558.640625 537.66796875 394.4296875 533.67578125 438.62890625 296.0390625 406.1796875 399.296875 475.86328125 377.91796875 380.10546875 345.32421875 311.26953125 348.29296875 335.62109375 343.47265625 320.07421875 369.57421875 298.25390625 228.71875 234.0390625 128.6015625 239.9921875 288.58203125 297.25390625 335.83984375 332.07421875 290.1875 302.890625 284.0234375
75.5 87.1484375 92.34375 81.44921875 60.44921875 83.0859375 75.71875 79.26171875 113.8359375 128.69140625 158.9765625 138.43359375 164.421875 134.1875 182.5234375 200 145.16796875 420.84765625 524.71484375 590.95703125 472.26171875 282.8515625 468.1640625 464.59375 362.34375 327.625 408.140625 441.26953125 420.59375 411.65234375 390.140625 373.05859375 310.5078125 350.12109375 333.15234375 364.4140625 394.0234375 355.21484375 386.10546875 333.81640625 309.84375 322.5078125 276.0625 247.46484375 277.0234375 225.71484375 349.7109375 331.4140625 354.3046875 343.8515625 243.27734375
67.73046875 72.7421875 43.0859375 50.69140625 75.2578125 91.5390625 85.640625 110.3515625 111.55859375 119.4453125 151.0078125 141.7109375 143.73046875 119.84765625 79.37109375 270.1640625 377.96484375 347.6875 460.71875 266.4296875 339.3125 440.0859375 411.3359375 471.0078125 370.92578125 360.26171875 355.7734375 287.23828125 344.33984375 409.2734375 399.5 354.3125 371.0390625 399.82421875 380.82421875 426.62109375 366.5 428.04296875 432.21484375 283.1953125 463.30859375 283.109375 335.1171875 403.5859375 378.8828125 281.1640625 350.4609375 439.1640625 445.39453125 353.2578125 495.89453125
87.44921875 92.95703125 99.95703125 94.8125 44.5625 55.9453125 94.34765625 121.7421875 104.90625 145.16796875 137.109375 129.59765625 165.90625 166.8515625 107.69140625 146.609375 177.8125 470.25 498.42578125 483.32421875 469.171875 505.61328125 362.13671875 433.05859375 287.5078125 271.67578125 325.39453125 384.15234375 371.9921875 381.265625 472.9140625 502.171875 470.25390625 425.8203125 441.3359375 404.44921875 400.8515625 379.85546875 509.21484375 754.66015625 953.77734375 998.6640625 616.87109375 450.34765625 342.84765625 447.8515625 373.5625 510.12890625 598.22265625 510.0625 426.04296875
105.59375 91.57421875 90.34765625 112.69140625 86.8359375 75.91796875 87.29296875 55.59765625 66.25390625 70.3125 84.31640625 138.0703125 169.62890625 122.99609375 135.515625 178.859375 169.0859375 131.8125 225.36328125 350.6328125 216.80859375 271.75390625 239.921875 273.046875 261.9609375 244.16015625 321 331.33203125 374.9140625 471.01171875 518.984375 463.52734375 501.01171875 396.609375 428.90625 446.015625 369.75 766.33984375 903.69921875 891.94140625 872.67578125 724.9921875 628.1484375 452.7265625 488.58203125 536.04296875 485.921875 591.453125 721.3515625 580.390625 909.8359375
134.03515625 115.05859375 125.03125 99.9375 107.26171875 132.18359375 117.18359375 112.18359375 110.75 89.42578125 112.0625 125.13671875 167.96484375 172.11328125 166.65234375 180.765625 205.8203125 210 203.2109375 243.0234375 266.390625 290.453125 359.52734375 362.4296875 286.49609375 391.078125 384.99609375 413.921875 465.7890625 472.58203125 513.0625 535.8828125 414.73828125 522.9140625 607.28125 918.19140625 900.0859375 501.47265625 776.734375 815.34765625 641.4375 812.1640625 1002.4921875 977.28515625 1092.4296875 1109.1171875 769.0625 969.16015625 724.50390625 865.44140625 1016.73828125
117.87109375 102.62890625 124.0703125 130.04296875 126.3515625 139.4453125 143.75390625 125.8203125 107.98828125 137.20703125 221.38671875 189.6484375 129.28515625 206.13671875 219.12109375 220.2734375 327.7421875 315.421875 201.8125 487.93359375 296.29296875 285.7890625 248.484375 251.71875 458.1484375 564.17578125 383.625 462.6171875 541.875 595.54296875 676.6796875 538.63671875 478.05078125 801.34375 1229.890625 1163.47265625 1732.9765625 858.8359375 1665.3984375 1157.015625 622.28125 916.9921875 1305.40625 1902.0546875 1506.8984375 1124.8984375 568.12109375 1120.265625 1357.62890625 1061.73046875 964.63671875
98.20703125 102.32421875 107.421875 117.62109375 127.65234375 135.26171875 141.31640625 150.8671875 121.6015625 200.40625 194.03125 246.92578125 437.796875 409.73046875 377.328125 358.484375 320.54296875 391.8046875 598.01953125 391.88671875 356.71484375 424.359375 451.15625 400.00390625 404.67578125 483.859375 453.51171875 472.90625 571.99609375 552.58203125 573.65625 882.78515625 649.0703125 1088.15625 449 1766.609375 1336.41015625 1534.2109375 1262.12109375 1188.6875 1099.66015625 993.9140625 1329.84375 1090.59375 887.234375 736.66796875 780.203125 646.13671875 631.6484375 801.765625 745.7421875
97.15234375 97.6015625 106.1015625 110.7890625 131.9296875 163.22265625 207.0703125 172.29296875 240.09765625 306.359375 290.66796875 227.54296875 210.61328125 910.80859375 759.5 439.96875 387.08203125 442.80078125 858.6171875 1286.65625 1287.25390625 1256.4296875 848.484375 941.74609375 604.98046875 539.25 497.4765625 628.7890625 672.24609375 740.07421875 713.30078125 926.94140625 825.72265625 1363.46875 521.6171875 641.43359375 1605.98046875 1530.29296875 1047.82421875 1102.0078125 918.6953125 740.3046875 970.46484375 1088.859375 1017.23828125 821.71484375 1020.5703125 879.33984375 681.7421875 772.74609375 1031.359375
105.6953125 109.40234375 103.76171875 112.4140625 160.20703125 234.80859375 142.734375 123.8046875 152.4765625 237.55859375 209.3671875 350.1953125 485.59375 660.96875 844.54296875 588.515625 342.828125 465.8359375 726.52734375 1272.18359375 1417.9765625 1845.953125 1993.3125 1595.62890625 1429.859375 1041.2265625 528.96484375 485.640625 460.65625 805.83203125 978.8125 806.2890625 658.71484375 449.4140625 729.796875 1402.34375 1147.66015625 1058.6953125 919.546875 1040.625 882.51953125 796.3203125 1106.18359375 705.953125 736.140625 520.44140625 598.4140625 407.6015625 344.9609375 415.01171875 417.91015625
107.52734375 113.54296875 132.56640625 138.62109375 131.6328125 212.453125 262.9609375 210.53515625 215.71484375 182.203125 192.35546875 318 697.32421875 889.9921875 1326.19140625 764.1171875 1117.01953125 1321.5703125 1164.6875 1520.7578125 1016.5546875 1110.37890625 1546.5625 2206.4296875 2127.78125 2030.015625 1403.33203125 981.0078125 455.625 482.609375 794.8515625 449 1109.77734375 1281.52734375 1271.74609375 1012.2265625 961.05078125 1013.9296875 1019.90234375 1057.92578125 882.40625 719.23828125 790.01171875 661.12109375 764.9296875 798.85546875 795.21875 705.74609375 822.4453125 566.01953125 361.453125
238.0234375 145.9921875 123.171875 163.21875 165.6953125 220.77734375 240.70703125 387.70703125 594.84765625 683.22265625 787.375 1578.1796875 1501.5546875 1786.59765625 2081.64453125 1805.4453125 772.30859375 655.91796875 778.0078125 890.3125 835.85546875 1644.3828125 2220.90625 2015.8125 1716.375 1664.1171875 1848.734375 1610.921875 1401.23828125 451.01953125 1002.2578125 1050.1953125 765.5703125 851.8203125 912.95703125 1084.859375 1072.9296875 1059.1640625 752.12890625 775.99609375 738.10546875 769.140625 880.1484375 820.76953125 812.17578125 789.01953125 869.203125 1133.203125 907.14453125 766.91796875 466.6640625
581.625 427.48828125 336.984375 226.01171875 203.30859375 262.1484375 405.5625 435.38671875 1090.82421875 1500.40625 1757.7421875 1314.3671875 2000.296875 1978.88671875 2219.4375 2441.296875 1425.78515625 760.046875 790.7734375 941.83203125 1734.890625 2517.8203125 1870.7890625 2154.0234375 2259.765625 1852.09765625 1279.15234375 1677.08984375 1186.57421875 952.07421875 807.296875 867.59375 1029.63671875 1102.3203125 914.1875 1182.28125 1135.2109375 1233.4140625 797.34375 712.015625 660.01171875 696.67578125 694.984375 685.7734375 606.66015625 737.4609375 825.0703125 718.3125 565.4921875 514.4140625 365.24609375
785.78515625 767.62109375 652.453125 473.19921875 426.2734375 416.46875 498.6875 661.51953125 467.87890625 694.41015625 1508.53125 1957.98828125 2707.49609375 2684.69921875 2376.09375 1438.671875 2773.04296875 1471.48046875 2074.8984375 1477.91796875 1743.49609375 1599.74609375 1787.51953125 1959.515625 1786.8984375 1583.921875 1529.125 1248.14453125 1349.9296875 914.99609375 948.046875 888.3046875 1063.0546875 1492.41796875 1582.4921875 1602.21484375 1105.30859375 860.4375 943.38671875 709.74609375 585.7734375 720.99609375 706.8515625 642.85546875 636.4921875 722.25 774.42578125 664.703125 491.578125 322.328125 312.7734375
1030.328125 749.3515625 756.6953125 793.74609375 936.80078125 792.578125 824.59375 494.16015625 389.88671875 697.9921875 1000.94140625 1784.1640625 1762.15234375 2543.35546875 2271.76171875 2788.19921875 1245.35546875 1319.9375 1146.640625 1358.7421875 1668.3046875 2339.92578125 1942.0703125 2178.26171875 2029.34375 1824.375 1675.77734375 1386.8515625 1394.12109375 1054.90625 1173.19921875 1284.671875 2046.75390625 1734.44140625 1526.08984375 1114.6875 1166.9453125 1095.16796875 834.88671875 748.09765625 673.89453125 611.5546875 610.68359375 694.49609375 803.5078125 896.98046875 1036.78125 736.421875 345.55078125 206.5 249.25
520.4453125 564.796875 643.7265625 621.0390625 511.30078125 627.265625 1381.3984375 1030.203125 706.41015625 716.6953125 702.26171875 871.34765625 485.2265625 857.6640625 2258.20703125 2951.30078125 2571.40234375 1483.546875 1163.4375 1424.21484375 1504.28125 1656.28125 2939.48046875 2968.4453125 2799.14453125 2192.28515625 1928.66796875 1406.7265625 1201.9453125 1259.95703125 1460.46875 1492.765625 1646.75390625 1398.3125 1372.6171875 1351.2578125 1012.61328125 1003.3359375 1035.46875 887.0625 690.0703125 633.18359375 621.0859375 755.72265625 917.73828125 1422.60546875 810.01171875 369.23046875 153.96484375 155.10546875 206.90625
339.30078125 343.359375 338.35546875 338.41796875 450.5546875 402.91015625 348.59765625 452.01171875 488.5703125 1944.58203125 729.98828125 690.03515625 586.1015625 716.09765625 870.7265625 1486.03125 2382.37109375 2623.0390625 2574.52734375 2311.421875 1429.7734375 1938.0234375 1980.0546875 2235.328125 1993.60546875 2421.43359375 2693.74609375 2057.3125 1828.29296875 1659.10546875 1454.1953125 1329.9921875 1291.203125 1368.2265625 1375.19140625 1288.2265625 1084.74609375 1001.22265625 1002.08203125 1078.83203125 804.65234375 746.87890625 937.953125 849.36328125 1141.95703125 866.8359375 518.87109375 292.6875 137.078125 141.29296875 149.01171875
361.21875 370.203125 394.9921875 398.80859375 536.046875 1055.40234375 2502.34765625 1071.7890625 1747.73828125 928.47265625 270.515625 328.26171875 507.30078125 759.01953125 1023.01953125 1260.0625 1083.1640625 1200.5703125 1689.296875 2183.2734375 1913.4375 2541.6015625 1938.94140625 1968.13671875 1332.61328125 1437.52734375 2003.5 1534.4453125 1422.52734375 1364.30078125 1377.9765625 1417.37109375 1119.09375 1187.57421875 994.59375 981.85546875 941.77734375 875.578125 1165.3203125 1387.67578125 1171.52734375 836.14453125 836.21875 857.4609375 1004.1484375 636.09375 425.46875 165.5078125 136.0546875 129.1953125 123.2421875
402.0078125 435.8515625 910.86328125 1309.4609375 2333.18359375 2265.00390625 2492.625 568.6015625 989.1328125 460.203125 422.1015625 407.6171875 432.76953125 517.7578125 597.4140625 753.09765625 1038.30078125 1126.4609375 669.01171875 910.49609375 1747.94921875 1425.5390625 1538.63671875 1461.48828125 2115.7890625 1613.10546875 1292.3203125 1901.140625 1044.83203125 1191.59765625 1323.62890625 1271.60546875 1154.38671875 1233.0546875 891.828125 844.58203125 1108.91796875 1236.9921875 1192.5703125 1137.75 1092.80859375 988.14453125 1158.19921875 1243.92578125 806.48046875 575.2265625 194.62890625 161.58984375 147.51171875 206.1953125 187.921875
