input_spatial_layers/gebco_30sec_8_clipped_res_1.asc
ncols        360
nrows        172
xllcorner    -180
yllcorner    -82
cellsize     1
NODATA_value  -9999
[rows 69 to 91 of 172, columns 0 to 50 of 360]
-3757.33203125 -4510.76171875 -5374.6015625 -4088.76171875 -5389.6796875 -5459.53125 -5285.21484375 -3090.91015625 -4262.8203125 -4292.0078125 -2954.01171875 -4812.81640625 -4790.02734375 -4987.6328125 -4993.1796875 -4913.0546875 -4708.671875 -4837.30078125 -4687.5 -4652.09765625 -4569.1328125 -4408.125 -4406.7734375 -1131.39453125 -3024.03515625 -5507.125 -5126.5390625 -4893.90234375 -5107.1953125 -5353.828125 -5265.03515625 -5478.21484375 -5398.21875 -5436.64453125 -5361.90234375 -5564.89453125 -5598.5703125 -5544.20703125 -5488.140625 -5392.83984375 -5096.09765625 -5137.26171875 -5263.45703125 -5269.49609375 -5359.56640625 -5319.453125 -4985.71875 -5118.45703125 -4995.1171875 -4627.9453125 -4791.3203125
-3831.4921875 -4429.15234375 -4899.9609375 -4828.35546875 -4862.9296875 -4642.640625 -2822.60546875 -3466.94921875 -2457.06640625 -4618.1796875 -4943.2734375 -2237.35546875 -5224.77734375 -5232.734375 -5266.29296875 -5274.71484375 -5372.390625 -5393.6171875 -4960.02734375 -4809.13671875 -4496.11328125 -4263.578125 -4330.35546875 -4547.453125 3183.62109375 -4672.8203125 -5213.27734375 -5092.03515625 -5233.671875 -5400.24609375 -5415.9296875 -5421.3515625 -5335.44921875 -5481.24609375 -5323.1953125 -5564.5078125 -5370.9921875 -5403.8203125 -5558.3671875 -5605.03515625 -5238.43359375 -5244.19921875 -5266.40625 -5342.1171875 -5314.8984375 -5260.23046875 -5352.06640625 -5172.07421875 -5036.84375 -4936.5703125 -4777.84765625
-1534.54296875 -3663.8046875 -4538.37890625 -2329.546875 -2325.296875 -2587.40234375 -2823.42578125 -5016.578125 -4856.87890625 -4382.48046875 -2659.26171875 -4956.04296875 -4996.25390625 -5250.5546875 -5473.94140625 -5451.01171875 -5540.640625 -5445.25 -5345.87109375 -5193.14453125 -4919.84375 -3933.86328125 -4435.3671875 -4636.19921875 -4298.80078125 -5230.90234375 -5052.51171875 -5102.8984375 -5240.00390625 -5369.140625 -5366.0078125 -5426.01171875 -5138.4609375 -5119.4375 -5280.65625 -5391.9765625 -5324.65234375 -5427.8046875 -5503.6796875 -5461.33984375 -5397.0703125 -5241.515625 -5270.4921875 -5159.15625 -5328.80859375 -5122.87109375 -5228.84375 -5157.51953125 -5212.859375 -5113.08984375 -5063.50390625
-5210.98046875 -5273.28515625 -3185.3671875 -3806.5390625 -2661.8125 -4698.46875 -5104.625 -5337.7890625 -5220.1171875 -5228.703125 -5194.38671875 -5121.453125 -5207.96875 -5355.18359375 -5422.90625 -5474.984375 -5409.921875 -5594.74609375 -5547.34765625 -5426.3203125 -5363.7890625 -4958.66796875 -4683.05078125 -4825.87890625 -4823.00390625 -5046.625 -4959.9140625 -5124.01171875 -5279.87109375 -5264.2578125 -5378.26171875 -5340.30078125 -5365.7265625 -5319.46484375 -5325.359375 -5418.51953125 -5339.36328125 -5507.5703125 -5441.6171875 -5500.79296875 -5614.6796875 -5363.578125 -5329.00390625 -5243.51953125 -5118.7578125 -5070.37890625 -5213.8671875 -5100.16796875 -5231.33984375 -5404.05859375 -4459.43359375
-4706.25390625 -5236.15234375 -5174.2578125 -5315.328125 -3059.81640625 -5217.21875 -5669.69921875 -5032.7890625 -4815.33203125 -5134.68359375 -3074.18359375 -5069.21484375 -5383.91796875 -5309.6796875 -5319.4609375 -5595.4140625 -5530.51171875 -4710.88671875 -5632.94140625 -5649.21875 -5561.734375 -5433.03515625 -5255.62109375 -5265.7421875 -5016.1640625 -5201.54296875 -5092.8671875 -5266.8125 -5183.91015625 -5134.0078125 -5163.8203125 -5281.2421875 -5281.4609375 -5293.80859375 -5429.99609375 -5391.12890625 -5407.24609375 -5427.61328125 -5433.83203125 -5375.9453125 -5340.3515625 -5298.125 -5427.21875 -5518.3671875 -4665.05859375 -4975.7890625 -5037.14453125 -3731.70703125 -5111.1328125 -5070.75390625 -4956.3359375
-5104.08984375 -5177.56640625 -4793.51171875 -5526.375 -5445.84375 -5699.0234375 -5741.4921875 -5820.3515625 -3886.03515625 -2941.89453125 -4661.6328125 -4082.95703125 -5037 -5447.12109375 -5287.09375 -5531.5546875 -5638.08203125 -5553.9765625 -5624.96875 -5575.796875 -5630.78125 -5716.703125 -5195.1328125 -5456.58203125 -5440.9296875 -5352.3828125 -5575.109375 -5634.1171875 -5638.7734375 -5410.8359375 -5232.03125 -5314.8203125 -5258.08984375 -5431.42578125 -5364.2265625 -5418.90625 -5259.6015625 -5273.109375 -5595.25390625 -5475.74609375 -4815.1171875 -4718.8828125 -4955.1796875 -4868.8046875 -4886.640625 -4626.69140625 -5119.89453125 -5118.03515625 -5062.515625 -4970.984375 -4942.63671875
-5152.671875 -5595.75 -5345.74609375 -5263.31640625 -4860.85546875 -5708.0390625 -3702.6328125 -5724.83203125 -5846.66796875 -5707.3515625 -4468.52734375 -5208.15234375 -5040.625 -5336.78515625 -5502.53125 -5558.51953125 -5774.73046875 -5693.640625 -5711.08984375 -5629.328125 -5701.69921875 -5543.50390625 -5633.0390625 -5777.0390625 -5735.93359375 -5438.96875 -5905.8515625 -5565.12109375 -5741.609375 -5539.23828125 -5130.85546875 -5397.94921875 -5660.1328125 -5754.9296875 -5013.890625 -5108.33984375 -4710.9921875 -5070.46484375 -4958.87109375 -4934.5390625 -4810.15625 -4828.796875 -4784.94921875 -4833.67578125 -5063.19921875 -4913.6015625 -4939.82421875 -5167.57421875 -5228.0546875 -4939.26171875 -4894.1875
-5572.73046875 -5204.40625 -4549.19140625 -5215.078125 -5524.015625 -5670.9921875 -4693.01953125 -5696.86328125 -5342.34375 -5664.453125 -5818.08203125 -5615.78515625 -4654.25 -4766.328125 -4719.59765625 -5370.47265625 -5525.05078125 -5548.11328125 -5591.42578125 -5575.640625 -5331.4765625 -5720.07421875 -5632.78125 -5809.25390625 -5379.04296875 -5330.32421875 -5458.51171875 -5809.1328125 -5429.625 -5097.921875 -5235.37109375 -5213.203125 -5342.37109375 -5341.79296875 -5184.53515625 -5128.6328125 -4939.44140625 -5019.453125 -4867.6484375 -4807.48828125 -5087.70703125 -4724.53515625 -4837.9921875 -4742.9140625 -4979.1953125 -4817.546875 -4893.98046875 -4882.74609375 -5007.73828125 -4985.87109375 -4834.765625
-5876.45703125 -5456.875 -4037.1484375 -4803.4765625 -5084.54296875 -5521.23828125 -5444.88671875 -5228.53515625 -5514.828125 -5430.609375 -5875.09765625 -5318.15625 -5066.21875 -5180.63671875 -5272.7578125 -5302.3203125 -5316.18359375 -5589.37890625 -5521.4375 -5559.78515625 -5315.96484375 -5372.5234375 -5484.1640625 -5401.484375 -5134.89453125 -5272.80078125 -5341.68359375 -5411.33203125 -5378.19921875 -5307.75 -5285.953125 -5309.640625 -5526.4375 -5320.5390625 -5430.39453125 -4870.109375 -4972.0078125 -5050.81640625 -4313.328125 -4826.33203125 -4793.62109375 -4960.69140625 -4924.91015625 -5010.72265625 -4936.9140625 -4842.796875 -4855.16796875 -4946.109375 -4993.6171875 -4994.1953125 -4854.12890625
-5688.87890625 -5577.8359375 -5223.5703125 -5283.62890625 -5284.37109375 -5073.46875 -5535.80859375 -5101.74609375 -4445.86328125 -5081.46875 -5081.59765625 -4876.78515625 -5130.734375 -5193.54296875 -4407.6640625 -4996.2421875 -5100.6640625 -5233.6796875 -5516.578125 -5315.90625 -5345.04296875 -5102.15234375 -5350.97265625 -5483.4453125 -5166.5 -4881.80859375 -4594.62109375 -4795.6328125 -5546.77734375 -5271.046875 -5303.49609375 -5280.41015625 -5408.4296875 -5421.87109375 -5327.40234375 -5456.59765625 -5167.0234375 -4900.703125 -5359.35546875 -4823.9765625 -4924.953125 -4951.44921875 -4971.8046875 -4970.5078125 -5089.48828125 -4876.41796875 -4931.484375 -4818.09375 -4981.07421875 -4912.4296875 -4856.140625
-6083.328125 -5840.27734375 -5774.26171875 -5780.4375 -5700.5 -5364.53125 -5158.50390625 -5653.66015625 -5270.0078125 -4684.71875 -3980.34765625 -4915.77734375 -3987.61328125 -5013.046875 -4343.328125 -4373.8046875 -4773.44140625 -5058.25 -5159.2578125 -5247.84765625 -4442.76953125 -5276.44921875 -5121.1328125 -5060.91015625 -5178.28515625 -5027.75390625 -5151.71875 -4928.42578125 -4977.7890625 -5109.91015625 -5226.4921875 -5208.87109375 -5303.47265625 -5220.73046875 -5199.68359375 -5189.76171875 -5150.59765625 -4971.17578125 -4906.23046875 -4923.60546875 -4903.5703125 -4897.28125 -4806.4765625 -5007.86328125 -4937.51953125 -4939.0546875 -4914.94921875 -4775.30078125 -4936.33984375 -4835.484375 -4683.703125
-6166.27734375 -6005.70703125 -5978.39453125 -5657.91015625 -5932.08203125 -5941.11328125 -5880.37109375 -5784.37109375 -4629.57421875 -4846.734375 -4517.703125 -5243.43359375 -4891.515625 -4957.703125 -4716.984375 -4212.98046875 -4174.953125 -4702.1796875 -4376.578125 -4963.984375 -4351.34765625 -5042.515625 -5196.19140625 -5218.57421875 -5129.92578125 -5181.359375 -5182.34375 -5243.7109375 -5161.04296875 -5068.91015625 -5057.28125 -5147.58984375 -5227.04296875 -5110.60546875 -5179.48046875 -5197.23046875 -5117.3125 -5085.72265625 -5160.671875 -5013.734375 -4924.80078125 -4861.55078125 -4813.9765625 -4793.25 -4804.859375 -4787.9609375 -4887.171875 -4910.6640625 -4912.4453125 -4814.734375 -4756.2734375
-5889.64453125 -5795.9140625 -5700.3359375 -4902.671875 -5825.90234375 -6019.6796875 -5967.10546875 -5756.2265625 -5404.3671875 -5323.94140625 -5202.953125 -4966.53125 -5304.890625 -5087.0859375 -4886.140625 -3878.01953125 -4659.29296875 -4595.65625 -4376.4375 -4940.859375 -4754.4296875 -4732.5703125 -4972.6640625 -5181.21484375 -5271.84765625 -5101.3125 -5191.23828125 -5122.15234375 -5141.203125 -4960.9765625 -4861.5078125 -5076.8828125 -5147.61328125 -5202.4765625 -5227.4140625 -5096.95703125 -5265.90625 -5048.81640625 -5058.52734375 -5055.609375 -5130.4375 -4924.75 -4720.1015625 -4665.8046875 -4769.1953125 -4845.1796875 -4818.58984375 -4827.6875 -5034.31640625 -4982.80859375 -4737.97265625
-5852.66015625 -5808.57421875 -4208.37890625 -3837.45703125 -5341.11328125 -5842.65625 -6018.9765625 -5739.49609375 -5507.109375 -5606.42578125 -5477.48828125 -5123.203125 -4933.15234375 -5155.8828125 -4638.2734375 -4910.48828125 -4519.45703125 -4340.26171875 -3425.44921875 -4100.91796875 -4544.4296875 -4348.9296875 -4754.41796875 -5275.0078125 -5112.77734375 -4995.0546875 -5126.6953125 -5167.453125 -5032.9609375 -5065.171875 -4319.8984375 -4778.61328125 -5035.0625 -5168.5859375 -4988.73046875 -5090.49609375 -5062.515625 -5115.73828125 -5110.140625 -5190.00390625 -5085.015625 -5008.46875 -4892.83203125 -4635.53125 -4691.26171875 -4740.1171875 -4550.71875 -4789.9140625 -4711.171875 -4739.453125 -4317.48828125
-5945.859375 -5428.609375 -3840.296875 -4499.34765625 -5505.97265625 -5906.24609375 -5977.22265625 -5743.734375 -5551.2421875 -5532.96484375 -5796.05078125 -5301.20703125 -5092.98828125 -4544.97265625 -4870.06640625 -4671.38671875 -4640.65234375 -2115.71484375 -2315.421875 -2453.92578125 -4036.37109375 -4159.828125 -4130.515625 -4815.5390625 -4771.74609375 -4909.37109375 -4936.62890625 -4993.62109375 -5275.94140625 -5114.00390625 -4771.24609375 -4694.5625 -4763.38671875 -5218.16796875 -5065.8671875 -5199.45703125 -5085.42578125 -4983.51953125 -4958.77734375 -5028.9921875 -4874.42578125 -4897.37890625 -4777.1953125 -4688.703125 -4691.3203125 -4418.07421875 -4438.9921875 -4297.85546875 -4188.6484375 -4308.9921875 -4260.484375
-5652.34765625 -5507.01171875 -4955.69140625 -5355.4296875 -5427.30859375 -5588.0703125 -5026.265625 -5661.32421875 -5615.20703125 -5601.96484375 -5730.33203125 -5163.421875 -5212.3984375 -5110.16796875 -4487.95703125 -4334.23828125 -4358.28515625 -4264.7890625 -2285.40234375 -3304.83984375 -4008.58984375 -3285.9296875 -4553.8203125 -4725.40625 -4834.3046875 -4643.40234375 -4753.46484375 -4971.0390625 -4998.00390625 -5224.01953125 -5135.6953125 -4914.21875 -4833.26171875 -5097.23828125 -5172.46484375 -5069.01953125 -4975.46875 -4874.84765625 -4763.234375 -4838.23828125 -4961.88671875 -4588.44140625 -4565.0703125 -4606.34765625 -4562.8828125 -4396.44140625 -4509.74609375 -4198.7421875 -4410.55859375 -4176.2421875 -3675.671875
-5636.57421875 -5479.21875 -5323.86328125 -4943.6796875 -5186.54296875 -5315.26171875 -5684.76171875 -5496.85546875 -5378.15625 -5718.30859375 -5696.25390625 -5549.11328125 -5243.46875 -5521.40234375 -5303.2109375 -5139.328125 -4617.13671875 -4673.16796875 -4387.4375 -4079.69921875 -3497.546875 -4129.4296875 -4412.2578125 -4660.7265625 -4720.76953125 -4803.609375 -4778.71484375 -5030.234375 -4851.25 -5110.94140625 -4935.0078125 -4825.38671875 -5059.0859375 -4903.890625 -4926.1015625 -4921.33203125 -4522.328125 -4455.25390625 -4442.2109375 -4349.88671875 -4357.609375 -4302.3984375 -4476.671875 -4560.0546875 -4542.62109375 -4502.765625 -4541.73828125 -4248.16796875 -4527.38671875 -4442.375 -4333.6640625
-5643.1171875 -4992.87109375 -5340.98828125 -3764.078125 -4992.8359375 -4996.7890625 -5322.6953125 -5227.80078125 -5327.60546875 -5384.4765625 -5585.29296875 -5458.28125 -5375.734375 -5185.29296875 -5383.61328125 -5343.02734375 -5191.828125 -4793.53515625 -4717.01171875 -4482.58203125 -2190.0390625 -4170.91015625 -4391.84765625 -4604.62109375 -4712.09375 -4660.6875 -4774.76171875 -4895.38671875 -4771.19140625 -5162.33203125 -5174.18359375 -5161.19140625 -5128.00390625 -4713.63671875 -4647.85546875 -4560.08984375 -4448.25 -4419.14453125 -4375.12890625 -4338.52734375 -4293.84765625 -4302.51953125 -4293.09765625 -4367.37890625 -4267.84765625 -4227.9453125 -4386.92578125 -4367.67578125 -4435.48046875 -4422.41796875 -4440.171875
-5527.19140625 -5338.90234375 -5436.3359375 -5416.453125 -4977.296875 -5332.05078125 -5464.60546875 -4985.5234375 -5383.57421875 -5250.02734375 -5250.03515625 -5517.18359375 -5576.5703125 -5516.046875 -5361.421875 -5325.3046875 -5260.5234375 -5186.3984375 -5076.73828125 -4799.0234375 -3701.765625 -2832.05859375 -4203.75 -4691.22265625 -4649.1484375 -4756.3046875 -4831.80078125 -4709.70703125 -4702.41015625 -4672.38671875 -4791.125 -4710.4921875 -4632.3515625 -4428.95703125 -4641.71875 -4495.60546875 -4487.5234375 -4454.65234375 -4448.625 -4373.72265625 -4394.7890625 -4200.82421875 -4360.4140625 -4344.0546875 -4291.00390625 -4164.2578125 -4476.359375 -4298.05078125 -4374.51953125 -4406.37109375 -4450.4921875
-5468.78515625 -5323.73046875 -4730.0859375 -5440.3046875 -5370.48046875 -5468.3828125 -5569.54296875 -5340.6328125 -5402.8125 -5483.16796875 -5371.0703125 -5359.00390625 -5419.44921875 -5454.31640625 -5187.23828125 -5371.15625 -5251.8125 -5213.28515625 -5313.21484375 -5134.0703125 -4516.78515625 -4078.02734375 -2700.82421875 -4467.5 -4557.6015625 -4810.62890625 -4535.4609375 -4407.17578125 -4328.97265625 -4411.328125 -4564.6875 -4572.21484375 -4563.609375 -4428.23828125 -4597.328125 -4443.78125 -4371.03125 -4338.88671875 -4446.33203125 -4398.43359375 -4222.13671875 -4353.421875 -4335.4453125 -4409.23828125 -4551.66015625 -4617.6328125 -4481.82421875 -4221.61328125 -4391.3125 -4405.7265625 -4471.109375
-5470.984375 -5141.2578125 -5386.11328125 -5279.8125 -5279.5390625 -5480.24609375 -5507.671875 -5703.65234375 -5559.796875 -5554.74609375 -5400.8828125 -5642.734375 -5223.390625 -4650.4609375 -5203.79296875 -3477.87109375 -5373.4375 -5026.9296875 -5080.87890625 -5202.70703125 -4997.48046875 -4745.97265625 -4273.61328125 -3315.99609375 -4709.25390625 -4742.4140625 -4602.12109375 -3768.42578125 -4123.734375 -4249.2890625 -4493.484375 -4416.55078125 -4281.76953125 -4088.2265625 -4254.0390625 -4302.84765625 -4318.1796875 -4421.78125 -4297.0546875 -4330.28125 -4267.47265625 -4300.5 -4412.38671875 -4449.53125 -4439.45703125 -4140.625 -4283.40625 -4368.1171875 -4422.69140625 -4556.77734375 -4485.81640625
-4903.91015625 -5391.0625 -5617.75 -5432.59375 -5532.25 -5353.609375 -5676.359375 -5486.39453125 -5496.09765625 -5474.8125 -5536.5859375 -5445.9453125 -4986.62890625 -4809.98046875 -5021.04296875 -5410.5 -5312.9921875 -5189.10546875 -5149.99609375 -5220.16796875 -5237.8203125 -4848.8203125 -4637.52734375 -4763.72265625 -3667.03125 -4817.4375 -4858.1484375 -4634.25390625 -4398.6328125 -4475.9296875 -4562.8359375 -4498.08984375 -3729.234375 -4259.01953125 -4473.44140625 -4093.18359375 -4414.828125 -4310.703125 -4491.0078125 -4326.09375 -4283.26953125 -4318.22265625 -4163.4296875 -4261.2578125 -4186.9609375 -4115.390625 -4327.0546875 -4363.12109375 -4382.83984375 -4419.06640625 -4345.203125
-5138.6640625 -5391.97265625 -5279.73046875 -5444.19140625 -5281.453125 -4716.82421875 -5137.63671875 -5715.953125 -5304.390625 -5497.00390625 -5458.046875 -4498.70703125 -5361.83984375 -5347.00390625 -5022.609375 -5380.55078125 -5387.79296875 -5406.0546875 -5276.75390625 -5295.32421875 -4012.390625 -5097.6953125 -4309.171875 -4832.98046875 -3195.32421875 -4791.9375 -4874.2265625 -4679.79296875 -4847.01171875 -4856.57421875 -4769.84765625 -4837.20703125 -4769.19921875 -4469.69140625 -4363.73828125 -4405.49609375 -4471.625 -4280.453125 -4281.15625 -4383.52734375 -4294.19921875 -4294.33984375 -4232.90625 -4373.625 -4457 -4493.23828125 -4384.09765625 -4453.0625 -4379.69921875 -4616.96875 -4630.1015625
