input_spatial_layers/gebco_30sec_8_clipped_res_1.asc
ncols        360
nrows        172
xllcorner    -180
yllcorner    -82
cellsize     1
NODATA_value  -9999
[rows 69 to 91 of 172, columns 153 to 203 of 360]
-4966.24609375 -4731.328125 -4625.4765625 -4515.12109375 -4248.98828125 -4045.33203125 -3804.75390625 -3421.80859375 -1612.63671875 -64.109375 -11.98828125 87.51171875 136.55859375 145.9765625 540.97265625 396.2265625 324.94921875 394.4140625 383.99609375 334.5703125 311.94921875 281.80078125 274.55859375 281.765625 306.12109375 328.40234375 365.015625 429.0546875 554.7109375 685.65625 673.5546875 552.96875 540.91796875 480.62109375 566.99609375 707.73046875 619.390625 464.1484375 437.20703125 460.55078125 461.859375 466.5078125 598.6875 825.5078125 1851.5546875 1875.8671875 678.7734375 566.43359375 528.5 598.36328125 686.73046875
-4543.96875 -4340.46484375 -4238.625 -4119.015625 -3812.0234375 -3585.97265625 -3469.8203125 -3238.34375 -2555.9140625 -1697.6171875 -3.69921875 55.203125 99.73046875 89.953125 192.71875 295.18359375 392.75390625 392.88671875 362 344.29296875 312.1796875 315.3671875 294.7734375 276.71484375 279.55859375 329.08984375 413.7265625 377.4921875 615.85546875 689.3359375 494.83203125 445.3984375 424.11328125 410.23046875 509.06640625 766.61328125 651.671875 461.765625 405.83984375 411.953125 438.15234375 449.30078125 551.16796875 611.43359375 705.42578125 770.9765625 462.62890625 481.57421875 631.671875 740.546875 695.0625
-4139.36328125 -3839.85546875 -3733.4453125 -3708.88671875 -3448.94140625 -3098.26171875 -3184.39453125 -3165.6484375 -2897.79296875 -2425.07421875 -93.15625 8.58984375 37.43359375 71.0625 110.453125 450.80859375 450.72265625 264.38671875 305.0703125 332.0625 328.51171875 311.49609375 299.15625 281.67578125 270.5859375 308.71484375 390.83203125 334.046875 473.03125 505.046875 411.54296875 372.83984375 362.4296875 374.1640625 469.734375 705.40625 903.16796875 448.203125 418.265625 439.125 475.3671875 478.30859375 411.06640625 418.1875 451.75 379.5625 386.37890625 404.13671875 523.55078125 601.30078125 773.8203125
-4257.59765625 -3199.91015625 -3569.703125 -3506.13671875 -3360.3515625 -3388.90625 -3262.80859375 -3281.60546875 -3100.3671875 -2467.47265625 -118.3125 40.33984375 49.171875 66.9453125 108.171875 433.10546875 252.53515625 225.015625 220.0546875 158.83203125 298.12109375 285.1796875 291.265625 275.54296875 277.68359375 281.7890625 319.3984375 319.5 407.34375 367.58203125 353.265625 319.32421875 365.58203125 367.0390625 441.171875 854.30859375 650.88671875 457.4140625 407.16796875 442.1875 469.73828125 450.71484375 338.10546875 283.63671875 214.96875 248.5078125 317.07421875 403.12890625 800.05078125 966.3828125 977.80078125
-4388.8984375 -4021.77734375 -2022.86328125 -3442.171875 -2784.19140625 -3753.4453125 -3588.5703125 -3480.65234375 -3133.09765625 -2372.01171875 -8.3359375 13.0078125 17.59765625 63.890625 63.23046875 124.6640625 224.76171875 205.41796875 203.4375 200.80859375 309.046875 267.54296875 282.9453125 265.5078125 269.86328125 284.12109375 310.44140625 282.0390625 337.375 378.2890625 286.984375 333.91796875 398.3515625 452 441.51171875 498.18359375 545.5234375 428.61328125 444.11328125 422.1796875 378.6953125 342.22265625 280.28515625 240.08984375 200.36328125 256.3046875 346.98046875 430.890625 522.73046875 908.3984375 769.79296875
-4537.04296875 -4287.046875 -3908.109375 -2695.421875 -3097.55078125 -3950.5078125 -3747.734375 -3513.33984375 -3010.20703125 -1453.25 40.75 34.46875 51.1875 76.9921875 40.375 82.55859375 167.12890625 201.9453125 260.48046875 281.78125 313.82421875 268.00390625 264.80859375 266.38671875 300.93359375 310.05859375 289.62109375 268.34765625 318.24609375 284.2265625 285.60546875 354.12890625 524.41796875 456.78515625 472.859375 496.4765625 453.30078125 433.78515625 391.1953125 358.89453125 347.35546875 338.26171875 325.8671875 294.34765625 286.63671875 295.80859375 370.6875 424.39453125 582.0703125 932.48828125 814.58203125
-4759.43359375 -4326.92578125 -4264.4921875 -3970.28515625 -4171.87109375 -4275.10546875 -4194.08984375 -3780.03125 -2884.71875 -163.484375 7.92578125 43.296875 46.5078125 61.09765625 107.8671875 46.66015625 248.59765625 310.84375 289.69140625 318.33203125 275.02734375 275.66015625 266.84375 458.78125 268.96484375 299.6640625 298.86328125 273.078125 262.12890625 275.59375 250.23046875 298.21875 377.44140625 369.6015625 446.390625 455.91796875 491.83203125 472.55078125 363.3359375 337.61328125 288.8671875 332.54296875 328.328125 293.8984375 293.18359375 327.78515625 371.9375 443.078125 901.2109375 928.5 887.125
-4764.55859375 -4703.10546875 -4558.19140625 -4472.83984375 -4509.3125 -4591.875 -4483.30078125 -4253.83984375 -3592.109375 -665.625 19.2890625 14.64453125 30.33203125 52.80078125 120.765625 143.71875 222.1953125 301.89453125 321.390625 407.20703125 292.5703125 278.71875 287.94921875 257.2109375 338.9140625 318.328125 288.24609375 265.40234375 253.2890625 250.484375 257.96484375 269.1796875 322.27734375 329.9765625 419.65234375 442.31640625 402.6484375 358.8203125 338.01953125 304.46484375 278.24609375 288.53515625 297.16796875 301.3359375 303.47265625 339.21484375 380.73046875 461.34765625 700.01171875 822.20703125 938.76171875
-5101.33984375 -4959.453125 -4970.234375 -4918.65625 -4920.09375 -4826.8046875 -4782.875 -4708.91015625 -4008.1171875 -247.47265625 5.40234375 27.91796875 30.89453125 129.046875 128.44921875 199.2265625 340.96484375 380.9296875 486.50390625 352.12890625 304.35546875 368.8203125 447.37890625 275.015625 278.06640625 300.37890625 292.2578125 292.2109375 271.328125 232.1875 197.61328125 241.40234375 301.125 446.47265625 543.6171875 452.625 368.28125 350.875 340.265625 328.3671875 291.265625 288.43359375 293.59375 295.4921875 313.109375 371.48828125 451.921875 463.3671875 653.51953125 635.28125 1158.12890625
-5408.6015625 -5320.91015625 -4972.58203125 -5167.3671875 -5064.6640625 -5016.9765625 -4867.17578125 -4747.16015625 -4052.44140625 -1601.4921875 -8.453125 0.08984375 60.86328125 257.33203125 1042.98046875 786.046875 422.4921875 405.65625 369.2109375 349.99609375 338.76953125 333.890625 331.01171875 337.43359375 305.03515625 317.12890625 257.78515625 251.55078125 190.88671875 294.59375 230.53515625 234.7265625 390.68359375 541.15625 632.8984375 510.953125 429.00390625 425.69140625 379.08203125 388.3515625 333.6328125 302.5 309.375 329.78125 367.46875 492.265625 448.01953125 445.6171875 483.19140625 655.37109375 706.953125
-5582.23046875 -5054.21484375 -5110.2109375 -5214.8203125 -5012.35546875 -5312.234375 -4952.62890625 -4660.67578125 -4185.859375 -751.57421875 -42.15234375 -23.05859375 6.82421875 172.46875 476.46875 858.9296875 418.1640625 425.234375 409.67578125 383.40625 359.4375 323.4296875 292.74609375 350.9609375 304.78125 194.92578125 289.52734375 145.36328125 522.171875 339.41796875 321.640625 151.625 372.94921875 434.828125 627.62109375 750.03515625 591.28125 409.05078125 311.9375 416.74609375 945.36328125 383.3359375 323.2109375 331.15625 348.91015625 388.33203125 406.21484375 421.97265625 438.30859375 471.6171875 495.171875
-5265.98828125 -5372.57421875 -5153.4921875 -4924.65234375 -4920.31640625 -4355.265625 -4023.58203125 -4202.48828125 -3331.453125 -1089.41015625 -393.640625 -38.125 -32.44921875 1.46484375 72.66015625 432.91015625 519.921875 526.8828125 532.48828125 409.42578125 387.19921875 359.71875 271.4765625 313.00390625 299.26171875 170.578125 170.0078125 149.328125 425.7734375 318.09765625 352.86328125 179.1484375 176.39453125 220.1875 580.546875 831.09375 725.875 258.41796875 241.921875 222.53125 329.55078125 329.9921875 351.5625 352.07421875 363.13671875 387.30859375 387.4609375 401.6875 426.9921875 538.5625 649.625
-4737.859375 -4973.2734375 -4881.85546875 -4761.31640625 -4701.08203125 -4361.84765625 -4230.5234375 -4496.16796875 -4766.3125 -4580.77734375 -4337.09375 -4019.3515625 -640.73828125 -19.10546875 71.62890625 347.0546875 359.37109375 552.3515625 694.43359375 423.21875 315.43359375 292.59765625 303.76171875 310.7734375 210.75390625 124.94140625 152.296875 176.99609375 277.21875 218.15234375 372.1328125 322.29296875 248.625 52.34765625 203.78515625 168.2890625 160.203125 127.69921875 331.6015625 370.17578125 397.54296875 406.60546875 492.58203125 430.640625 381.07421875 390.91015625 392.1640625 507.203125 659.26171875 861.53125 827.34375
-4853.87890625 -4788.8515625 -4646.2578125 -4240.5859375 -4294.05859375 -3244.72265625 -3975.890625 -4405.16796875 -4794.7578125 -4833.484375 -4674.58203125 -4525.05859375 -3469.7421875 -59.140625 -4.04296875 82.140625 359.39453125 304.3671875 620.828125 740.2890625 274.59375 230.83203125 161.375 168.76953125 253.6640625 186.78125 120.69140625 239.97265625 179.015625 85.60546875 147.91796875 248.875 370.1875 211.12890625 385.84765625 123.27734375 194.078125 210.796875 565.6796875 651.37890625 1220.59375 772.87890625 558.68359375 469.640625 428 425.98046875 428.44921875 465.65234375 688.5390625 743.15625 747.38671875
-4589.5625 -4154.21875 -4227.54296875 -4064.01171875 -3804.83203125 -3732.63671875 -3458.88671875 -3852.37890625 -4860.77734375 -4910.07421875 -4897.7109375 -4772.40234375 -4610.3359375 -4265.26171875 -3361.875 -1070.390625 73.6640625 204.30078125 275.99609375 237.09765625 211.28515625 183.61328125 134.25390625 152.8046875 171.90625 230.1328125 521.31640625 72.79296875 54.4609375 1.07421875 -0.19140625 14.46484375 103.28515625 120.07421875 181.421875 39.6640625 403.17578125 1170.2578125 1145.89453125 883.71875 928.59765625 1000.95703125 1036.8359375 670.15625 474.9375 489.1484375 581.36328125 501.49609375 600.3671875 684.5390625 649.6796875
-4257.5234375 -4419.55859375 -4207.734375 -4440.40625 -4018.31640625 -3234.76953125 -3095.3828125 -3270.5 -5081.8359375 -5030.4140625 -4993.35546875 -4970.74609375 -4822 -4762.3046875 -4097.15625 -3484.87890625 -1407.8359375 43.8671875 202.84765625 154.07421875 86.09375 149.65234375 62.9921875 86.7421875 121.7421875 88.46875 45.515625 -1036.58984375 -2655.8671875 -3213.37890625 -1796.73828125 -593.515625 5.984375 23.9609375 107.22265625 245.5390625 293.640625 1220.421875 733.53515625 794.93359375 731.83203125 918.67578125 671.19921875 688.890625 644.6171875 610.921875 508.08203125 534.6484375 571.8671875 635.36328125 610.41796875
-4081.98046875 -4183.5703125 -3969.1953125 -4173.53125 -3570.53515625 -3541.25 -3313.7109375 -4659.671875 -5012.9140625 -5009.703125 -4999.6015625 -4949.8515625 -4841.2890625 -4735.84375 -4366.30859375 -4012.7421875 -3304.0078125 -1265.42578125 -101.53515625 21.29296875 -1270.94140625 -2513.9765625 -3053.5625 -2330.79296875 -648.54296875 -59.87890625 -4040.578125 -3972.671875 -3828.0234375 -3859.02734375 -3011.77734375 -1228.4453125 -20.29296875 6.94140625 -0.55078125 -2.80078125 69.56640625 760.921875 476.3203125 666.62109375 681.328125 654.0234375 650.33203125 619.6953125 558.98046875 388.1328125 614.1953125 387.34375 525.58203125 521.640625 555.3984375
-3980.66796875 -4288.2578125 -4245.79296875 -4686.58984375 -4072.59375 -4268.390625 -4224.296875 -4725.14453125 -4969.60546875 -4915.48828125 -4929.57421875 -4872.17578125 -4764.39453125 -4649.984375 -4464.98828125 -4422.63671875 -4424.48046875 -4395.4921875 -3948.7109375 -4066.42578125 -4211.82421875 -4114.57421875 -4175.40625 -4143.328125 -4662.3984375 -5033.58203125 -4790.140625 -4608.73046875 -4346.62890625 -4116.3515625 -3809.6171875 -3249.1875 -1277.85546875 -760.98046875 -662.5859375 -215.45703125 -17.203125 142.6953125 675.45703125 673.98046875 718.84765625 616.91796875 663.1796875 599.9765625 461.02734375 383.0546875 386.15234375 436.171875 462.43359375 475.25 449.62890625
-4123.69140625 -4206.83984375 -3903.96875 -4320.67578125 -4352.82421875 -4531.5078125 -4560.234375 -4869.21484375 -5064.42578125 -4975.39453125 -4909.84765625 -4942.05078125 -4757.640625 -4882.7578125 -4695.03125 -4564.34375 -4693.28515625 -4690.90625 -4936.87109375 -4980.76171875 -4780.87109375 -4849.4296875 -4808.2265625 -4917.96875 -5110.4296875 -5158.7109375 -4956.96875 -4743.58203125 -4565.74609375 -4330.9921875 -4108.4609375 -3782.31640625 -3266.4609375 -2698.09765625 -2466.875 -2136.6484375 -261.8046875 444.8828125 683.49609375 634.4140625 630.93359375 576.3359375 557.06640625 447.734375 365.05859375 363.7109375 392.98046875 368.984375 432.70703125 417.765625 485.28515625
-3572.65234375 -2876.8125 -3074.875 -4163.82421875 -4485.6484375 -5203.61328125 -4820.75 -4903.9609375 -4980.5703125 -5180.67578125 -4673.6328125 -4911.9140625 -5081.17578125 -4896.55078125 -4523.02734375 -4677.265625 -5042.984375 -5192.7421875 -4953.05859375 -5191.85546875 -5169.078125 -5032.69921875 -5082.09765625 -5097.953125 -5114.99609375 -5071.72265625 -4987.9921875 -4833.4609375 -4693.8203125 -4530.60546875 -4216.1875 -3874.1796875 -3603.90625 -3185.8515625 -543.18359375 -2095.98828125 -12.2109375 672.78125 664.08984375 561.14453125 512.64453125 656.90234375 497.20703125 363.5078125 337.30078125 329.58984375 354.29296875 372.421875 434.40234375 414.27734375 397.97265625
-3480.65234375 -3459.62109375 -2997 -3593.75 -3954.82421875 -3869.703125 -4878.1015625 -5054.22265625 -4638.58984375 -2775.24609375 -3435.62890625 -4153.9140625 -4197.61328125 -3677.46875 -4051.6328125 -4621.046875 -4764.765625 -4583.76953125 -5143.1796875 -5326.90625 -4940.38671875 -4990.5703125 -5079.4921875 -5123.22265625 -5106.984375 -5045.82421875 -4931.8515625 -4762.5390625 -4715.25 -4181.3984375 -4153.82421875 -3965.8671875 -3669 -2490.48828125 -2697.45703125 -1929.23046875 15.37890625 502.65625 379.99609375 526.70703125 547.109375 537.08203125 410.3984375 340.9375 322.22265625 326.39453125 343.03515625 371.08984375 406.921875 471.21484375 531.6640625
-3466.21484375 -3523.37890625 -2580.1328125 -3898.02734375 -4055.4921875 -3635.6015625 -4034.60546875 -4590.09765625 -3632.5078125 -3879.2890625 -2939.16796875 -2994.4765625 -3748.35546875 -3873.96875 -4058.4453125 -4242.1484375 -3557.63671875 -4506.8828125 -3782.1953125 -5105.140625 -4764.76171875 -5031.59765625 -5105.578125 -5197.43359375 -5036.39453125 -5011.8203125 -4877.82421875 -4745.99609375 -4704.99609375 -3726.5390625 -4223.88671875 -3974.44921875 -2807.96484375 -3203.296875 -2593.98828125 -866.9453125 155.92578125 54.19140625 360.671875 298.4765625 429.21875 490.11328125 338.8046875 312.96875 312.7421875 337.7265625 336.16796875 359.74609375 374.859375 422.86328125 415.046875
-5074.85546875 -4575.671875 -4689.67578125 -4609.72265625 -4522.5 -3832.421875 -4653.328125 -4473.3515625 -4168.74609375 -3780.71484375 -3698.86328125 -4890.015625 -3941.54296875 -3252.69140625 -3668.328125 -3350.09765625 -4099.953125 -4316.84765625 -4929.27734375 -4211.5546875 -5277.953125 -5110.8671875 -4911.73828125 -5045.14453125 -5037.640625 -4670.80078125 -4558.18359375 -4002.55859375 -4742.6328125 -4360.35546875 -4131.30859375 -3414.765625 -2202.09375 -3326.74609375 -2850.15234375 -784.04296875 33.796875 137.61328125 665.53125 552.7890625 374.3046875 573.859375 424.80078125 301.3984375 332.2109375 307.359375 345.02734375 361.5390625 413.96484375 389.91015625 466.10546875
