input_spatial_layers/gebco_30sec_8_clipped_res_1.asc
ncols        360
nrows        172
xllcorner    -180
yllcorner    -82
cellsize     1
NODATA_value  -9999
[rows 23 to 45 of 172, columns 204 to 254 of 360]
116.703125 114.23828125 173.31640625 267.48046875 263.60546875 293.6953125 166.92578125 162.00390625 60.1875 -1.40625 -119.56640625 78.09765625 79.40625 168.80859375 183.30078125 192.71875 32.71875 -38.484375 3.609375 -8.33203125 30.5703125 38.5546875 53.37109375 48.69140625 70.96484375 143.30859375 140.27734375 167.0859375 20.82421875 53.265625 113.52734375 117.3984375 76.08203125 72.23828125 112.81640625 85.0390625 46.2578125 101.7578125 84.82421875 530.32421875 183.40234375 38.09375 4.5625 84.0078125 109.3828125 17.39453125 -32.71875 -40.9375 13.40234375 27.1015625 45.08984375
-17.390625 55.53515625 113.25 177.21875 242.41015625 233.328125 176.52734375 182.89453125 122.38671875 76.83203125 25.8125 -40.19140625 -239.89453125 -132.5234375 -126.2421875 -38.4140625 86.95703125 88.76953125 106.234375 14.51171875 35.140625 79.51953125 57.6796875 92.70703125 117.99609375 142.87109375 99.7421875 77.078125 106.74609375 91.83984375 42.54296875 109.6171875 108.4140625 81.97265625 132.95703125 309.48828125 331.046875 799.64453125 232.2578125 77.68359375 44.12109375 18.921875 24.5234375 56.0859375 48.84375 35.80859375 72.453125 25.625 20.22265625 63.69921875 70.8203125
45.26953125 73.46484375 115.5546875 174.6015625 175.94140625 197.734375 230.3828125 156.3203125 138.3203125 130.921875 51.09765625 -7.140625 -23.7890625 58.7265625 139.140625 27.86328125 13.4765625 60.92578125 101.2265625 39.375 68.55078125 102.9296875 94.71484375 173.09765625 109.609375 220.90625 391.09375 187.57421875 194.515625 94.1171875 145.3828125 118.2734375 107.7578125 135.87109375 178.6875 936.08984375 267.02734375 87.8828125 85.72265625 112.6328125 124.9375 19.12109375 25.5859375 60.47265625 90.8359375 91.7265625 116.4765625 94.02734375 55.4296875 53.84375 100.01953125
152.99609375 165.7890625 153.60546875 132.79296875 178.19140625 140.78515625 172.41796875 229.05859375 185.47265625 148.67578125 96.16015625 144.28125 216.21484375 97.9453125 40.37109375 96.1484375 67.31640625 25.11328125 72.83984375 163.9609375 172.2109375 102.625 151.62109375 127.3203125 176.37109375 152.75 187.77734375 138.28515625 191.234375 135.85546875 138.7265625 161.5078125 88.74609375 250.45703125 266.3984375 403.73828125 144.7578125 12.6640625 23.6875 175.96875 36.328125 6.19921875 38.91015625 36.8359375 62.23828125 80.33984375 104.4765625 105.26171875 90.9453125 101.52734375 79.75390625
182.33203125 177.87109375 126.375 99.81640625 138.53515625 78.765625 135.65625 186.33203125 165.20703125 104.78515625 58.390625 23.4296875 160.3359375 143.79296875 152.96875 81.2109375 172.48828125 119.50390625 69.8046875 47.9140625 95.765625 180.58203125 163.73046875 175.4765625 158.6796875 177.05859375 133.23046875 147.26171875 135.0859375 165.7578125 159.80859375 188.23046875 130.95703125 149.5625 230.83203125 477.546875 47.77734375 39.07421875 81.26171875 138.8984375 54.2578125 39.98046875 110.27734375 120.73046875 75.26171875 79.15625 85.36328125 73.546875 71.6015625 80.94921875 86.25
109.38671875 81.73046875 127.23828125 84.67578125 95.359375 71 16.34765625 24.9296875 86.15234375 138.6171875 175.38671875 23 56.1640625 220.0546875 154.859375 118.16796875 211.34375 169.65625 54.61328125 211.30859375 151.06640625 180.96484375 87.6875 150.7890625 116.9140625 153.4765625 147.11328125 127.9296875 200.51953125 167.4140625 93.796875 153.78125 149.1015625 246.4765625 306.296875 442.7890625 177.44921875 125.51953125 108.76171875 123.4609375 132.94921875 128.70703125 47.79296875 27.05078125 52.71484375 38.47265625 58.15234375 53.5625 61.2109375 71.65625 46.125
95.01953125 42.609375 5.83984375 -4.5859375 -7.57421875 45.0859375 49.47265625 1 1 43.49609375 124 248.234375 167.171875 160.67578125 175.19140625 161.90625 163.49609375 188.84765625 183.48046875 124.08203125 138.8828125 161.890625 113.26171875 176.296875 109.8515625 137.6015625 150.109375 197.89453125 191.01953125 143.49609375 160.28125 130.6015625 140.25390625 263.953125 523.91796875 639.55859375 118.72265625 109.75390625 112.6640625 72.9453125 59.82421875 62.359375 63.16015625 77.16015625 40.4921875 36.0859375 76.7109375 42.98046875 87.2109375 62.3359375 53.1015625
-22.296875 19.89453125 16.29296875 -30.89453125 25.296875 148.7578125 65.71875 60.05859375 46.0625 74.55078125 196.14453125 162.859375 137.90625 170.66796875 122.78515625 123.4296875 138.515625 143.9765625 140.01953125 183.0859375 231.8671875 179.09765625 199.53125 160.62109375 201.4921875 171.9140625 181.04296875 196.84765625 169.609375 223.2421875 164.80859375 220 163.6171875 215.55078125 503.7265625 275.27734375 147.66796875 127.1015625 77.84375 91.41796875 76.9921875 64.78515625 43.53515625 39.3515625 42.09765625 50.76953125 54.234375 78.046875 93.8828125 86.30859375 94.703125
15.08203125 100.54296875 45.96484375 28 80.7421875 91.9765625 62.140625 22.43359375 64.625 92.83984375 164.08984375 167.4921875 170.91796875 112.578125 97 153.1484375 142.3515625 109.0859375 160.171875 134.05859375 157.8515625 116.203125 143.4140625 156.7109375 116.09765625 156.10546875 126.0859375 152.15234375 237.31640625 251.828125 172.89453125 197.140625 162.66796875 196.421875 358.3515625 313.796875 175.55078125 126.96484375 89.7109375 110.40625 72.12890625 78.8671875 64.51171875 46.1796875 43.58203125 91.48046875 91.7265625 92.015625 94.01953125 97.16015625 95.7890625
35.94140625 58.57421875 84.390625 140.75 57.40625 190.578125 92.7421875 66.9140625 135.79296875 241.8359375 163.7734375 161.328125 174.99609375 148.12109375 134.8671875 133.30078125 108.7578125 147.796875 127.328125 108.75 154.05859375 154.59375 136.95703125 138.73046875 96.57421875 128.625 139.01953125 156.95703125 172.87109375 215.734375 154.76953125 117.6015625 200.2265625 193.00390625 301.66015625 383.09375 280.64453125 199.6484375 109.09765625 126.5546875 61.72265625 91.65625 62.32421875 55.90625 69.26953125 60.4609375 61.03125 63.58984375 55.4921875 108.984375 132.6171875
31.55078125 100.015625 101.73828125 150.97265625 116.22265625 190.22265625 93.80078125 196.8984375 245.44921875 242.515625 246.8046875 154.84765625 150.5625 147.28125 210.46875 191.9375 107.4453125 103.62890625 98.375 77.96484375 100.984375 113.34765625 80.49609375 91.84765625 137.06640625 148.88671875 120.44140625 165.109375 191.57421875 138.6484375 128.14453125 156.14453125 200.421875 328.05859375 274.76171875 445.203125 343.3671875 204.92578125 158.95703125 141.6015625 133.5703125 78.05859375 90.55078125 117.14453125 113.90625 120.30078125 80.94921875 112.9140625 110.18359375 94.5390625 78.28125
69.69140625 122.484375 152.109375 151.26953125 128.09375 143.8125 169.60546875 200.3046875 212.2734375 224.359375 209.54296875 260.86328125 201.37890625 177.66015625 133.390625 126.13671875 130.875 136.2265625 96.94140625 155.34765625 144.109375 121.515625 147.671875 166.265625 93.29296875 110.140625 92.09765625 64.9140625 183.8828125 121.1640625 107.8671875 101.91015625 242.578125 368.609375 288.25390625 388.33203125 283.234375 190.93359375 170.63671875 130.83984375 145.3203125 79.57421875 116.06640625 129.5390625 129.9609375 126.90625 129.359375 121.859375 112.65625 109.40234375 108.15625
139.88671875 218.91796875 153.98046875 215.73046875 172.73046875 219.53515625 197.6796875 222.69140625 209.65234375 227.7421875 238.74609375 213.92578125 183.015625 225.09375 174.43359375 164.203125 101.1484375 143.3828125 93.9453125 154.70703125 187.1171875 193.04296875 217.1015625 215 46.40234375 137.73046875 86.40625 201.84375 260.6484375 255.7109375 213.203125 198.73828125 113.6328125 491.91015625 789.87890625 517.859375 319.9453125 229.265625 184.625 167.30078125 106.8125 157.9453125 153.81640625 145.078125 117.02734375 123.90625 124.6171875 117.44921875 109.046875 100.109375 99.9765625
124.44140625 158.19140625 153.53515625 181.74609375 168.08203125 165.30859375 152.0078125 163.8828125 176.4140625 191.6953125 182.06640625 208.42578125 192.96875 237.90625 210.875 171.50390625 161.9375 148.98046875 155.92578125 183.83203125 198.99609375 253.48046875 269.92578125 268.74609375 111.515625 91.73828125 52.0703125 89.08984375 152.11328125 265.5703125 199.5 205.4140625 321.68359375 556.83984375 778.98828125 404.71484375 324.08203125 228.69140625 205.18359375 177.07421875 182.88671875 202.33984375 182.375 205.203125 256.26953125 203.33203125 179.09375 127.8359375 123.9375 116.3203125 120.39453125
152.42578125 139.76953125 148.7109375 149.0625 135.68359375 144.484375 131.12890625 132.921875 151.1796875 143.09375 177.90234375 232.0078125 232.6953125 179.9921875 186.8359375 116.03125 130.02734375 142.15234375 190.05859375 171.64453125 215.88671875 244.265625 276.3515625 86.05078125 73.20703125 105.96484375 96.375 183.16015625 123.33984375 156.56640625 235.60546875 176.81640625 240.8671875 621.4453125 446.8203125 381.26171875 324.59765625 263.33984375 212.82421875 208.3046875 110.6171875 219.19921875 244.28515625 312.4453125 369.20703125 380.26953125 408.0546875 294.82421875 207.0859375 151.0078125 105.98046875
164.28125 161.6875 158.453125 152.91796875 160.4375 130.84765625 106.8125 110.09765625 120.5078125 180.7890625 196.0234375 184.453125 194.3671875 197.92578125 172.21875 119.56640625 122.01171875 121.44921875 123.59375 174.0078125 188.7890625 240.046875 30.203125 93.1640625 101.98828125 74.8125 86.30859375 44.1484375 56.15625 63.21875 130.8515625 185.1171875 237.68359375 350.8203125 366.19921875 322.21484375 358.22265625 257.8984375 271.35546875 229.53125 119.91015625 287.91015625 245.40234375 269.96484375 305.3984375 292.42578125 362.55859375 357.12109375 323.56640625 322.8359375 280.45703125
227.25 220.2109375 220.84765625 220.49609375 226.01171875 182.484375 145.6953125 121.8203125 121.10546875 150.37890625 148.55078125 144.9296875 185.27734375 188.0625 180.28125 156.59375 171.28515625 176.15625 87.73828125 155.359375 113.63671875 176.21875 18.90234375 45.1953125 29.94140625 11.22265625 12.93359375 17.21875 40.79296875 118.45703125 180.28125 206.19140625 264.62109375 310.25390625 345.703125 320.5078125 286.72265625 251.14453125 172.8125 177.46484375 104.90234375 195.703125 269.37890625 326.578125 316.26171875 305.0078125 362.92578125 386.67578125 549.8671875 524.09375 540.421875
340.5078125 336.671875 317.51953125 310.453125 271.90625 217.09375 211.0390625 95.3671875 111.9453125 104.0390625 142.01171875 158.3203125 116.1640625 135.5078125 164.671875 161.671875 190.578125 170.7421875 145.30078125 82.21484375 117.83984375 28.109375 22.06640625 31.453125 16.140625 1.4453125 1.484375 1.5625 3.5859375 34.0859375 162.87109375 212.96484375 275.7890625 303.84765625 338.55078125 317.875 212.71875 182.81640625 127.84375 88.6640625 178.49609375 197.3203125 319.82421875 531.9296875 506.9765625 380.81640625 423.48828125 466.3203125 492.21875 650.71484375 677.66796875
991.27734375 249.7578125 221.90234375 182.78125 242.34375 197.34765625 172.69140625 188.0234375 149.6484375 151.71484375 130.453125 133.40625 92.81640625 169.1484375 228.984375 121.8671875 106.19921875 104.69140625 82.51171875 54.90625 72.12109375 2.73828125 16.90234375 1 1 1 1 1 1 18.18359375 80.6640625 193 183.38671875 230.8671875 455.76171875 228.55859375 179.49609375 88.3828125 101.578125 75.86328125 148.8125 256.46875 428.8046875 509.87890625 456.34375 381.67578125 417.24609375 493.28515625 610.57421875 779.94921875 936.953125
928.49609375 897.0234375 312.140625 88.17578125 101.4609375 185.11328125 99.26171875 81.5078125 81.09375 85.86328125 16.5546875 90.44921875 153.71875 216.83984375 89.13671875 88.359375 58.25390625 11.16015625 74.58203125 119.81640625 87.76953125 2.5625 1 1 1 1 1 1 1 1 43.70703125 119.0859375 163.01953125 194.29296875 251.1171875 187.1953125 164.90234375 87.69140625 70.546875 88.54296875 118.5859375 235.921875 465.19921875 354.97265625 315.7734375 344.7734375 459.78515625 633.55859375 780.41015625 680.109375 595.62890625
348.74609375 1158.0703125 590.30859375 245.16015625 140.74609375 118.76953125 62.97265625 -9.71875 10.33203125 30.84375 25.109375 0.4140625 -7.34765625 -7.3125 23.05859375 52.85546875 72.25390625 48.18359375 16.23828125 152.64453125 89.04296875 1 1 1 1 1 1 1 1 1 1 148 76.16015625 121.96484375 113.36328125 120.515625 39.40625 58.46875 72.1796875 132.3203125 164.99609375 127.875 199.9921875 235.16015625 251.5390625 331.921875 437.80859375 487.765625 569.03515625 404.62890625 338
1585.171875 1041.4921875 921.56640625 13.6640625 68.6328125 2.40234375 -19.65625 -45.25390625 -31.78515625 65.84375 31.3125 -8.109375 -10.96875 -6.66796875 1.9609375 48.3046875 99.94140625 139.203125 179.765625 127.6640625 32.71484375 2.0546875 1 1 1 1 1 1 1 1 1 101.71484375 79.015625 74.94921875 174.265625 29 30.875 57.13671875 75.32421875 92.2421875 100.66015625 125.54296875 158.3515625 220.26171875 246.703125 267.60546875 309.81640625 372.55078125 471.96484375 375.46484375 343.25390625
194.453125 125.76953125 64.60546875 33.7265625 87.60546875 -50.23046875 -80.87109375 -736.37109375 -1238.02734375 -17.36328125 -1111.4140625 -1372.73828125 -724.76953125 -913.77734375 237.4296875 197.6796875 480.52734375 526.4375 452.5390625 240.203125 166.61328125 22.76171875 1 1 1 1 106.39453125 57.43359375 2.78515625 206.7421875 144.94921875 120.93359375 183.3671875 194.12109375 29 29 30.96484375 57.92578125 75.609375 95.08203125 108.4453125 129.9140625 140.734375 338.046875 177.58984375 285.9296875 353.6875 319.5703125 312.484375 444.68359375 511.70703125
