input_spatial_layers/oceanic_currents_v_1deg.asc
ncols        360
nrows        172
xllcorner    -180
yllcorner    -82
cellsize     1
NODATA_value  -9999
[rows 0 to 18 of 172, columns 168 to 209 of 360]
0 0 0 0 0 0 0 0 0 0 0 0 0 0 0 0 0 0 0 0 0 0 0 0 0 0 0 0 0 0 0 0 0 0 0 0 0 0 0 0 0 0
0 0 0 0 0 0 0 0 0 0 0 0 0 0 0 0 0 0 0 0 0 0 0 0 0 0 0 0 0 0 0 0 0 0 0 0 0 0 0 0 0 0
0 0 0 0 0 0 0 0 0 0 0 0 0 0 0 0 0 0 0 0 0 0 0 0 0 0 0 0 0 0 0 0 0 0 0 0 0 0 0 0 0 0
0 0 0 0 0 0 0 0 0 0 0 0 0 0 0 0 0 0 0 0 0 0 0 0 0 0 0 0 0 0 0 0 0 0 0 0 0 0 0 0 0 0
0 0 0 0 0 0 0 0 0 0 0 0 0 0 0 0 0 0 0 0 0 0 0 0 0 0 0 0 0 0 0 0 0 0 0 0 0 0 0 0 0 0
0 0 0 0 0 0 0 0 0 0 0 0 0 0 0 0 0 0 0 0 0 0 0 0 0 0 0 0 0 0 0 0 0 0 0 0 0 0 0 0 0 0
0 0 0 0 0 0 0 0 0 0 0 -0.014999999664723873138 -0.010999999940395355225 0.017500000074505805969 0.032333333045244216919 0.080333329737186431885 0.034200001507997512817 0.079999998211860656738 0.039666667580604553223 0.05616666749119758606 -0.018428571522235870361 -0.046000000089406967163 -0.054777778685092926025 -0.017000000923871994019 -0.067900002002716064453 -0.090999998152256011963 -0.074749998748302459717 -0.068833336234092712402 -0.055750001221895217896 -0.049666665494441986084 -0.038666665554046630859 -0.051083333790302276611 -0.021916666999459266663 -0.020083332434296607971 0.0040833335369825363159 -0.0048333331942558288574 0.003833333263173699379 -0.0089166667312383651733 0.056249998509883880615 -0.020333332940936088562 0 0
0 0 0 -0.10999999940395355225 -0.093999996781349182129 -0.058666665107011795044 -0.058400001376867294312 -0.04450000077486038208 0.23233333230018615723 -0.045000001788139343262 -0.13500000536441802979 0.090999998152256011963 -0.010999999940395355225 -0.13433332741260528564 -0.12280000001192092896 -0.041000001132488250732 -0.00079999997979030013084 0.0098333330824971199036 0.00066666665952652692795 0.0048571429215371608734 -0.0015000000130385160446 -0.033666666597127914429 -0.049600001424551010132 -0.055199999362230300903 -0.026333333924412727356 -0.0014615384861826896667 -0.026461537927389144897 -0.0060714287683367729187 0.0094117643311619758606 0.021913044154644012451 0.025583332404494285583 0.014571428298950195312 0.0142666669562458992 0.049199998378753662109 0.041187498718500137329 0.044562499970197677612 0.031444445252418518066 0.043222222477197647095 0.00590476207435131073 0.03076923079788684845 0.0086060604080557823181 0.004822222050279378891
-0.17683333158493041992 0.019357142969965934753 0.03579999879002571106 -0.016000000759959220886 -0.018571428954601287842 0.061999998986721038818 0.093500003218650817871 -0.0030000000260770320892 0.038333334028720855713 -0.075999997556209564209 -0.11900000274181365967 -0.086000002920627593994 -0.058200001716613769531 -0.061900001019239425659 -0.061187498271465301514 -0.062857143580913543701 -0.019869565963745117188 -0.020208332687616348267 -0.039423078298568725586 -0.024068964645266532898 0.01997435837984085083 0.035627905279397964478 0.032517243176698684692 0.027289474382996559143 -0.0067954547703266143799 -0.0076382979750633239746 0.0041914894245564937592 0.00081632653018459677696 0.0011818181956186890602 0.0017525773728266358376 0.014684210531413555145 0.019956989213824272156 0.019098900258541107178 0.0044157304801046848297 0.011488636024296283722 -0.00084090908057987689972 -0.0014943820424377918243 -0.012844444252550601959 -0.014337078668177127838 -0.018098901957273483276 -0.008559139445424079895 0.01686458289623260498
-0.34984999895095825195 0.077624998986721038818 -0.04457142949104309082 -0.17149999737739562988 0 0 0 -0.14139999449253082275 -0.043333332985639572144 -0.021375000476837158203 -0.034470587968826293945 -0.058821428567171096802 -0.09814999997615814209 -0.043253969401121139526 -0.02575903572142124176 -0.047163460403680801392 -0.063094019889831542969 -0.056373983621597290039 -0.02864444442093372345 -0.0010499999625608325005 -0.0024255318567156791687 -0.020944055169820785522 -0.0057379310019314289093 -0.013777777552604675293 -0.00028671330073848366737 0.013391608372330665588 -0.011450000107288360596 -0.032165467739105224609 -0.0034492753911763429642 0.030755555257201194763 0.028755724430084228516 -0.022143999114632606506 -0.051991667598485946655 0 0 -0.026149531826376914978 0 0.033171717077493667603 0.10196875035762786865 0.088218748569488525391 -0.061760418117046356201 0.043287232518196105957
-0.082785710692405700684 0.096666663885116577148 -0.25685715675354003906 0.47850000858306884766 0 -0.074000000953674316406 -0.067142859101295471191 -0.055759999901056289673 -0.05123529583215713501 -0.077257573604583740234 -0.071564704179763793945 -0.046879630535840988159 -0.065083973109722137451 -0.071888886392116546631 -0.078173331916332244873 -0.026103897020220756531 0.047356687486171722412 0.034291140735149383545 0.007405063137412071228 -0.018171975389122962952 -0.057114649564027786255 -0.043273884803056716919 -0.092335440218448638916 0 0 0 0 -0.035109490156173706055 0 0 0 0 0 0 0 0 0 0 0.026073170825839042664 0.0065108695998787879944 0.02636559121310710907 0.043223403394222259521
0.03599999845027923584 0.086636364459991455078 0.014124999754130840302 -0.023000000044703483582 -0.052999999374151229858 -0.056956522166728973389 -0.071637928485870361328 -0.082165047526359558105 -0.13187681138515472412 -0.1317837834358215332 -0.10333112627267837524 -0.071745224297046661377 -0.062694266438484191895 -0.021234177052974700928 0.01144936680793762207 0.016012657433748245239 0.041905064135789871216 0.034278482198715209961 0.017411392182111740112 0.090496815741062164307 0.10676433145999908447 0.010601266287267208099 -0.024000000208616256714 -0.058576922863721847534 0.0041730767115950584412 0 -0.011086666956543922424 0 0 0 0 0.059196077287197113037 0 0 0.0016875000437721610069 0.0028775511309504508972 -0.021999999880790710449 0.01234693918377161026 0.012703703716397285461 0.0062589286826550960541 0.0040089287795126438141 0.002780701732262969017
-0.044944442808628082275 -0.0039545455947518348694 0.021739130839705467224 0.012346154078841209412 -0.051723405718803405762 -0.095226801931858062744 -0.12175193428993225098 -0.10460811108350753784 -0.074980646371841430664 -0.058436710387468338013 -0.025101264938712120056 -0.028898734599351882935 -0.03877848014235496521 -0.037272151559591293335 0.0068734176456928253174 0.033765822649002075195 0.027835443615913391113 0.01336708851158618927 0.0062468354590237140656 0.094677217304706573486 0.080537974834442138672 0.052765823900699615479 0.049165606498718261719 -0.037191081792116165161 0.017146496102213859558 -0.0083885351195931434631 0 0 0 0 0.013007936067879199982 0.017515625804662704468 0.030281249433755874634 0 0.023524999618530273438 0 0.025572650134563446045 0.011008000001311302185 -0.015030769631266593933 0.0084179108962416648865 0.015474452637135982513 0.0050362320616841316223
-0.0059010987170040607452 -0.020195122808218002319 -0.019429687410593032837 -0.026014925912022590637 -0.057605635374784469604 -0.067702703177928924561 -0.068012990057468414307 -0.04473417624831199646 -0.033006329089403152466 -0.049272153526544570923 -0.0095126582309603691101 0.018569620326161384583 -0.017892405390739440918 -0.034392405301332473755 0.012367088347673416138 0.00886708870530128479 -0.007012658286839723587 0.027120253071188926697 0.066316455602645874023 0.15837341547012329102 0.049240507185459136963 -0.020493671298027038574 -0.010405063629150390625 0.0017848100978881120682 0.063645571470260620117 0.10299367457628250122 0.0081835445016622543335 -0.038424052298069000244 0.015455695800483226776 0.053348101675510406494 0.010987341403961181641 0.029987342655658721924 0.020044304430484771729 0.027417721226811408997 0.019588608294725418091 0.011687898077070713043 -0.027487341314554214478 0.0036708861589431762695 0.0056582279503345489502 0.015246835537254810333 0.026069620624184608459 0.030487341806292533875
-0.071477703750133514404 -0.10319620370864868164 -0.081202529370784759521 -0.054620254784822463989 -0.024329114705324172974 0.010810126550495624542 0.023588607087731361389 0.0050379745662212371826 -0.00087974686175584793091 0.012759493663907051086 -0.019044304266571998596 -0.015537974424660205841 0.0007974683539941906929 -0.0030189873650670051575 -0.0023037975188344717026 -0.00050632911734282970428 0.020291138440370559692 0.040468353778123855591 0.032234176993370056152 0.085310123860836029053 0.11475949734449386597 0.049411393702030181885 -0.027715189382433891296 -0.0041329115629196166992 0.028006328269839286804 0.091012656688690185547 0.070158228278160095215 -0.039411392062902450562 -0.051202531903982162476 0.008126582019031047821 0.013860759325325489044 0.043664555996656417847 0.04390506446361541748 0.031632911413908004761 -0.0056518986821174621582 -0.021031646057963371277 -0.012968354858458042145 0.040924049913883209229 0.037227846682071685791 0.07081012427806854248 0.035563290119171142578 -0.023170886561274528503
-0.098677217960357666016 -0.058841772377490997314 -0.030708860605955123901 -0.020525315776467323303 0.0014113923534750938416 0.026759494096040725708 0.018335442990064620972 0.018183544278144836426 0.0066012656316161155701 0.022689873352646827698 0.0090569620952010154724 -0.017221519723534584045 0.0058481013402342796326 -0.001531645539216697216 -0.0092721516266465187073 0.0020443038083612918854 0.049544304609298706055 0.074556961655616760254 0.053670886904001235962 0.054132912307977676392 0.027246834710240364075 0.082841768860816955566 0.056303799152374267578 0.0049746837466955184937 0.0087531646713614463806 -0.011740506626665592194 0.042189873754978179932 0.093227848410606384277 -0.053373418748378753662 -0.057854428887367248535 -0.037563290446996688843 0.036246836185455322266 0.026354430243372917175 0.032297469675540924072 -0.0015379746910184621811 0.036911390721797943115 0.031329113990068435669 0.016588607802987098694 -8.8607594079803675413e-05 0.017696201801300048828 0.028936708346009254456 0.0093797463923692703247
-0.020531645044684410095 0.016949366778135299683 0.034651897847652435303 0.000563291134312748909 -0.041436709463596343994 -0.0071265823207795619965 -0.0036772151943296194077 0.0010696202516555786133 -0.009664556942880153656 0.0019620254170149564743 0.00059493671869859099388 -0.0081582274287939071655 0.0014050633180886507034 0.018487341701984405518 0.034455697983503341675 0.025208860635757446289 0.040677215903997421265 0.033924050629138946533 0.054493669420480728149 0.02627215161919593811 0.024772152304649353027 0.020987341180443763733 -0.0022911392152309417725 0.067626580595970153809 0.068550631403923034668 0.063658230006694793701 0.10305695980787277222 -0.0016582278767600655556 -0.048816457390785217285 -0.0076708858832716941833 0.0051012658514082431793 -0.0038417722098529338837 0.0062658227980136871338 -0.0040759495459496974945 0.037683542817831039429 0.012854430824518203735 0.015886075794696807861 0.00072784809162840247154 0.030816456303000450134 0.023696202784776687622 0.020303796976804733276 0.016031645238399505615
-0.0048797470517456531525 -0.020335443317890167236 -0.0033734177704900503159 0.0031772151123732328415 -0.020556962117552757263 0.0068797469139099121094 0.01306962035596370697 0.0036329114809632301331 -0.0073607596568763256073 0.0028227847069501876831 0.012392405420541763306 0.0025063292123377323151 0.016556961461901664734 0.022031646221876144409 0.04122784733772277832 0.04715189710259437561 0.091917723417282104492 0.066829115152359008789 0.008202531374990940094 -0.051962025463581085205 -0.017594937235116958618 -0.0023354429285973310471 0.019854430109262466431 0.069424048066139221191 0.070518985390663146973 0.073113925755023956299 0.067556962370872497559 0.06891139596700668335 0.021924050524830818176 -0.020518986508250236511 -0.010126582346856594086 0.020405063405632972717 0.034183543175458908081 0.037170886993408203125 0.061069618910551071167 0.024658227339386940002 -0.015607594512403011322 -0.035449367016553878784 -0.024822784587740898132 -0.016968354582786560059 0.0058164554648101329803 0.021063290536403656006
-0.012936708517372608185 -0.011670886538922786713 -0.008202531374990940094 -0.018500000238418579102 -0.011348101310431957245 0.0019683544524013996124 0.02587341703474521637 0.015664556995034217834 0.032202530652284622192 0.040284808725118637085 0.067487344145774841309 0.068512655794620513916 0.036202531307935714722 0.024044303223490715027 0.041044302284717559814 0.0065379748120903968811 0.01832911372184753418 0.0069620255380868911743 -0.023784810677170753479 -0.019075948745012283325 -0.0016708860639482736588 0.01657594926655292511 0.017613923177123069763 0.0085443034768104553223 0.035056963562965393066 0.059303797781467437744 0.060955695807933807373 0.065930381417274475098 0.090386077761650085449 0.019335443153977394104 -0.007082278374582529068 -0.00055063288891687989235 -0.019873417913913726807 0.028101265430450439453 0.051727846264839172363 0.083867087960243225098 0.013677215203642845154 -0.064316459000110626221 -0.012449366971850395203 0.0056898733600974082947 0.01477215159684419632 0.00082278478657826781273
