input_spatial_layers/oceanic_currents_v_wm.asc
ncols        49
nrows        37
xllcorner    -0.25
yllcorner    34.75
cellsize     0.25
NODATA_value  -9999
[rows 0 to 21 of 37, columns 0 to 48 of 49]
0.0 0 0 0 0 0 0 0 0 0 0 0 0 0 0 0 0 0 0 0 0 0 0 0 0 0 0 0 0 0 0 0 0 -0.075253166258335113525 -0.094050630927085876465 -0.033069621771574020386 0.095012657344341278076 0.14969620108604431152 0.11834809929132461548 0.041018988937139511108 -0.11063923686742782593 0 0 0 0 0 0 0 0
0 0 0 0 0 0 0 0 0 0 0 0 0 0 0 0 0 0 0 0 0 0 0 0 0 0 0 0 0 0 0 -0.048955697566270828247 -0.087208859622478485107 -0.10529113560914993286 -0.033303797245025634766 0.072601266205310821533 0.14858227968215942383 0.16190506517887115479 0.13011392951011657715 0.055746834725141525269 -0.094208858907222747803 -0.16596835851669311523 0 0 0 0 0 0 0
0 0 0 0 0 0 0 0 0 0 0 0 0 0 0 0 0 0.047259494662284851074 0 0 0 0 0 0 0 0 0 0 0 -0.15363924205303192139 -0.13425315916538238525 -0.085537977516651153564 -0.033582277595996856689 0.01703797467052936554 0.069721519947052001953 0.119006328284740448 0.13857595622539520264 0.13401898741722106934 0.12571519613265991211 0.077246837317943572998 -0.061791140586137771606 -0.14448733627796173096 0 0 0 0 0 0 0
0 0 0 0 0 0 0 0 0 0 0 0 0 0 0.04453164711594581604 0.043291140347719192505 0.031398735940456390381 0.010772151872515678406 -0.0049746837466955184937 -0.003708860836923122406 0.0017594937235116958618 0.019658228382468223572 0.076126582920551300049 0 0 0 0 -0.13134810328483581543 -0.1778291165828704834 -0.16560126841068267822 -0.066512659192085266113 0.018310125917196273804 0.053360760211944580078 0.063651897013187408447 0.085512660443782806396 0.10950633138418197632 0.11032911390066146851 0.095177218317985534668 0.099810123443603515625 0.093987338244915008545 -0.015734177082777023315 -0.12293671071529388428 -0.099506326019763946533 0 0 0 0 0 0
0 0 0 0 0 0 0 0 0 0 0 0 0 0 0.048208862543106079102 0.01932278461754322052 -0.017626581713557243347 -0.02905063331127166748 -0.03629114106297492981 -0.032702531665563583374 -0.018253164365887641907 0.017126582562923431396 0.054968353360891342163 0.024917721748352050781 -0.0538291148841381073 -0.1156518980860710144 -0.13904429972171783447 -0.14322151243686676025 -0.12377215176820755005 -0.06289873272180557251 0.015689874067902565002 0.072651900351047515869 0.082373417913913726807 0.079189874231815338135 0.091917723417282104492 0.088063292205333709717 0.072240509092807769775 0.054696202278137207031 0.059221517294645309448 0.087835446000099182129 0.0063987341709434986115 -0.10251899063587188721 -0.049746833741664886475 0.042974684387445449829 0 0 0 0 0
0 0 0 0 0 0 0 0 0 0 0 0 0 0 0.016462026163935661316 -0.034645568579435348511 -0.074835442006587982178 -0.075569622218608856201 -0.067575946450233459473 -0.057898733764886856079 -0.044943038374185562134 -0.017348101362586021423 0.014626582153141498566 0.002177215181291103363 -0.045050632208585739136 -0.079405061900615692139 -0.081835441291332244873 -0.057715188711881637573 -0.022658227011561393738 0.011601265519857406616 0.052132911980152130127 0.095107592642307281494 0.11742404848337173462 0.12594303488731384277 0.093183547258377075195 0.012626581825315952301 0 0 0 0.080740503966808319092 0.026310127228498458862 -0.043816454708576202393 -0.016000000759959220886 0.011088607832789421082 0.010145569220185279846 0 0 0 0
0 0 0 0 0 0 0 0 0 0 0 0 0 0 -0.028727848082780838013 -0.1030379757285118103 -0.12899999320507049561 -0.10042405128479003906 -0.070107594132423400879 -0.046474684029817581177 -0.026911392807960510254 -0.013512657955288887024 -0.005240506492555141449 -0.015670886263251304626 -0.037259493023157119751 -0.042670886963605880737 -0.028259493410587310791 -0.00022151898883748799562 0.028537973761558532715 0.053506329655647277832 0.088341772556304931641 0.12458860874176025391 0.13022784888744354248 0.10527215152978897095 0.065215192735195159912 0 0 0 0 0 0.013632911257445812225 -0.038867089897394180298 -0.041873417794704437256 -0.016430379822850227356 0.00052531645633280277252 0.012601265683770179749 0 0 0
0 0 0 0 0 0 0 0 0 0 0 0 0 0 -0.089259490370750427246 -0.16413290798664093018 -0.13044303655624389648 -0.063898734748363494873 -0.042196203023195266724 -0.030841771513223648071 -0.014215189963579177856 -0.0066582276485860347748 -0.017848100513219833374 -0.037158228456974029541 -0.032151900231838226318 -0.0015886075561866164207 0.022386075928807258606 0.0327911376953125 0.041607595980167388916 0.061753164976835250854 0.092183545231819152832 0.11046835780143737793 0.093968354165554046631 0.041727848351001739502 -0.00091772153973579406738 0 0 0 0 0 -0.068335443735122680664 -0.087860763072967529297 -0.065493673086166381836 -0.021810127422213554382 0.023265821859240531921 0.067322783172130584717 0.086924053728580474854 0.058303795754909515381 0
0 0 0 0 0 0 0 0 0 0 0 0 0 0 -0.12175316363573074341 -0.16707594692707061768 -0.094639241695404052734 -0.024987341836094856262 -0.013094936497509479523 -0.01498734205961227417 -0.020234176889061927795 -0.023677214980125427246 -0.027094935998320579529 -0.033006329089403152466 -0.013848101720213890076 0.026367088779807090759 0.050075948238372802734 0.045303799211978912354 0.034683544188737869263 0.051550634205341339111 0.079120256006717681885 0.083594933152198791504 0.060196202248334884644 0.0059810127131640911102 -0.032164558768272399902 0 0 0 0 -0.072746835649013519287 -0.11283544450998306274 -0.094791136682033538818 -0.058417722582817077637 -0.028018986806273460388 0.0054936707019805908203 0.05707594752311706543 0.1183797493577003479 0.14615823328495025635 0.13536076247692108154
0 0 0 0 0 0 0 0 0 0 0 0 0 -0.051031645387411117554 -0.11816455423831939697 -0.12101899087429046631 -0.049373418092727661133 0.0078670885413885116577 0.026341771706938743591 0.0085632912814617156982 -0.030202532187104225159 -0.045981012284755706787 -0.036177214235067367554 -0.024164557456970214844 -0.0054810126312077045441 0.022025316953659057617 0.040278479456901550293 0.039424050599336624146 0.036481011658906936646 0.052303798496723175049 0.069784812629222869873 0.071443036198616027832 0.060930378735065460205 0.025803796947002410889 -0.020601265132427215576 -0.036905061453580856323 0 0 0 -0.09260126948356628418 -0.12102531641721725464 -0.071917720139026641846 -0.040120251476764678955 -0.022867089137434959412 0.0026265822816640138626 0.045170884579420089722 0.10573417693376541138 0.16031645238399505615 0.15675316751003265381
0 0 0 0 0 0 0 0 0 0 0 -0.043854430317878723145 -0.050329115241765975952 -0.063664555549621582031 -0.083892405033111572266 -0.054493669420480728149 0.0022784809116274118423 0.034854430705308914185 0.049303796142339706421 0.025911392644047737122 -0.026822784915566444397 -0.054499998688697814941 -0.045525316148996353149 -0.026664556935429573059 -0.009740506298840045929 0.010316455736756324768 0.013702531345188617706 0.0079240510240197181702 0.028341772034764289856 0.054468356072902679443 0.063430376350879669189 0.075132913887500762939 0.081632912158966064453 0.050607595592737197876 -0.017854429781436920166 -0.063075952231884002686 -0.047101266682147979736 0 -0.0046329111792147159576 -0.10628481209278106689 -0.12628480792045593262 -0.058031644672155380249 -0.014481012709438800812 0.0099050635471940040588 0.036740507930517196655 0.065094940364360809326 0.091037973761558532715 0.10880379378795623779 0.11005695909261703491
0 0 0 0 0 0 0 0 0 -0.029898734763264656067 -0.047196201980113983154 -0.061265822499990463257 -0.056430380791425704956 -0.04489873349666595459 -0.031329113990068435669 0.0065506328828632831573 0.03874683380126953125 0.043993670493364334106 0.051449365913867950439 0.0419177226722240448 -0.003379746805876493454 -0.04390506446361541748 -0.049075949937105178833 -0.030367089435458183289 -0.0083417724817991256714 0.0090949367731809616089 -0.0060822786763310432434 -0.02832278423011302948 0.0031139240600168704987 0.043759495019912719727 0.052126582711935043335 0.069094933569431304932 0.080601267516613006592 0.046500001102685928345 -0.011202531866729259491 -0.051632910966873168945 -0.037784811109304428101 0 0 -0.10264556854963302612 -0.095601268112659454346 -0.04424050450325012207 0.011797468177974224091 0.05115189775824546814 0.071816459298133850098 0.076512657105922698975 0.075556963682174682617 0.067829117178916931152 0.053974684327840805054
0 0 0 0 0 -0.025455696508288383484 -0.043607596307992935181 -0.047177214175462722778 -0.045215189456939697266 -0.042924050241708755493 -0.051626581698656082153 -0.059999998658895492554 -0.041544303297996520996 -0.013632911257445812225 0.015196202322840690613 0.051436707377433776855 0.0598544292151927948 0.044417720288038253784 0.058841772377490997314 0.074955694377422332764 0.042905062437057495117 -0.012158228084444999695 -0.04476582258939743042 -0.032601267099380493164 -0.0059240506961941719055 0.0008860759553499519825 -0.021044304594397544861 -0.041139241307973861694 -0.014316455461084842682 0.022544303908944129944 0.036253165453672409058 0.050120253115892410278 0.044670887291431427002 0.015829114243388175964 -0.0135316457599401474 0 0 0 0 0 -0.029107594862580299377 -0.013734176754951477051 0.030474683269858360291 0.067512661218643188477 0.077544301748275756836 0.069575950503349304199 0.059898734092712402344 0.041044302284717559814 0.012265822850167751312
0 0 0 0 -0.010867089033126831055 -0.052196200937032699585 -0.078322783112525939941 -0.069284811615943908691 -0.040360759943723678589 -0.023088607937097549438 -0.036696203052997589111 -0.05684177204966545105 -0.033873416483402252197 0.010417721234261989594 0.041670884937047958374 0.066227845847606658936 0.058784808963537216187 0.03520253300666809082 0.06197468191385269165 0.1000632941722869873 0.078063294291496276855 0.020107595250010490417 -0.012765822932124137878 0.0027531646192073822021 0.0071392403915524482727 -0.022556962445378303528 -0.047145567834377288818 -0.051563292741775512695 -0.029082277789711952209 -0.0013291139621287584305 0.024107594043016433716 0.043443039059638977051 0.025234177708625793457 -0.0047721518203616142273 0 0 0 0 0 0 0 0.018607594072818756104 0.043987341225147247314 0.068354427814483642578 0.075474686920642852783 0.065727844834327697754 0.044113922864198684692 0.014113924466073513031 -0.01905696280300617218
0 0 0 0.011297468096017837524 -0.030974684283137321472 -0.069189876317977905273 -0.085107594728469848633 -0.063411392271518707275 -0.024924051016569137573 -0.0037531645502895116806 -0.017518987879157066345 -0.040987342596054077148 -0.01399367116391658783 0.039348103106021881104 0.063202530145645141602 0.060575950890779495239 0.035949368029832839966 0.0068227848969399929047 0.017202531918883323669 0.067291140556335449219 0.090860761702060699463 0.058259494602680206299 0.034487340599298477173 0.042455695569515228271 0.012993671000003814697 -0.043449368327856063843 -0.075468353927135467529 -0.072898730635643005371 -0.035291139036417007446 0.0028354430105537176132 0.030386075377464294434 0.038993671536445617676 0.010436709038913249969 -0.011386075988411903381 0 0 0 0 0 0 0.024145569652318954468 0.035132911056280136108 0.04837341606616973877 0.066778481006622314453 0.069531641900539398193 0.049784809350967407227 0.019037974998354911804 -0.0085886074230074882507 -0.030120253562927246094
0 0 0.019721519201993942261 -0.0062215188518166542053 -0.048544302582740783691 -0.079265825450420379639 -0.074797466397285461426 -0.041462026536464691162 -0.0067151896655559539795 0.012221518903970718384 0.0088227847591042518616 0.00038607596070505678654 0.027778480201959609985 0.068360760807991027832 0.068575948476791381836 0.029993670061230659485 0.0043227849528193473816 -0.0080569619312882423401 -0.038037974387407302856 -0.00097468355670571327209 0.0839746817946434021 0.09188607335090637207 0.057405062019824981689 0.043537974357604980469 0.010613923892378807068 -0.044310126453638076782 -0.08062658458948135376 -0.084094934165477752686 -0.041050631552934646606 0.023835442960262298584 0.054759494960308074951 0.027822785079479217529 -0.0045759491622447967529 -0.0010632910998538136482 0 0 0 0 0 0 0.02180379815399646759 0.034734178334474563599 0.04463291168212890625 0.054221518337726593018 0.050069618970155715942 0.026227848604321479797 -0.0041329115629196166992 -0.021525315940380096436 -0.030025316402316093445
0.021955696865916252136 0.021955696865916252136 -0.012759493663907051086 -0.026253163814544677734 -0.052031647413969039917 -0.059297468513250350952 -0.03629114106297492981 -0.019284810870885848999 0.0010569620644673705101 0.038569621741771697998 0.039265822619199752808 0.0016582278767600655556 0 0 0.040208861231803894043 0.0085822781547904014587 0.0019367088098078966141 -0.023594936355948448181 -0.062221519649028778076 -0.026512658223509788513 0.073012657463550567627 0.11296202242374420166 0.073759496212005615234 0.042177215218544006348 0.017259493470191955566 -0.030658228322863578796 -0.063563294708728790283 -0.074386075139045715332 -0.043392404913902282715 0.022886075079441070557 0.045234177261590957642 -0.0024746835697442293167 -0.034544304013252258301 -0.010936709120869636536 0 0 0 0 0 0 0.006683544255793094635 0.025018988177180290222 0.038120254874229431152 0.041278481483459472656 0.032297469675540924072 0.010886075906455516815 -0.010177215561270713806 -0.019018987193703651428 -0.023183545097708702087
-0.023993670940399169922 -0.023993670940399169922 -0.039500001817941665649 -0.021569620817899703979 -0.025968354195356369019 -0.007082278374582529068 0.01013924088329076767 -0.0081898737698793411255 0.0016329113859683275223 0.046088606119155883789 0.058746837079524993896 0 0 0 0 -0.0017594937235116958618 -0.0018924050964415073395 -0.02206961996853351593 -0.057810127735137939453 -0.027962025254964828491 0.063253164291381835938 0.11716455966234207153 0.09756962209939956665 0.067784808576107025146 0.037898734211921691895 -0.0021265821997076272964 -0.037487342953681945801 -0.067873418331146240234 -0.045993670821189880371 0.0068607595749199390411 0.012455696240067481995 -0.03096835501492023468 -0.060360759496688842773 -0.036132913082838058472 0 0 0 0 0 0 -0.0071708862669765949249 0.0065063289366662502289 0.0235253162682056427 0.028367089107632637024 0.018715189769864082336 0.0051772152073681354523 0.0032848101109266281128 0.0038164556026458740234 -0.0054810126312077045441
-0.056151900440454483032 -0.056151900440454483032 -0.044613923877477645874 0.000645569642074406147 0.012449366971850395203 0.013037974946200847626 0.012930380180478096008 0.0084620248526334762573 0.034740507602691650391 0.085835441946983337402 0.10551265627145767212 0.046132910996675491333 0 0 -0.0014303796924650669098 -0.010759493336081504822 -0.014145569875836372375 -0.037348102778196334839 -0.067512661218643188477 -0.039063289761543273926 0.038367088884115219116 0.10255695879459381104 0.11551898717880249023 0.099708862602710723877 0.061253163963556289673 0.010999999940395355225 -0.031341772526502609253 -0.059360761195421218872 -0.038265824317932128906 -0.0050189872272312641144 -0.013968354091048240662 -0.040898732841014862061 -0.045246835798025131226 -0.020227847620844841003 0 0 0 0 0 0 -0.024778481572866439819 -0.016493670642375946045 0.0053101265802979469299 0.012544304132461547852 0.0087911393493413925171 0.0075822784565389156342 0.019215190783143043518 0.027753164991736412048 0.013962025754153728485
-0.064183540642261505127 -0.064183540642261505127 -0.065677218139171600342 0.0116139240562915802 0.034132912755012512207 0.0058987340889871120453 0.015455695800483226776 0.05006328970193862915 0.077962026000022888184 0.078436709940433502197 0.044626582413911819458 0.0063417721539735794067 0.0028734176885336637497 0.014848100952804088593 -0.0052911392413079738617 -0.029075948521494865417 -0.039936710149049758911 -0.064632914960384368896 -0.067955695092678070068 -0.026772152632474899292 0.038721520453691482544 0.099158227443695068359 0.11143037676811218262 0.087778478860855102539 0.051234178245067596436 0.0028670886531472206116 -0.036417722702026367188 -0.044848103076219558716 -0.022822784259915351868 -0.0090632913634181022644 -0.026563290506601333618 -0.041867088526487350464 -0.02074683457612991333 0.0083734178915619850159 0 0 0 0 0 -0.047588609158992767334 -0.058708861470222473145 -0.040436707437038421631 -0.0083101261407136917114 0.005639240611344575882 0.011025316081941127777 0.016791138797998428345 0.030063292011618614197 0.040113922208547592163 0.030145568773150444031
-0.047829113900661468506 -0.047829113900661468506 -0.093993671238422393799 -0.0092468354851007461548 0.072734177112579345703 0.063727848231792449951 0.023835442960262298584 0.04115822911262512207 0.075670883059501647949 0.046063292771577835083 -0.0066392403095960617065 -0.031386077404022216797 -0.0086772153154015541077 0.026392405852675437927 0.022613923996686935425 -0.0046455697156488895416 -0.030481012538075447083 -0.057879745960235595703 -0.054892405867576599121 -0.013240505941212177277 0.040329113602638244629 0.080120250582695007324 0.080791138112545013428 0.05968987196683883667 0.035474684089422225952 0.0047151898033916950226 -0.026088608428835868835 -0.041848100721836090088 -0.041746836155652999878 -0.030696202069520950317 -0.025234177708625793457 -0.037778481841087341309 -0.039436709135770797729 -0.036056961864233016968 -0.05101898685097694397 0 0 -0.038683544844388961792 -0.062297467142343521118 -0.070588611066341400146 -0.067506328225135803223 -0.040449365973472595215 -0.0094240503385663032532 0.012734177522361278534 0.028734177350997924805 0.030689872801303863525 0.03298734128475189209 0.047373417764902114868 0.051860760897397994995
-0.0062025315128266811371 -0.0062025315128266811371 -0.07695569843053817749 -0.02547468431293964386 0.054841771721839904785 0.063797466456890106201 0.04803797602653503418 0.047829113900661468506 0.046892404556274414062 0.02759493701159954071 -0.0071202530525624752045 -0.030493671074509620667 -0.015082278288900852203 0.020816456526517868042 0.035253163427114486694 0.0270632915198802948 0.014398734085261821747 -0.01010759454220533371 -0.029367089271545410156 -0.011949366889894008636 0.025816455483436584473 0.048215188086032867432 0.046367090195417404175 0.039487343281507492065 0.027246834710240364075 -0.00097468355670571327209 -0.030202532187104225159 -0.050082277506589889526 -0.061607595533132553101 -0.047126583755016326904 -0.020879747346043586731 -0.034898735582828521729 -0.069936707615852355957 -0.074639238417148590088 -0.052613925188779830933 -0.029848100617527961731 -0.030170885846018791199 -0.052367087453603744507 -0.068803794682025909424 -0.064531646668910980225 -0.046240504831075668335 -0.022797469049692153931 -0.0016835442511364817619 0.019810127094388008118 0.042854432016611099243 0.046088606119155883789 0.044354431331157684326 0.062797471880912780762 0.071784809231758117676
