input_spatial_layers/oceanic_currents_u_1deg.asc
ncols        360
nrows        172
xllcorner    -180
yllcorner    -82
cellsize     1
NODATA_value  -9999
[rows 114 to 132 of 172, columns 172 to 214 of 360]
-0.016613924875855445862 -0.021329114213585853577 -0.014955696649849414825 -0.0232278481125831604 -0.02174050547182559967 -0.027487341314554214478 -0.020132912322878837585 -0.012322784401476383209 0.0029683543834835290909 0.0053037973120808601379 -0.0037911392282694578171 -0.011556961573660373688 -0.0066962023265659809113 -0.0056962026283144950867 -0.016974683851003646851 -0.015803797170519828796 0.0055189873091876506805 0.011601265519857406616 -0.033639241009950637817 -0.02319620177149772644 -0.016056962311267852783 0.0012784809805452823639 0 0 0 0 0 0 0 0 0 0 0 0 0 0 0 0 0 0 0 0 0
-0.042689874768257141113 -0.028132911771535873413 -0.036917719990015029907 -0.023620253428816795349 -0.031443037092685699463 -0.035221520811319351196 -0.025126582011580467224 -0.015772152692079544067 -0.01915822736918926239 0.018101265653967857361 -0.0080000003799796104431 -0.013582278043031692505 0.00044303797767497599125 0.0038164556026458740234 -0.011170886456966400146 -0.013981012627482414246 -0.026658227667212486267 -0.030974684283137321472 -0.033632911741733551025 -0.03050632961094379425 0.0013101266231387853622 -0.023936709389090538025 -0.014139240607619285583 0 0 0 0 0 0 0 0 0 0 0 0 0 0 0 0 0 0 0.15629114210605621338 -0.009740506298840045929
0.0017848100978881120682 -0.011645569466054439545 -0.0025063292123377323151 -0.0024303798563778400421 -0.0021265821997076272964 -0.026259493082761764526 -0.027677215635776519775 -0.020063290372490882874 -0.029025316238403320312 -0.040569622069597244263 -0.026367088779807090759 -0.021297467872500419617 -0.03530379757285118103 -0.046734176576137542725 -0.045702531933784484863 -0.049955695867538452148 -0.037993669509887695312 -0.043113924562931060791 -0.045860759913921356201 -0.041405063122510910034 -0.054563291370868682861 -0.038987342268228530884 -0.01465822756290435791 0 0 0 0 0 0 0 0 0 0 0 0 0 0 0 0 0 0 -0.16324050724506378174 -0.26548102498054504395
-0.029436709359288215637 -0.025829114019870758057 -0.023443037644028663635 -0.01336708851158618927 -0.016417721286416053772 0.0021202531643211841583 0.005968354642391204834 0.002905063331127166748 0.0081139244139194488525 -0.015930380672216415405 -0.016335442662239074707 -0.0023544302675873041153 -0.030253164470195770264 -0.03010759502649307251 -0.010386075824499130249 -0.023322785273194313049 -0.034588608890771865845 -0.0032658227719366550446 0.013088607229292392731 -0.011113923974335193634 -0.022246835753321647644 -0.0096455700695514678955 -0.027246834710240364075 0 0 0 0 0 0 0 0 0 0 0 0 0 0 0 0 0 0 -0.26783543825149536133 -0.1491708904504776001
-0.038639239966869354248 -0.033354431390762329102 -0.032170884311199188232 -0.038202531635761260986 -0.046943038702011108398 -0.054170887917280197144 -0.050974681973457336426 -0.0570696219801902771 -0.06884810328483581543 -0.059537973254919052124 -0.057354431599378585815 -0.051436707377433776855 -0.041512656956911087036 -0.021234177052974700928 -0.014006328769028186798 -0.036626581102609634399 -0.038917720317840576172 -0.037265822291374206543 -0.045917723327875137329 -0.033303797245025634766 -0.011158227920532226562 0.0048734177835285663605 0.0073987343348562717438 0.011677214875817298889 0 0 0 0 0 0 0 0 0 0 0 0 0 0 0 0 -0.19294303655624389648 -0.1299746781587600708 -0.047626581043004989624
-0.012911392375826835632 -0.024101266637444496155 -0.040392406284809112549 -0.057879745960235595703 -0.030981013551354408264 -0.020069619640707969666 -0.045848101377487182617 -0.063303798437118530273 -0.077500000596046447754 -0.072069622576236724854 -0.084664553403854370117 -0.070000000298023223877 -0.044183544814586639404 -0.041727848351001739502 -0.080379746854305267334 -0.050297468900680541992 -0.034949366003274917603 -0.075367085635662078857 -0.048386074602603912354 -0.029259493574500083923 -0.034981012344360351562 -0.063670888543128967285 -0.040500000119209289551 -0.01654430292546749115 0.0023860759101808071136 0 0 0 0 0 0 0 0 0 0 0 0 0 0 -0.12096835672855377197 -0.28912657499313354492 -0.090006329119205474854 0.03639240562915802002
-0.025158228352665901184 -0.0094873420894145965576 -0.0044620251283049583435 0.0010949367424473166466 -0.018050633370876312256 -0.026759494096040725708 -0.019879747182130813599 -0.00087974686175584793091 0.00038607596070505678654 -0.000645569642074406147 0.034455697983503341675 -0.016981013119220733643 -0.045639239251613616943 -0.058810126036405563354 -0.041379746049642562866 -0.029601266607642173767 -0.029240505769848823547 -0.014594936743378639221 -0.021094936877489089966 -0.049398735165596008301 -0.074898734688758850098 -0.018607594072818756104 -0.0085126580670475959778 -0.061012659221887588501 -0.030082277953624725342 0 0 0 0 0 0 0 0 0 0 0 0 0 0 -0.41835442185401916504 -0.13191139698028564453 0.020867088809609413147 0.02302531711757183075
-0.019044304266571998596 -0.029962025582790374756 -0.031683545559644699097 -0.028797468170523643494 -0.033468354493379592896 -0.023158228024840354919 0.011037974618375301361 0.0025443038903176784515 0.021316455677151679993 -0.0057594934478402137756 -0.04208227992057800293 -0.0054810126312077045441 0.013259493745863437653 -0.013759493827819824219 -0.018987340852618217468 -6.3291139667853713036e-05 -0.011905062943696975708 -0.033037975430488586426 -0.092715188860893249512 -0.078221522271633148193 -0.092563293874263763428 -0.10768354684114456177 -0.099696204066276550293 -0.067031644284725189209 0.039905063807964324951 0.050708860158920288086 0 0 0 0 0 0 0 0 0 0 0 0 -0.39972785115242004395 -0.11359493434429168701 0.071740508079528808594 0.047462023794651031494 -0.074291139841079711914
0.016132911667227745056 0.018816456198692321777 0.011556961573660373688 0.016170885413885116577 0.012632911093533039093 0.013936708681285381317 -0.017443038523197174072 -0.014911392703652381897 -0.047607593238353729248 -0.0094683542847633361816 -0.023632911965250968933 -0.022544303908944129944 -0.02689873427152633667 -0.026031645014882087708 -0.013727848418056964874 0.014936708845198154449 -0.0088291140273213386536 -0.033531647175550460815 -0.044265821576118469238 -0.0031075950246304273605 0.019088607281446456909 -0.059873417019844055176 -0.092582277953624725342 -0.043715190142393112183 -0.0827848091721534729 0.05045569688081741333 0 0 0 0 0 0 0 0 0 0 -0.29771518707275390625 -0.49163922667503356934 -0.17538607120513916016 -0.07970885932445526123 -0.048911392688751220703 -0.037886075675487518311 0.010689873248338699341
0.040531646460294723511 0.052689872682094573975 0.053417719900608062744 0.0015063291648402810097 -0.0013924050144851207733 0.0086645567789673805237 0.019740507006645202637 0.020208861678838729858 0.017955696210265159607 -0.0039177215658128261566 0.047620251774787902832 -0.010981013067066669464 -0.0098354434594511985779 0.00087974686175584793091 0.021683543920516967773 -0.011765822768211364746 -0.015215190127491950989 -0.045037973672151565552 -0.04433544352650642395 -0.045107595622539520264 -0.031620252877473831177 -0.0023291138932108879089 0.021651899442076683044 0.0078987339511513710022 -0.030360760167241096497 -0.032234176993370056152 0 0 0 0 0 0 0 0 0 -0.67146199941635131836 -0.42347466945648193359 -0.081563293933868408203 0.090455695986747741699 0.068341769278049468994 -0.00096835440490394830704 -0.024468354880809783936 -3.1645569833926856518e-05
-0.0090253166854381561279 -0.044892404228448867798 0.022892404347658157349 0.078917719423770904541 0.07990506291389465332 0.072379745543003082275 0.064462028443813323975 0.057734176516532897949 0.047879748046398162842 0.071556963026523590088 0.048291139304637908936 0.056594938039779663086 0.022930379956960678101 0.036924049258232116699 0.023158228024840354919 -0.019240505993366241455 0.018474683165550231934 0.058835443109273910522 0.017968354746699333191 -0.012088607996702194214 -0.029962025582790374756 -0.039601266384124755859 -0.032379746437072753906 -0.024215189740061759949 0.006284810137003660202 -0.075025320053100585938 -0.17595569789409637451 0 -0.018797468394041061401 -0.042405065149068832397 -0.048525314778089523315 -0.26635444164276123047 -0.46743038296699523926 -0.99637341499328613281 -0.8862025141716003418 -0.34896203875541687012 -0.11533544212579727173 -0.10959493368864059448 -0.079949364066123962402 -0.0029303797055035829544 0.043696202337741851807 0.038620252162218093872 0.018734177574515342712
0.035177215933799743652 0.032531645148992538452 0.0052151898853480815887 0.024708861485123634338 0.017816456034779548645 0.011936709284782409668 0.0072025316767394542694 0.017360759899020195007 0.06563924252986907959 0.061367087066173553467 0.008215189911425113678 0.02471519075334072113 0.078569620847702026367 0.070898734033107757568 0.049746833741664886475 0.030841771513223648071 0.02815822698175907135 0.022556962445378303528 0.030715189874172210693 -0.046031646430492401123 -0.070031642913818359375 -0.019696202129125595093 -0.098284810781478881836 -0.10905696451663970947 -0.097544305026531219482 -0.12782278656959533691 -0.16887974739074707031 -0.14544937014579772949 0.061658229678869247437 -0.041943039745092391968 -0.52077847719192504883 -0.93342405557632446289 -0.64208227396011352539 -0.39515191316604614258 -0.15050633251667022705 -0.093462027609348297119 -0.058063291013240814209 -0.023594936355948448181 -0.067006327211856842041 -0.034208860248327255249 -0.043670885264873504639 -0.058297470211982727051 -0.10307595133781433105
0.11732278764247894287 0.1409683525562286377 0.096803799271583557129 0.048879746347665786743 0.046677216887474060059 0.063487343490123748779 0.029379745945334434509 0.0042531643994152545929 -0.026645569130778312683 -0.00017721518815960735083 0.013867088593542575836 0.031348101794719696045 0.042803797870874404907 0.027518987655639648438 -0.0075886077247560024261 0.061670884490013122559 0.069886073470115661621 0.070215187966823577881 0.0441075935959815979 0.078822784125804901123 0.082803800702095031738 0.097164556384086608887 0.079132914543151855469 0.064544305205345153809 0.019500000402331352234 0.015493670478463172913 0.10804430395364761353 0.10614556819200515747 -0.13179114460945129395 -0.34496203064918518066 -0.45091140270233154297 -0.18216454982757568359 0.083632908761501312256 0.38838607072830200195 0.55352532863616943359 0.41575315594673156738 0.22005063295364379883 0.11626582592725753784 0.17754431068897247314 0.37663924694061279297 0.23419620096683502197 0.00031645569833926856518 -0.0054430379532277584076
0.069651901721954345703 0.038354430347681045532 0.026310127228498458862 0.095936708152294158936 0.11512657999992370605 0.094234175980091094971 0.084829114377498626709 0.090778477489948272705 0.087822787463665008545 0.055550631135702133179 0.044506330043077468872 0.043999999761581420898 0.051443036645650863647 0.069620251655578613281 0.095696203410625457764 0.087999999523162841797 0.036082278937101364136 0.024113923311233520508 0.021822784096002578735 0.079936705529689788818 0.087867088615894317627 0.025018988177180290222 -0.036132913082838058472 -0.10422151535749435425 -0.087816454470157623291 -0.043677214533090591431 -0.11248733848333358765 -0.37386074662208557129 -0.60685443878173828125 -0.63671517372131347656 -0.18355695903301239014 0.027069620788097381592 0.3195126652717590332 0.496917724609375 0.51379746198654174805 0.41712024807929992676 0.21434810757637023926 0.16658227145671844482 0.24013291299343109131 0.1687278449535369873 0.21001899242401123047 0.27066454291343688965 0.20429746806621551514
-0.023537974804639816284 -0.01419620215892791748 0.064037971198558807373 0.029696201905608177185 0.0021898734848946332932 0.026791138574481010437 0.067316457629203796387 0.062455695122480392456 0.061696201562881469727 0.075329117476940155029 0.090607598423957824707 0.11868354678153991699 0.079082280397415161133 0.049050632864236831665 0.038664557039737701416 0.040860760957002639771 0.081696204841136932373 0.075588606297969818115 0.10914556682109832764 0.083158224821090698242 0.034708861261606216431 0.0024367088917642831802 0.024006329476833343506 -0.054278481751680374146 -0.074506327509880065918 -0.19605062901973724365 -0.39296835660934448242 -0.44281646609306335449 -0.32297468185424804688 -0.10839873552322387695 0.18165822327136993408 0.33356329798698425293 0.24337974190711975098 0.050727847963571548462 -0.020582279190421104431 0.035183545202016830444 0.15199367702007293701 0.14880380034446716309 0.0072594936937093734741 -0.035360760986804962158 0.10427214950323104858 0.27573418617248535156 0.38282278180122375488
0.020860759541392326355 0.018405063077807426453 -0.017075950279831886292 0.008196202106773853302 0.03080379776656627655 0.0014367088442668318748 0.03229114040732383728 0.046784810721874237061 0.033386077731847763062 0.064968355000019073486 0.069860756397247314453 0.014677215367555618286 0.012050633318722248077 0.025424050167202949524 0.068373419344425201416 0.044056963175535202026 0.0087405061349272727966 0.044841773808002471924 0.043949365615844726562 0.062987342476844787598 0.12195569276809692383 0.075854428112506866455 0.019721519201993942261 -0.0015379746910184621811 -0.0028734176885336637497 0.075981013476848602295 0.20887975394725799561 0.3466961979866027832 0.47102531790733337402 0.62748736143112182617 0.59187340736389160156 0.34200632572174072266 0.047012656927108764648 -0.088506326079368591309 -0.10554430633783340454 0.045512657612562179565 0.22817721962928771973 0.32065823674201965332 0.26491138339042663574 0.1657848060131072998 0.11656962335109710693 0.22016455233097076416 0.23862025141716003418
0.057493671774864196777 0.036018986254930496216 0.036626581102609634399 0.00062658230308443307877 -0.022556962445378303528 0.00077215192141011357307 -0.0026202532462775707245 -0.009006328880786895752 0.0092405062168836593628 0.0090632913634181022644 0.012367088347673416138 0.025189872831106185913 0.048544302582740783691 0.077411390841007232666 0.054702531546354293823 0.018158227205276489258 0.048310127109289169312 0.033645570278167724609 0.033373419195413589478 0.06226582452654838562 0.024784810841083526611 -0.00015189874102361500263 0.035518988966941833496 0.069835439324378967285 0.091227851808071136475 0.18920886516571044922 0.29339241981506347656 0.36248734593391418457 0.40910759568214416504 0.38087975978851318359 0.23414556682109832764 0.14619620144367218018 0.11032911390066146851 0.031531646847724914551 0.051924049854278564453 0.10621518641710281372 0.22467721998691558838 0.22058227658271789551 0.22898733615875244141 0.15361392498016357422 0.14868986606597900391 0.07408227771520614624 0.057094935327768325806
0.037417721003293991089 0.057803798466920852661 0.035246834158897399902 0.056044302880764007568 0.075113922357559204102 0.054139241576194763184 0.023613924160599708557 -0.0044430377893149852753 0.039449367672204971313 0.030487341806292533875 0.0034873418044298887253 0.010196202434599399567 0.00019620252714958041906 -0.0055759493261575698853 0.014518987387418746948 0.030645569786429405212 0.045234177261590957642 0.083303794264793395996 0.072639241814613342285 -0.0049620252102613449097 0.024196201935410499573 0.12793037295341491699 0.14264556765556335449 0.19208860397338867188 0.18518987298011779785 0.1343227773904800415 0.12387342005968093872 0.071310125291347503662 0.0079810125753283500671 0.016126582399010658264 0.013721519149839878082 -0.0041329115629196166992 0.10034810006618499756 0.19834810495376586914 0.12315823137760162354 0.076037973165512084961 0.024968354031443595886 0.061993669718503952026 0.02206961996853351593 0.068373419344425201416 0.09856329113245010376 0.074056960642337799072 0.13330379128456115723
0.00062658230308443307877 0.039018988609313964844 0.06872151792049407959 0.10978481173515319824 0.072208859026432037354 0.070101268589496612549 0.075550630688667297363 0.060886077582836151123 0.016791138797998428345 0.0039873416535556316376 0.027126582339406013489 0.020297467708587646484 0.0031645570416003465652 0.0057658227160573005676 0.010689873248338699341 0.037196204066276550293 0.063867092132568359375 0.062822781503200531006 0.050924051553010940552 0.049284808337688446045 0.021506329998373985291 0.021721519529819488525 0.089145570993423461914 0.136556968092918396 0.049120254814624786377 -0.036189872771501541138 -0.023677214980125427246 -0.00066455698106437921524 -0.015569619834423065186 0.010683543980121612549 0.055044304579496383667 0.15485443174839019775 0.13089872896671295166 0.09281012415885925293 0.037075947970151901245 0.026860758662223815918 -0.0065696202218532562256 0.021278481930494308472 0.082094937562942504883 0.069525316357612609863 0.047930378466844558716 0.072670884430408477783 0.10216455906629562378
