input_spatial_layers/oceanic_currents_u_1deg.asc
ncols        360
nrows        172
xllcorner    -180
yllcorner    -82
cellsize     1
NODATA_value  -9999
[rows 133 to 151 of 172, columns 0 to 42 of 360]
-0.01237341761589050293 0.024689873680472373962 -0.016088606789708137512 -0.033500000834465026855 -0.0010063290828838944435 0.019639240577816963196 -0.001449367031455039978 -0.010284810326993465424 -0.021088607609272003174 -0.013189873658120632172 -0.021487342193722724915 -0.014512658119201660156 -0.013158228248357772827 -0.029075948521494865417 -0.028145570307970046997 -0.0018670886056497693062 -0.0035189874470233917236 0.011506329290568828583 0.00027215189766138792038 -0.0085759498178958892822 -0.0052025318145751953125 -0.02498101256787776947 -0.011468354612588882446 -0.010291139595210552216 -0.011740506626665592194 -0.0077151898294687271118 -0.0040443036705255508423 -0.012981012463569641113 -0.0077531645074486732483 0.0042848102748394012451 -0.0042974683456122875214 0.00029113923665136098862 0.0032974684145301580429 0.0014303796924650669098 0.0066329115070402622223 0.0049303798004984855652 0.012164557352662086487 0.011107594706118106842 0.019075948745012283325 0.014575948938727378845 0.0059367087669670581818 0.0042848102748394012451 0.024044303223490715027
0.1926835477352142334 0.13423417508602142334 0.093202531337738037109 0.11134810000658035278 -0.013708860613405704498 -0.04791139066219329834 -0.014765822328627109528 0.016531646251678466797 0.025974683463573455811 0.035278480499982833862 -0.010962025262415409088 -0.011196202598512172699 -6.3291139667853713036e-05 0.032784808427095413208 0.015936708077788352966 -0.0091139236465096473694 -0.0050632911734282970428 -0.011518986895680427551 -0.011746835894882678986 -0.0091835446655750274658 -0.011531645432114601135 -0.023075949400663375854 -0.029639240354299545288 -0.017987342551350593567 -0.0018670886056497693062 -0.0020569621119648218155 -0.01816455647349357605 -0.023063290864229202271 -0.016759494319558143616 -0.027930378913879394531 -0.0058354432694613933563 -0.0010126582346856594086 -0.0061582280322909355164 -0.010341771878302097321 -0.0073164557106792926788 -0.0088354432955384254456 -0.015151898376643657684 -0.013107595033943653107 -0.02296202443540096283 -0.014569620601832866669 -0.0038101265672594308853 -0.011993670836091041565 -0.0047468352131545543671
0.040784809738397598267 0.063424050807952880859 -0.0061645568348467350006 -0.06878481060266494751 -0.046158228069543838501 0.011759493499994277954 0.042620252817869186401 0.0036518988199532032013 0.0069240508601069450378 0.039101265370845794678 0.052867088466882705688 0.032215189188718795776 0.0052025318145751953125 0.0069303796626627445221 -0.0067405062727630138397 0.016107594594359397888 0.0021012658253312110901 -0.0051708859391510486603 0.0011708860984072089195 -0.0077278479002416133881 -0.0053101265802979469299 0.01080379728227853775 0.013094936497509479523 -0.0058417720720171928406 0.0016202531987801194191 -0.0036329114809632301331 0.0098924050107598304749 0.010240506380796432495 0.0012025316245853900909 0.0099746836349368095398 0.012063290923833847046 0.00020886075799353420734 -0.0011835442855954170227 0.011367088183760643005 0.021784810349345207214 0.027411391958594322205 0.013132911175489425659 0.02015189826488494873 0.020696202293038368225 0.0064240507781505584717 0.0025443038903176784515 0.010170886293053627014 0.014753164723515510559
0.017531646415591239929 0.036265823990106582642 0.018006328493356704712 -0.020905062556266784668 0.0065443036146461963654 0.033721517771482467651 0.017170885577797889709 0.051360759884119033813 0.013582278043031692505 -0.031259492039680480957 -0.0063417721539735794067 0.0082405060529708862305 0.019012657925486564636 0.019582279026508331299 0.044943038374185562134 0.040886074304580688477 0.022670885547995567322 0.014613923616707324982 0.015145570039749145508 0.020575949922204017639 0.018291139975190162659 0.014898734167218208313 0.0038164556026458740234 0.0063227848149836063385 -0.017791138961911201477 -0.012835443019866943359 -0.0069936709478497505188 -0.01143037993460893631 0.00025949368136934936047 -0.012512657791376113892 -0.011841772124171257019 -0.0054936707019805908203 -0.0079620257019996643066 0.00027215189766138792038 -0.0095443036407232284546 0.0048037976957857608795 0.024531645700335502625 0.01530379708856344223 0.018563291057944297791 0.04125949367880821228 0.045651897788047790527 0.030746836215257644653 0.011715189553797245026
-0.0040000001899898052216 0.18152531981468200684 0.34783545136451721191 0.24767088890075683594 0.011373417451977729797 -0.087531648576259613037 -0.096075952053070068359 -0.072753161191940307617 -0.042645569890737533569 -0.0039873416535556316376 0.017620252445340156555 0.038044303655624389648 0.092993669211864471436 0.091588608920574188232 0.12375316768884658813 0.13762025535106658936 0.10291139036417007446 0.023107595741748809814 0.0019177214708179235458 0.010651898570358753204 0.0022784809116274118423 0.012316456064581871033 -0.0090759489685297012329 -0.0048481011763215065002 0.0060000000521540641785 0.012512657791376113892 -0.0023037975188344717026 0.012993671000003814697 0.0037468355149030685425 0.0067215189337730407715 -0.0011835442855954170227 -0.00068987341364845633507 0.011873417533934116364 -0.015101266093552112579 -0.019683543592691421509 -0.025968354195356369019 -0.025272151455283164978 -0.018651898950338363647 -0.020215189084410667419 -0.030645569786429405212 -0.035462025552988052368 -0.03305063396692276001 -0.02140506356954574585
0.087993673980236053467 0.036613922566175460815 0.014930379576981067657 0.18863290548324584961 0.22927215695381164551 0.093974687159061431885 0.064639240503311157227 0.060854431241750717163 0.081854432821273803711 0.14155063033103942871 0.14215189218521118164 0.065297469496726989746 -0.035316456109285354614 -0.02590506337583065033 0.010613923892378807068 0.046582277864217758179 0.089689873158931732178 0.11259493976831436157 0.11493670940399169922 0.09168354421854019165 0.047651898115873336792 -0.00031645569833926856518 0.014943038113415241241 0.020955696702003479004 0.032835442572832107544 0.020518986508250236511 0.035506330430507659912 0.037430379539728164673 0.039462026208639144897 0.040221519768238067627 0.025322785601019859314 0.012189873494207859039 0.011335442773997783661 0.027658227831125259399 0.045651897788047790527 0.026689874008297920227 -0.022677214816212654114 -0.014006328769028186798 -0.016753165051341056824 -0.030518988147377967834 -0.029069621115922927856 -0.011702531948685646057 -0.00015189874102361500263
0.15859493613243103027 0.0080632911995053291321 -0.093974687159061431885 -0.050462026149034500122 0.12846834957599639893 0.26072150468826293945 0.22562658786773681641 0.2270189821720123291 0.27070885896682739258 0.23600000143051147461 0.18590506911277770996 0.13694936037063598633 0.11327215284109115601 0.069126583635807037354 0.070031642913818359375 0.061208859086036682129 0.090322785079479217529 0.16461391746997833252 0.20191138982772827148 0.24015823006629943848 0.24336709082126617432 0.19332277774810791016 0.11909493803977966309 0.087765820324420928955 0.081227846443653106689 0.10264556854963302612 0.10245569795370101929 0.095215186476707458496 0.091449365019798278809 0.025430379435420036316 0.041310127824544906616 0.079025313258171081543 0.072506330907344818115 0.045037973672151565552 0.030708860605955123901 0.017177214846014976501 0.033069621771574020386 0.02236708812415599823 0.034702531993389129639 0.054177213460206985474 0.067594937980175018311 0.052348099648952484131 0.031759493052959442139
-0.0473481006920337677 -0.0073670884594321250916 0.02064557000994682312 0.01045569591224193573 0.012588607147336006165 0.057120252400636672974 0.077734179794788360596 0.036518987268209457397 0.0086455699056386947632 -0.012354430742561817169 0.026253163814544677734 0.11249999701976776123 0.17307594418525695801 0.18425317108631134033 0.11649367213249206543 0.10140506178140640259 0.11900000274181365967 0.1118987351655960083 0.069348104298114776611 0.044518988579511642456 0.087911389768123626709 0.17700000107288360596 0.23367089033126831055 0.21872152388095855713 0.18827848136425018311 0.12100633233785629272 0.10112658143043518066 0.10453797131776809692 0.082329116761684417725 0.073405064642429351807 0.071367084980010986328 0.07696202397346496582 0.14809493720531463623 0.2015189826488494873 0.13552531599998474121 0.075854428112506866455 0.07094303518533706665 0.048208862543106079102 0.076601266860961914062 0.11450000107288360596 0.12589873373508453369 0.11679746955633163452 0.072170883417129516602
0.020240506157279014587 -0.024145569652318954468 -0.016797468066215515137 -0.0059240506961941719055 0.017544303089380264282 -0.014993671327829360962 -0.024101266637444496155 -0.0091645568609237670898 -0.02137341722846031189 -0.051664557307958602905 -0.021911391988396644592 0.054683543741703033447 0.11032278835773468018 0.08089873194694519043 0.039556961506605148315 0.067841775715351104736 0.10208227485418319702 0.075158230960369110107 0.042892403900623321533 0.0036202531773597002029 0.0075506330467760562897 0.066354431211948394775 0.13190506398677825928 0.11503797769546508789 0.069088608026504516602 0.046905063092708587646 0.045632909983396530151 0.037531644105911254883 0.024740505963563919067 0.052050631493330001831 0.051962025463581085205 0.082227848470211029053 0.13896834850311279297 0.15846203267574310303 0.17954429984092712402 0.18558861315250396729 0.18527847528457641602 0.22155062854290008545 0.21389873325824737549 0.18813924491405487061 0.12551265954971313477 0.079860761761665344238 0.091892406344413757324
-0.021753164008259773254 -0.062639243900775909424 -0.052436709403991699219 -0.040227849036455154419 -0.020734177902340888977 0.010753164999186992645 -0.051493670791387557983 -0.064436711370944976807 -0.046196203678846359253 0.0028481013141572475433 0.056493669748306274414 0.038202531635761260986 0.052120253443717956543 0.049443036317825317383 0.065430380403995513916 0.05025949329137802124 0.048930380493402481079 0.067208863794803619385 0.074094936251640319824 0.076069623231887817383 0.098443038761615753174 0.079113923013210296631 0.064949363470077514648 0.12643671035766601562 0.1774050593376159668 0.1827278435230255127 0.20774683356285095215 0.23979747295379638672 0.26005062460899353027 0.25869619846343994141 0.19189240038394927979 0.10690506547689437866 -0.018936708569526672363 -0.045734178274869918823 0.039607595652341842651 0.13557595014572143555 0.21208861470222473145 0.2146139293909072876 0.23034177720546722412 0.23343670368194580078 0.23941139876842498779 0.23812025785446166992 0.22192405164241790771
0.041329115629196166992 0.045075949281454086304 -0.012386076152324676514 -0.03881012648344039917 0.038556963205337524414 0.17443038523197174072 0.24287974834442138672 0.26110759377479553223 0.22470885515213012695 0.24066455662250518799 0.22811391949653625488 0.17203797399997711182 0.12929746508598327637 0.17248734831809997559 0.17827215790748596191 0.14642405509948730469 0.085512660443782806396 0.072746835649013519287 0.096550635993480682373 0.15082278847694396973 0.18097467720508575439 0.16380380094051361084 0.11334810405969619751 0.077303797006607055664 0.10335443168878555298 0.17205695807933807373 0.20617721974849700928 0.24379746615886688232 0.25696203112602233887 0.30968987941741943359 0.27219620347023010254 0.19275316596031188965 0.14129114151000976562 0.087499998509883880615 0.0050759492442011833191 -0.0089620249345898628235 0.033544301986694335938 0.06885442882776260376 0.085113927721977233887 0.045848101377487182617 0.03874683380126953125 0.099481008946895599365 0.17768354713916778564
-0.023715190589427947998 0.050468355417251586914 0.18386076390743255615 0.24305063486099243164 0.17104430496692657471 0.043607596307992935181 0.053924050182104110718 0.096145570278167724609 0.14629746973514556885 0.15513923764228820801 0.11012658476829528809 0.063310123980045318604 0.045177213847637176514 0.065981015563011169434 0.097310125827789306641 0.12284810096025466919 0.11440506577491760254 0.1150569617748260498 0.1023987308144569397 0.1299113929271697998 0.1225759461522102356 0.091987341642379760742 0.084531642496585845947 0.1143101230263710022 0.15117721259593963623 0.14667721092700958252 0.14268986880779266357 0.10754430294036865234 0.092386074364185333252 0.12804430723190307617 0.22422151267528533936 0.34007593989372253418 0.42686074972152709961 0.40445569157600402832 0.34740507602691650391 0.20959493517875671387 0.046563290059566497803 -0.057253163307905197144 -0.0066518988460302352905 0.094208858907222747803 0.095367088913917541504 0.08579746633768081665 0.085113927721977233887
0.071088604629039764404 0.10420886427164077759 0.10291772335767745972 0.049531646072864532471 0.012683544307947158813 0.015860758721828460693 0.026917722076177597046 0.067474685609340667725 0.064664557576179504395 0.034373417496681213379 0.016379747539758682251 0.022291138768196105957 0.025512658059597015381 0.049101267009973526001 0.049373418092727661133 0.051911391317844390869 0.078227847814559936523 0.099417723715305328369 0.12165189534425735474 0.10159493982791900635 0.07213290780782699585 0.0886708870530128479 0.15231013298034667969 0.18372784554958343506 0.14843671023845672607 0.11969619989395141602 0.11894303560256958008 0.13310758769512176514 0.13715189695358276367 0.11362658441066741943 0.12124050408601760864 0.12475949525833129883 0.10248734056949615479 0.22875316441059112549 0.35459494590759277344 0.51056963205337524414 0.49226582050323486328 0.29865190386772155762 0.023310126736760139465 -0.070651896297931671143 -0.026651898398995399475 -0.082468353211879730225 -0.031588606536388397217
0.19057594239711761475 0.15681011974811553955 0.1024430394172668457 0.098683543503284454346 0.086727850139141082764 0.14380379021167755127 0.16265189647674560547 0.13407595455646514893 0.083031646907329559326 0.052462026476860046387 0.062455695122480392456 0.076746836304664611816 0.10502531379461288452 0.087107591331005096436 0.059101264923810958862 0.031449366360902786255 0.023101266473531723022 0.042367089539766311646 0.053177215158939361572 0.07213290780782699585 0.093765825033187866211 0.097189873456954956055 0.07715190201997756958 0.036145567893981933594 0.036746837198734283447 0.045518986880779266357 0.060202531516551971436 0.097284808754920959473 0.13269619643688201904 0.13755695521831512451 0.17169620096683502197 0.13365189731121063232 0.10177847743034362793 0.10612658411264419556 0.17170886695384979248 0.24782279133796691895 0.35668355226516723633 0.53198099136352539062 0.55575317144393920898 0.3787911534309387207 0.22072784602642059326 0.22248101234436035156 0.17794936895370483398
0.059550631791353225708 0.09508860856294631958 0.074506327509880065918 0.050196204334497451782 0.059177216142416000366 0.07420886307954788208 0.075607597827911376953 0.067822784185409545898 0.021987341344356536865 0.023499999195337295532 0.056987341493368148804 0.079886078834533691406 0.096000000834465026855 0.069107592105865478516 0.054240506142377853394 0.056981012225151062012 0.04103164374828338623 0.02722784876823425293 0.020246835425496101379 0.022297468036413192749 0.051892403513193130493 0.09548734128475189209 0.11094936728477478027 0.087126582860946655273 0.08612658083438873291 0.14133544266223907471 0.15430380403995513916 0.14228481054306030273 0.077829115092754364014 0.09522151947021484375 0.094727851450443267822 0.1436392366886138916 0.16810126602649688721 0.12337974458932876587 0.04781012609601020813 -0.0049367090687155723572 -0.00031645569833926856518 0.01067088637501001358 0.11224050819873809814 0.31129747629165649414 0.41963291168212890625 0.40852531790733337402 0.33881646394729614258
0.033031646162271499634 0.064044304192066192627 0.085810124874114990234 0.098411388695240020752 0.11454430222511291504 0.092259496450424194336 0.059639241546392440796 0.05098734050989151001 0.088012658059597015381 0.10698100924491882324 0.092063292860984802246 0.061424050480127334595 0.054582279175519943237 0.067563287913799285889 0.10355063527822494507 0.11160126328468322754 0.10777848213911056519 0.085316456854343414307 0.042075950652360916138 0.021759493276476860046 0.028405062854290008545 -0.0060443039983510971069 -0.0022468355018645524979 0.072215192019939422607 0.099455699324607849121 0.084158226847648620605 0.059905063360929489136 0.047145567834377288818 0.075746834278106689453 0.11215189844369888306 0.094841770827770233154 0.05624683573842048645 0.021689873188734054565 -0.020791139453649520874 -0.019848100841045379639 -0.0088291140273213386536 0.017493670806288719177 0.013221519067883491516 -0.0050569619052112102509 0.028772151097655296326 -0.0024367088917642831802 0.021063290536403656006 0.035981014370918273926
0.081835441291332244873 0.052677214145660400391 0.063854433596134185791 0.068537972867488861084 0.062417723238468170166 0.073424048721790313721 0.073962025344371795654 0.066018983721733093262 0.073594935238361358643 0.074791140854358673096 0.082126580178737640381 0.075443036854267120361 0.032037973403930664062 -0.0030253164004534482956 0.0067405062727630138397 0.026265822350978851318 0.052000001072883605957 0.086462028324604034424 0.10689873248338699341 0.11724683642387390137 0.10421518981456756592 0.096563294529914855957 0.071651898324489593506 0.051373418420553207397 0.046898733824491500854 0.044462025165557861328 0.036911390721797943115 0.058746837079524993896 0.077829115092754364014 0.05664556846022605896 0.027721518650650978088 0.0020443038083612918854 0.0023227848578244447708 0.01687341742217540741 0.029436709359288215637 0.016588607802987098694 0.012689873576164245605 0.016088606789708137512 -0.0071962024085223674774 -0.049202531576156616211 -0.0071075949817895889282 0.030379746109247207642 0.050860758870840072632
0.063398733735084533691 0.062031645327806472778 0.070424050092697143555 0.087677218019962310791 0.08075949549674987793 0.059151899069547653198 0.034360758960247039795 0.054291140288114547729 0.08016455918550491333 0.077056959271430969238 0.078841775655746459961 0.0798417702317237854 0.091594934463500976562 0.11289240419864654541 0.11631645262241363525 0.10302531719207763672 0.072075948119163513184 0.052259493619203567505 0.058848101645708084106 0.049259494990110397339 0.040227849036455154419 0.053753163665533065796 0.071544304490089416504 0.066911391913890838623 0.051411394029855728149 0.063417717814445495605 0.068417720496654510498 0.039145570248365402222 0.014253164641559123993 0.012031645514070987701 -0.002012658165767788887 -0.0023164555896073579788 -0.0013544303365051746368 0.017177214846014976501 0.023449366912245750427 0.020405063405632972717 0.027235668152570724487 0.030535031110048294067 0.034499999135732650757 0.059749998152256011963 0.02889171987771987915 0.019885350018739700317 -0.0019808916840702295303
0.066835440695285797119 0.042746834456920623779 0.048974685370922088623 0.04721518978476524353 0.069943040609359741211 0.092050634324550628662 0.090126581490039825439 0.072594933211803436279 0.040196202695369720459 0.031126582995057106018 0.076974682509899139404 0.12148734182119369507 0.13315190374851226807 0.13615189492702484131 0.1230316460132598877 0.11953164637088775635 0.092089168727397918701 0.09959872812032699585 0.075246833264827728271 0.064892403781414031982 0.066075950860977172852 0.057796176522970199585 0.061679486185312271118 0.10028662532567977905 0.098769232630729675293 0.058724358677864074707 0.038955129683017730713 0.027262819930911064148 0.015810126438736915588 -0.0044746836647391319275 -0.0043987343087792396545 0.0047911391593515872955 0.0025126582477241754532 -0.014484076760709285736 -0.022668790072202682495 -0.014961538836359977722 -0.0021503267344087362289 -0.0040130717679858207703 -0.0011623376049101352692 -0.010790850035846233368 -0.0044183004647493362427 -0.0037207792047411203384 0.0041419356130063533783
