input_spatial_layers/oceanic_currents_u_wm.asc
ncols        49
nrows        37
xllcorner    -0.25
yllcorner    34.75
cellsize     0.25
NODATA_value  -9999
[rows 0 to 21 of 37, columns 0 to 48 of 49]
0.0 0 0 0 0 0 0 0 0 0 0 0 0 0 0 0 0 0 0 0 0 0 0 0 0 0 0 0 0 0 0 0 0 -0.15283544361591339111 -0.16137342154979705811 -0.12203797698020935059 -0.064727850258350372314 -0.031803797930479049683 -0.0090696206316351890564 0.0044936710037291049957 0.0018607594538480043411 0 0 0 0 0 0 0 0
0 0 0 0 0 0 0 0 0 0 0 0 0 0 0 0 0 0 0 0 0 0 0 0 0 0 0 0 0 0 0 -0.15251265466213226318 -0.15162025392055511475 -0.12992404401302337646 -0.084822781383991241455 -0.011379746720194816589 0.025253163650631904602 0.020069619640707969666 0.013778480701148509979 0.025341771543025970459 0.039924051612615585327 0.060702532529830932617 0 0 0 0 0 0 0
0 0 0 0 0 0 0 0 0 0 0 0 0 0 0 0 0 0.039550632238388061523 0 0 0 0 0 0 0 0 0 0 0 -0.1242974698543548584 -0.12514556944370269775 -0.11240506172180175781 -0.076284810900688171387 -0.010259493254125118256 0.046556960791349411011 0.076088607311248779297 0.073253162205219268799 0.048177216202020645142 0.024702532216906547546 0.026082279160618782043 0.052417721599340438843 0.083170883357524871826 0 0 0 0 0 0 0
0 0 0 0 0 0 0 0 0 0 0 0 0 0 0.023835442960262298584 0.034740507602691650391 0.013746835291385650635 -0.010145569220185279846 -0.0419177226722240448 -0.059050634503364562988 -0.068620249629020690918 -0.066772155463695526123 -0.043721519410610198975 0 0 0 0 -0.11880379915237426758 -0.12881645560264587402 -0.11134810000658035278 -0.062537975609302520752 -0.0018670886056497693062 0.052968353033065795898 0.0827848091721534729 0.098240509629249572754 0.09896202385425567627 0.075544305145740509033 0.050417721271514892578 0.017594937235116958618 0.0018417721148580312729 0.025297468528151512146 0.051645569503307342529 0.055987343192100524902 0 0 0 0 0 0
0 0 0 0 0 0 0 0 0 0 0 0 0 0 0.034772150218486785889 0.018398733809590339661 -0.022310126572847366333 -0.059386074542999267578 -0.085537977516651153564 -0.10529746860265731812 -0.12522152066230773926 -0.1395063251256942749 -0.15231645107269287109 -0.18467721343040466309 -0.19224683940410614014 -0.17827847599983215332 -0.15202531218528747559 -0.13612657785415649414 -0.097943037748336791992 -0.022322785109281539917 0.031981013715267181396 0.064664557576179504395 0.088202528655529022217 0.11153164505958557129 0.13380379974842071533 0.11703164875507354736 0.062753163278102874756 0.039620254188776016235 0.0079873418435454368591 -0.0089936712756752967834 -0.0017468354199081659317 0.021829113364219665527 0.056354429572820663452 0.08305063098669052124 0 0 0 0 0
0 0 0 0 0 0 0 0 0 0 0 0 0 0 0.034398734569549560547 -0.0075506330467760562897 -0.055658228695392608643 -0.089367091655731201172 -0.10810759663581848145 -0.11423417925834655762 -0.11820886284112930298 -0.12052531540393829346 -0.14077214896678924561 -0.16489240527153015137 -0.17062658071517944336 -0.15256962180137634277 -0.11689873784780502319 -0.071018986403942108154 -0.011569620110094547272 0.041120253503322601318 0.074094936251640319824 0.094518989324569702148 0.11217721551656723022 0.12960758805274963379 0.13132911920547485352 0.10983544588088989258 0 0 0 -0.0072278482839465141296 -0.022759493440389633179 -0.0018797467928379774094 0.024126581847667694092 0.0039303796365857124329 -0.019632911309599876404 0 0 0 0
0 0 0 0 0 0 0 0 0 0 0 0 0 0 0.014848100952804088593 -0.040537975728511810303 -0.08076582103967666626 -0.081474684178829193115 -0.072075948119163513184 -0.06263291090726852417 -0.052075948566198348999 -0.039911393076181411743 -0.044177215546369552612 -0.063924051821231842041 -0.073272153735160827637 -0.054348099976778030396 -0.015670886263251304626 0.022689873352646827698 0.051234178245067596436 0.070126585662364959717 0.088196203112602233887 0.099645569920539855957 0.099348098039627075195 0.082183547317981719971 0.037101265043020248413 0 0 0 0 0 -0.055031646043062210083 -0.073215186595916748047 -0.087462022900581359863 -0.10970886051654815674 -0.1117911413311958313 -0.10000632703304290771 0 0 0
0 0 0 0 0 0 0 0 0 0 0 0 0 0 -0.020335443317890167236 -0.063278481364250183105 -0.067613922059535980225 -0.037683542817831039429 -0.011632910929620265961 0.0047151898033916950226 0.011753164231777191162 0.009670886211097240448 0.0042784810066223144531 -0.0065189874731004238129 -0.0085949366912245750427 0.010892405174672603607 0.042677216231822967529 0.068879745900630950928 0.076348103582859039307 0.073430381715297698975 0.074860759079456329346 0.066430382430553436279 0.044354431331157684326 0.014417721889913082123 -0.029341772198677062988 0 0 0 0 0 -0.083468355238437652588 -0.11587341874837875366 -0.1249240487813949585 -0.12798100709915161133 -0.13350632786750793457 -0.12432278692722320557 -0.10056962072849273682 -0.06610126793384552002 0
0 0 0 0 0 0 0 0 0 0 0 0 0 0 -0.056056961417198181152 -0.056487340480089187622 -0.02372151985764503479 0.0039113922975957393646 0.029816456139087677002 0.055006328970193862915 0.059196203947067260742 0.043126583099365234375 0.029911393299698829651 0.029550632461905479431 0.039613924920558929443 0.049455694854259490967 0.057126581668853759766 0.062740504741668701172 0.06197468191385269165 0.058841772377490997314 0.054917722940444946289 0.042031645774841308594 0.025651898235082626343 0.017322784289717674255 0.013658227398991584778 0 0 0 0 -0.034696202725172042847 -0.072322785854339599609 -0.073867090046405792236 -0.060341771692037582397 -0.054822783917188644409 -0.061075948178768157959 -0.070259496569633483887 -0.077664554119110107422 -0.056468352675437927246 -0.0018164557404816150665
0 0 0 0 0 0 0 0 0 0 0 0 0 -0.06786075979471206665 -0.074329115450382232666 -0.039468355476856231689 0.010012658312916755676 0.033094935119152069092 0.054734177887439727783 0.079689875245094299316 0.085297465324401855469 0.07480379939079284668 0.062284808605909347534 0.061151899397373199463 0.067025318741798400879 0.064196199178695678711 0.054968353360891342163 0.036981012672185897827 0.026962025091052055359 0.032145570963621139526 0.029088607057929039001 0.020291138440370559692 0.022601265460252761841 0.036278482526540756226 0.055930379778146743774 0.04701898619532585144 0 0 0 -0.0070759495720267295837 -0.026759494096040725708 -0.016987342387437820435 0.00083544303197413682938 0.015993671491742134094 0.029278481379151344299 0.039291139692068099976 0.035151898860931396484 0.018677216023206710815 0.0070253163576126098633
0 0 0 0 0 0 0 0 0 0 0 -0.053512658923864364624 -0.071753166615962982178 -0.082955695688724517822 -0.067082278430461883545 -0.017664557322859764099 0.028670886531472206116 0.048474684357643127441 0.055727846920490264893 0.067189872264862060547 0.080772154033184051514 0.087335444986820220947 0.082360759377479553223 0.077715188264846801758 0.077765822410583496094 0.075544305145740509033 0.068069621920585632324 0.040746834129095077515 0.017221519723534584045 0.015715189278125762939 0.010822785086929798126 0.0024240505881607532501 0.008924050256609916687 0.017075950279831886292 0.024367088451981544495 0.024107594043016433716 0.013449367135763168335 0 0.026215190067887306213 0.0067721516825258731842 0.01886075921356678009 0.026069620624184608459 0.039696201682090759277 0.064993672072887420654 0.095170885324478149414 0.11684810370206832886 0.11867721378803253174 0.094145566225051879883 0.049063291400671005249
0 0 0 0 0 0 0 0 0 -0.067177213728427886963 -0.075063288211822509766 -0.084462024271488189697 -0.087145566940307617188 -0.077778480947017669678 -0.049405064433813095093 -0.0030759493820369243622 0.030360760167241096497 0.040234178304672241211 0.037544302642345428467 0.047291141003370285034 0.0744113922119140625 0.099759496748447418213 0.10629113763570785522 0.10041139274835586548 0.10191139578819274902 0.10331645607948303223 0.094917722046375274658 0.077113926410675048828 0.057981014251708984375 0.045069620013236999512 0.033810127526521682739 0.024506328627467155457 0.014886075630784034729 -0.0034556961618363857269 -0.011341772042214870453 -0.00024050632782746106386 0.012050633318722248077 0 0 -0.0038417722098529338837 0.048721518367528915405 0.069487340748310089111 0.082044303417205810547 0.10327848047018051147 0.12539240717887878418 0.133968353271484375 0.12867088615894317627 0.11032911390066146851 0.077512659132480621338
0 0 0 0 0 -0.0037278481759130954742 -0.026392405852675437927 -0.053670886904001235962 -0.070253163576126098633 -0.07160126417875289917 -0.065088607370853424072 -0.063550636172294616699 -0.061620254069566726685 -0.046424049884080886841 -0.019835442304611206055 0.0087974686175584793091 0.025329113006591796875 0.023822784423828125 0.018563291057944297791 0.031721517443656921387 0.062379747629165649414 0.093221515417098999023 0.11077848076820373535 0.12081645429134368896 0.13586708903312683105 0.13247469067573547363 0.11193671077489852905 0.10148101300001144409 0.09442405402660369873 0.07715190201997756958 0.060291137546300888062 0.05591772124171257019 0.040803797543048858643 0.013886076398193836212 0.0020063291303813457489 0 0 0 0 0 0.046329114586114883423 0.078867085278034210205 0.093911394476890563965 0.10322784632444381714 0.10679747164249420166 0.10586076229810714722 0.098544307053089141846 0.081924051046371459961 0.057784810662269592285
0 0 0 0 0.0037151898723095655441 -0.011974683962762355804 -0.029310125857591629028 -0.043379746377468109131 -0.041569620370864868164 -0.027949366718530654907 -0.011746835894882678986 -0.0019683544524013996124 0.0027974683325737714767 0.019037974998354911804 0.042993672192096710205 0.055436708033084869385 0.049810126423835754395 0.037177216261625289917 0.021177215501666069031 0.0055126580409705638885 0.015227847732603549957 0.04175316542387008667 0.068639241158962249756 0.10190506279468536377 0.12559494376182556152 0.11622785031795501709 0.091974683105945587158 0.074993669986724853516 0.067943036556243896484 0.059132911264896392822 0.052924051880836486816 0.054620254784822463989 0.044411391019821166992 0.02862025238573551178 0 0 0 0 0 0 0 0.054917722940444946289 0.066354431211948394775 0.06844937056303024292 0.065658226609230041504 0.062196202576160430908 0.050531644374132156372 0.03113291226327419281 0.01277215220034122467
0 0 0 0.013607595115900039673 0.00026582277496345341206 -0.015025316737592220306 -0.020215189084410667419 -0.012177214957773685455 0.0010949367424473166466 0.013537975028157234192 0.028006328269839286804 0.048246834427118301392 0.071639239788055419922 0.095202527940273284912 0.11575949192047119141 0.11555062979459762573 0.088018991053104400635 0.073993667960166931152 0.055063292384147644043 -0.002177215181291103363 -0.022037975490093231201 0.002094936789944767952 0.032518986612558364868 0.055506329983472824097 0.063487343490123748779 0.058158226311206817627 0.047006327658891677856 0.032740507274866104126 0.022360758855938911438 0.023759493604302406311 0.04148734360933303833 0.046962026506662368774 0.029493670910596847534 0.02428480982780456543 0 0 0 0 0 0 0.034867089241743087769 0.043683543801307678223 0.047069620341062545776 0.044018987566232681274 0.036158226430416107178 0.024506328627467155457 0.0059430380351841449738 -0.012272152118384838104 -0.021215189248323440552
0 0 0.012974683195352554321 -0.0057151899673044681549 -0.015702530741691589355 -0.021778481081128120422 -0.0080189872533082962036 0.015664556995034217834 0.025854431092739105225 0.035620253533124923706 0.058120254427194595337 0.078943036496639251709 0.090835444629192352295 0.12527848780155181885 0.12774683535099029541 0.10754430294036865234 0.087911389768123626709 0.081449367105960845947 0.064708858728408813477 0.020734177902340888977 -0.0070759495720267295837 0.0068670883774757385254 0.034563291817903518677 0.036759492009878158569 0.034265823662281036377 0.040069621056318283081 0.044183544814586639404 0.049278482794761657715 0.043303798884153366089 0.043183542788028717041 0.058575950562953948975 0.054386075586080551147 0.026759494096040725708 0.020025316625833511353 0 0 0 0 0 0 0.039550632238388061523 0.033037975430488586426 0.031753163784742355347 0.025088608264923095703 0.012101265601813793182 -0.0035189874470233917236 -0.017721518874168395996 -0.025892404839396476746 -0.025632912293076515198
0.0028860759921371936798 0.0028860759921371936798 -0.030563291162252426147 -0.042575947940349578857 -0.042303796857595443726 -0.025107594206929206848 0.013145569711923599243 0.040101267397403717041 0.03877848014235496521 0.046500001102685928345 0.064670883119106292725 0.084734179079532623291 0 0 0.065949365496635437012 0.045569621026515960693 0.041537974029779434204 0.040791139006614685059 0.030854430049657821655 0.025721518322825431824 0.010196202434599399567 0.0096392408013343811035 0.029379745945334434509 0.040227849036455154419 0.04787341877818107605 0.061177216470241546631 0.080265820026397705078 0.094468355178833007812 0.092968352138996124268 0.090759493410587310791 0.079867087304592132568 0.058303795754909515381 0.034848101437091827393 0.015487342141568660736 0 0 0 0 0 0 0.024398734793066978455 0.010291139595210552216 0.0026898733340203762054 -0.0059367087669670581818 -0.017227848991751670837 -0.030094936490058898926 -0.03337974846363067627 -0.024424050003290176392 -0.013898734003305435181
-0.027101265266537666321 -0.027101265266537666321 -0.052999999374151229858 -0.051474682986736297607 -0.032221518456935882568 -0.0017784810625016689301 0.023512657731771469116 0.036202531307935714722 0.04489873349666595459 0.062113925814628601074 0.081196203827857971191 0 0 0 0 0.027886075899004936218 0.020259493961930274963 0.015531645156443119049 0.0097784809768199920654 0.011670886538922786713 0.00015822784916963428259 -0.015145570039749145508 -0.0081075951457023620605 0.016778480261564254761 0.035924050956964492798 0.05062025412917137146 0.068006329238414764404 0.075594939291477203369 0.079740509390830993652 0.079689875245094299316 0.058215189725160598755 0.034018985927104949951 0.028702531009912490845 0.02587341703474521637 0 0 0 0 0 0 0.0023607595358043909073 -0.015556962229311466217 -0.029658228158950805664 -0.040848102420568466187 -0.051873419433832168579 -0.059012658894062042236 -0.054436709731817245483 -0.0363291129469871521 -0.018392404541373252869
0.0051139239221811294556 0.0051139239221811294556 -0.0098227849230170249939 -0.014936708845198154449 0.01584810204803943634 0.031537976115942001343 0.025867087766528129578 0.035582277923822402954 0.070778481662273406982 0.094462022185325622559 0.09561392664909362793 0.083430379629135131836 0 0 0.057291138917207717896 0.046316456049680709839 0.036208860576152801514 0.016987342387437820435 0.0034620254300534725189 0.0093164555728435516357 0.0044493670575320720673 -0.0097658224403858184814 -0.0097531648352742195129 0.00060759496409446001053 0.0054873418994247913361 0.010740506462752819061 0.0093037970364093780518 0.011658228002488613129 0.027272151783108711243 0.02967721596360206604 0.014981012791395187378 -0.00048734177835285663605 0.0066582276485860347748 0.030265823006629943848 0 0 0 0 0 0 -0.023727847263216972351 -0.045924048870801925659 -0.060006327927112579346 -0.070575952529907226562 -0.077582277357578277588 -0.076518990099430084229 -0.068677216768264770508 -0.055854428559541702271 -0.040696203708648681641
0.05112025141716003418 0.05112025141716003418 0.038234177976846694946 0.012987341731786727905 0.030550632625818252563 0.05965190008282661438 0.069772154092788696289 0.068018987774848937988 0.095012657344341278076 0.099613927304744720459 0.063993670046329498291 0.012500000186264514923 0.0038101265672594308853 0.022936709225177764893 0.036721520125865936279 0.0416202545166015625 0.04155696183443069458 0.028981013223528862 0.025778481736779212952 0.038949366658926010132 0.045822784304618835449 0.040360759943723678589 0.02822151966392993927 0.013126581907272338867 -0.0030886076856404542923 -0.0070696203038096427917 -0.0079303793609142303467 -0.0029746836517006158829 0.0057341773062944412231 -0.0054936707019805908203 -0.014082278124988079071 -0.014170886017382144928 -0.011512658558785915375 -0.0094999996945261955261 0 0 0 0 0 -0.040405064821243286133 -0.06200632825493812561 -0.073468357324600219727 -0.080525316298007965088 -0.084848098456859588623 -0.080354429781436920166 -0.069430381059646606445 -0.062487341463565826416 -0.058924049139022827148 -0.04737974703311920166
0.034575950354337692261 0.034575950354337692261 0.046632912009954452515 0.025974683463573455811 0.017753165215253829956 0.041924051940441131592 0.062727846205234527588 0.067240506410598754883 0.060860760509967803955 0.042848102748394012451 0.021189874038100242615 0.0025189872831106185913 -0.0074430378153920173645 -0.01143037993460893631 -0.0028417720459401607513 0.02008227817714214325 0.040917720645666122437 0.06243670731782913208 0.083468355238437652588 0.09261392056941986084 0.095037974417209625244 0.082518987357616424561 0.055113922804594039917 0.031664557754993438721 0.017354430630803108215 0.012841772288084030151 0.014335443265736103058 0.017810126766562461853 0.010468354448676109314 -0.012272152118384838104 -0.019132912158966064453 -0.0077215190976858139038 -0.013601265847682952881 -0.045917723327875137329 -0.07815189659595489502 0 0 -0.064107596874237060547 -0.073525317013263702393 -0.085873417556285858154 -0.086569622159004211426 -0.075962021946907043457 -0.072734177112579345703 -0.070848099887371063232 -0.061689872294664382935 -0.046196203678846359253 -0.038955695927143096924 -0.0351392403244972229 -0.021474683657288551331
-0.010145569220185279846 -0.010145569220185279846 0.025158228352665901184 0.039962023496627807617 0.021082278341054916382 0.00038607596070505678654 -0.00087974686175584793091 0.015487342141568660736 0.00090506329433992505074 -0.02077848091721534729 -0.021506329998373985291 -0.0035063291434198617935 0.012044304050505161285 0.010088607668876647949 0.0020759494509547948837 0.006367088761180639267 0.022145569324493408203 0.051094938069581985474 0.084512658417224884033 0.09784176945686340332 0.094727851450443267822 0.078246831893920898438 0.058145567774772644043 0.048525314778089523315 0.045234177261590957642 0.038025315850973129272 0.023278480395674705505 0.010379746556282043457 0.0010822784388437867165 -0.0035253164824098348618 -0.0027531646192073822021 0.0082341767847537994385 0.0085822781547904014587 -0.013455696403980255127 -0.037455696612596511841 -0.048721518367528915405 -0.070962026715278625488 -0.07997468113899230957 -0.078873418271541595459 -0.070278480648994445801 -0.052708860486745834351 -0.031405061483383178711 -0.019348101690411567688 -0.017905063927173614502 -0.01387974712997674942 0.0018481012666597962379 0.012588607147336006165 0.021500000730156898499 0.030898734927177429199
