input_spatial_layers/oceanic_currents_u_1deg.asc
ncols        360
nrows        172
xllcorner    -180
yllcorner    -82
cellsize     1
NODATA_value  -9999
[rows 57 to 75 of 172, columns 301 to 343 of 360]
-0.012360759079456329346 0.10727215558290481567 0.051487341523170471191 0.038683544844388961792 0.059234175831079483032 0.0022341771982610225677 -0.020968355238437652588 0.051405064761638641357 -0.090322785079479217529 0 0 0.4366645514965057373 0.86694306135177612305 0.60208863019943237305 0.58069622516632080078 0.64981645345687866211 0.66190505027770996094 0.65054428577423095703 0.43168354034423828125 0.2585442960262298584 0.00104430376086384058 -0.081797465682029724121 -0.10752531886100769043 -0.057999998331069946289 -0.03904430195689201355 0.0022658228408545255661 -0.040550634264945983887 -0.080088607966899871826 -0.11858860403299331665 -0.071436710655689239502 -0.093721516430377960205 -0.094835445284843444824 -0.10458860546350479126 -0.025715189054608345032 0.089291140437126159668 0.1022911369800567627 0.0022341771982610225677 -0.028594937175512313843 0.020196203142404556274 0.067481011152267456055 0.047335442155599594116 0.031449366360902786255 -0.029170885682106018066
0 -0.043234176933765411377 0.037613924592733383179 0.030392404645681381226 0.063208863139152526855 0.041449368000030517578 0.021753164008259773254 -0.0273607596755027771 0.010569619946181774139 -0.37442404031753540039 0.26758861541748046875 0.30357596278190612793 0.13370886445045471191 0.004905063193291425705 -0.054582279175519943237 -0.054373417049646377563 0.040329113602638244629 -0.00067088607465848326683 0.049398735165596008301 0.019063290208578109741 0.025632912293076515198 0.0090379742905497550964 -0.0023544302675873041153 -0.037170886993408203125 -0.019006328657269477844 -0.0081012658774852752686 -0.04996202513575553894 -0.067379750311374664307 -0.04406962171196937561 -0.0073544303886592388153 0.020993670448660850525 -0.049658227711915969849 -0.0075506330467760562897 0.0090189874172210693359 0.013462025672197341919 0.066069617867469787598 0.037088606506586074829 -0.0044683543965220451355 -0.034246835857629776001 -0.030430380254983901978 0.029329113662242889404 -0.022215189412236213684 0.020379746332764625549
0.026531646028161048889 0.052949365228414535522 0.048126582056283950806 0.02792405150830745697 0.027632910758256912231 0.044265821576118469238 -0.055512659251689910889 0.15474683046340942383 0.41165822744369506836 0.22874051332473754883 0.37606328725814819336 0.15205062925815582275 -0.062240507453680038452 -0.21765190362930297852 -0.35987973213195800781 -0.34068354964256286621 -0.25305697321891784668 -0.17076581716537475586 -0.061493672430515289307 -0.012063290923833847046 0.0069113923236727714539 0.030860759317874908447 0.060202531516551971436 0.034791138023138046265 0.053132910281419754028 0.051829114556312561035 0.044424049556255340576 0.026582278311252593994 0.038626581430435180664 0.037329114973545074463 -0.00045569619396701455116 0.0057974681258201599121 -0.015164556913077831268 -0.0091708861291408538818 -0.045088607817888259888 -0.063367091119289398193 -0.050873417407274246216 -0.042658228427171707153 -0.029405063018202781677 -0.029518987983465194702 -0.016943037509918212891 0.027499999850988388062 -0.0053860759362578392029
-0.019088607281446456909 0.033158227801322937012 0.055430378764867782593 0.040006328374147415161 0.055278480052947998047 -0.01336708851158618927 0.40015190839767456055 0.52867722511291503906 0.33076581358909606934 0.42070886492729187012 0.18039239943027496338 0.024670885875821113586 -0.045645568519830703735 -0.080284811556339263916 -0.07126582413911819458 -0.10796835273504257202 -0.071696199476718902588 -0.0098481010645627975464 -0.036613922566175460815 -0.016208861023187637329 -0.053651899099349975586 -0.045341771095991134644 -0.03536709025502204895 -0.03239240497350692749 -0.044715188443660736084 -0.027120253071188926697 -0.041702531278133392334 -0.019145568832755088806 -0.039803799241781234741 -0.06187341734766960144 -0.067044302821159362793 -0.026322783902287483215 -0.019955696538090705872 -0.020537974312901496887 -0.017677215859293937683 -0.0032278480939567089081 0.008208860643208026886 -0.0012151899281889200211 -0.014240506105124950409 -0.010544303804636001587 -0.023499999195337295532 -0.041999999433755874634 -0.011018987745046615601
0.085784807801246643066 0.030829114839434623718 0.045993670821189880371 0.081689871847629547119 -0.023291138932108879089 0.34755063056945800781 0.35177215933799743652 -0.042544305324554443359 -0.064544305205345153809 0.009601266123354434967 0.042911391705274581909 -0.059569619596004486084 -0.034987341612577438354 -0.029772151261568069458 -0.033594936132431030273 -0.025493670254945755005 -0.034481011331081390381 -0.037265822291374206543 -0.026620253920555114746 -0.053443036973476409912 -0.045088607817888259888 -0.056297469884157180786 -0.058335442095994949341 -0.053702533245086669922 -0.054575949907302856445 -0.043455697596073150635 -0.0077658225782215595245 -0.04423417896032333374 -0.010145569220185279846 -0.024063291028141975403 -0.0015253165038302540779 0.0013544303365051746368 -0.021234177052974700928 -0.020765822380781173706 0.014272151514887809753 0.015588607639074325562 0.010765822604298591614 0.025816455483436584473 0.009664556942880153656 0.015253164805471897125 0.036715190857648849487 0.034550633281469345093 0.027550632134079933167
-0.072240509092807769775 0.025139240548014640808 0.039873417466878890991 -0.012563291005790233612 0.22462658584117889404 0.4377848207950592041 -0.021297467872500419617 0.01816455647349357605 0.042670886963605880737 -0.0065126582048833370209 -0.046284809708595275879 -0.033708859235048294067 -0.057310126721858978271 -0.0019620254170149564743 -0.004107594955712556839 -0.0061835441738367080688 -0.0079367086291313171387 -0.05614557117223739624 -0.02775949425995349884 -0.0072278482839465141296 -0.0030506330076605081558 -0.024310126900672912598 -0.011677214875817298889 -0.0086835445836186408997 0.025848101824522018433 -0.0071265823207795619965 0.0017341772327199578285 0.032962024211883544922 0.010265822522342205048 0.007481012493371963501 -0.0039303796365857124329 0.00078481010859832167625 0.035886075347661972046 0.065126582980155944824 0.011860759928822517395 -0.016702530905604362488 0.0090126581490039825439 0.028607595711946487427 0.041272152215242385864 0.05121519044041633606 0.039113923907279968262 0.059411391615867614746 0.029145570471882820129
0.12735442817211151123 0.082601264119148254395 0.20112657546997070312 0.27700632810592651367 0.47437974810600280762 0.050506327301263809204 0.081905066967010498047 0.018189873546361923218 -0.017101265490055084229 -0.024569619446992874146 -0.037291139364242553711 0.027835443615913391113 0.03258860856294631958 0.0034746835008263587952 -0.024873416870832443237 -0.040329113602638244629 -0.026917722076177597046 -0.0033544304315000772476 -0.019208861514925956726 0.0030316456686705350876 -0.0026708859950304031372 -0.016753165051341056824 -0.02613924071192741394 0.011373417451977729797 -0.014810126274824142456 -0.0050949365831911563873 -0.0053354431875050067902 -0.0029493670444935560226 0.014069620519876480103 0.037386074662208557129 0.016012657433748245239 0.021917721256613731384 -0.026746835559606552124 -0.063569620251655578613 -0.0077848099172115325928 0.032892405986785888672 -0.0093417717143893241882 -0.019999999552965164185 0.0015886075561866164207 0.005626582074910402298 -0.016449367627501487732 -0.021778481081128120422 -0.00086075952276587486267
0.0093037970364093780518 0.14334176480770111084 0.41897469758987426758 0.38320887088775634766 0.093056961894035339355 0.06812025606632232666 0.13056328892707824707 0.15467721223831176758 0.12515190243721008301 0.11260759830474853516 0.066949367523193359375 0.029563290998339653015 0.022107595577836036682 0.0053291139192879199982 0.003379746805876493454 0.003468354465439915657 0.011094937101006507874 -0.0078987339511513710022 0.019284810870885848999 -0.017531646415591239929 0.00627848086878657341 0.038329113274812698364 0.023278480395674705505 -0.020113924518227577209 0.015487342141568660736 0.020829113200306892395 0.020987341180443763733 0.020550632849335670471 -0.0013417721493169665337 -0.0050759492442011833191 0.01852531731128692627 -0.0060126581229269504547 -0.0068164556287229061127 -0.012069620192050933838 -0.002417721552774310112 -0.029468353837728500366 -0.0087974686175584793091 -0.033303797245025634766 -0.047398734837770462036 -0.062455695122480392456 -0.079240508377552032471 -0.055993672460317611694 -0.033537976443767547607
0 0.31500631570816040039 0.11264556646347045898 0.14675316214561462402 0.12458227574825286865 0.15297468006610870361 0.13317722082138061523 -0.0015189873520284891129 0.0053417719900608062744 0.046025317162275314331 0.021525315940380096436 0.031588606536388397217 0.0033227847889065742493 0.061240505427122116089 0.08370253443717956543 0.076094940304756164551 0.055177215486764907837 0.064424052834510803223 0.043487340211868286133 0.027708860114216804504 0.022797469049692153931 0.010696202516555786133 0.040101267397403717041 0.052107594907283782959 0.033569619059562683105 0.035708859562873840332 0.0098227849230170249939 -0.015689874067902565002 -0.0088101262226700782776 0.02587341703474521637 0.033386077731847763062 0.035000000149011611938 0.058379746973514556885 0.036569621413946151733 -0.0014873418258503079414 -0.0003227848210372030735 0.023031646385788917542 0.038493670523166656494 -0.017120253294706344604 0.050803799182176589966 0.059443037956953048706 0.01045569591224193573 -0.020506329834461212158
0.10843037813901901245 0.086575947701930999756 0.05075316503643989563 -0.080449365079402923584 -0.010651898570358753204 -0.11004430055618286133 -0.15421518683433532715 -0.063968352973461151123 -0.02815822698175907135 -0.034189872443675994873 -0.0033987341448664665222 0.0039050632622092962265 0.0064240507781505584717 0.0036012658383697271347 0.013962025754153728485 0.02140506356954574585 0.010196202434599399567 -0.022721519693732261658 -0.023335443809628486633 0.046810127794742584229 0.027341771870851516724 0.014715190045535564423 0.015974683687090873718 0.043335441499948501587 0.0648481026291847229 0.032481011003255844116 0.038208860903978347778 0.058835443109273910522 0.096626579761505126953 0.079734176397323608398 0.043367087841033935547 0.029721518978476524353 -0.012341772206127643585 0.053373418748378753662 0.084664553403854370117 0.081620253622531890869 0.060677215456962585449 0.055284809321165084839 0.05386708676815032959 0.029107594862580299377 0.069329112768173217773 0.077436707913875579834 0.065322786569595336914
0.26169618964195251465 0.085341773927211761475 0.042949367314577102661 -0.043379746377468109131 -0.11485443264245986938 -0.11490506678819656372 -0.12455695867538452148 -0.037348102778196334839 -0.032443039119243621826 -0.025860760360956192017 -0.067493669688701629639 -0.05667721480131149292 -0.027392404153943061829 -0.024031644687056541443 -0.049708861857652664185 -0.042379748076200485229 -0.026031645014882087708 0.00050000002374872565269 0.0054367086850106716156 0.014063291251659393311 -0.0020253164693713188171 0.0327911376953125 0.019367089495062828064 0.01272151898592710495 0.0013544303365051746368 0.027088606730103492737 0.019278481602668762207 0.027955695986747741699 -0.0061708861030638217926 -0.020411392673850059509 -0.0023037975188344717026 0.015550632961094379425 0.023829113692045211792 0.014664556831121444702 0.035297468304634094238 0.01565189845860004425 0.00082911393838003277779 0.023208860307931900024 0.026816455647349357605 0.014284810051321983337 -0.037531644105911254883 -0.0098481010645627975464 0.036373417824506759644
0.052721519023180007935 0.049405064433813095093 0.066753163933753967285 0.0030886076856404542923 -0.035645570605993270874 -0.061474684625864028931 -0.058462023735046386719 -0.083670884370803833008 -0.095645569264888763428 -0.065151900053024291992 -0.039354428648948669434 -0.015753164887428283691 -0.030816456303000450134 -0.062582276761531829834 -0.078810125589370727539 -0.10331645607948303223 -0.079234175384044647217 -0.066924050450325012207 -0.038784809410572052002 -0.059177216142416000366 -0.010601266287267208099 -0.0019746834877878427505 5.0632912461878731847e-05 -0.040911391377449035645 -0.059398733079433441162 -0.091139242053031921387 -0.046841770410537719727 -0.086246833205223083496 -0.076537974178791046143 -0.040373418480157852173 -0.026873417198657989502 -0.027905063703656196594 -0.0078797470778226852417 -0.021968353539705276489 -0.025493670254945755005 -0.032715190201997756958 -0.037063289433717727661 -0.038765821605920791626 -0.045525316148996353149 -0.011468354612588882446 0.012310126796364784241 -0.025386076420545578003 0.008202531374990940094
-0.2652721405029296875 -0.1161075979471206665 -0.11506329476833343506 -0.053132910281419754028 -0.0058734179474413394928 0.060594934970140457153 0.02223417721688747406 -0.037354432046413421631 -0.017373418435454368591 -0.049227848649024963379 -0.041518986225128173828 -0.058613922446966171265 -0.066012658178806304932 -0.012848101556301116943 -0.014132911339402198792 0.0035632911603897809982 -0.028177214786410331726 -0.020367087796330451965 -0.033708859235048294067 -0.066886074841022491455 -0.086829110980033874512 -0.10126582533121109009 -0.084284812211990356445 -0.036234177649021148682 -0.039550632238388061523 -0.024227848276495933533 -0.033424049615859985352 -0.034506328403949737549 -0.038886077702045440674 -0.017284810543060302734 -0.034962024539709091187 -0.042335443198680877686 -0.069354429841041564941 -0.042094938457012176514 -0.055658228695392608643 -0.033626582473516464233 -0.023930380120873451233 -0.020740507170557975769 -0.023873418569564819336 -0.0054620252922177314758 0.0066582276485860347748 0.034215189516544342041 0.017424050718545913696
-0.19882911443710327148 -0.13597469031810760498 -0.067341774702072143555 -0.060943037271499633789 -0.088430382311344146729 -0.057506330311298370361 -0.045886076986789703369 -0.049417722970247268677 -0.046113923192024230957 -0.047582279890775680542 -0.048772152513265609741 -0.047550633549690246582 -0.0063417721539735794067 -0.034639239311218261719 -0.00076582276960834860802 -0.014727847650647163391 -0.0086898738518357276917 0.0043101264163851737976 0.012651898898184299469 0.040822785347700119019 0.032677214592695236206 0.028822785243391990662 0.050848100334405899048 0.018734177574515342712 0.032215189188718795776 0.030911391600966453552 0.035740505903959274292 0.056430380791425704956 0.017310125753283500671 -0.042443037033081054688 -0.028481012210249900818 0.040379747748374938965 0.071677215397357940674 0.046316456049680709839 0.041613925248384475708 0.058582279831171035767 0.060272153466939926147 0.048860758543014526367 0.060563292354345321655 0.034025315195322036743 0.014278480783104896545 0.020924050360918045044 0.010170886293053627014
0 -0.15706329047679901123 -0.067816458642482757568 -0.074531644582748413086 -0.044550631195306777954 -0.090430378913879394531 -0.029892405495047569275 -0.011373417451977729797 -0.016860758885741233826 -0.010962025262415409088 0.010120253078639507294 0.0023987342137843370438 -0.023221518844366073608 -0.023474683985114097595 -0.023632911965250968933 0.0087405061349272727966 0.054784808307886123657 0.052050631493330001831 0.012335442937910556793 -0.0058987340889871120453 -0.0040506329387426376343 0.020949367433786392212 -0.010246835649013519287 -0.014917721971869468689 0.020037975162267684937 0.037740506231784820557 0.033955696970224380493 0.029006328433752059937 0.048658229410648345947 0.068974681198596954346 0.064841769635677337646 0.035063292831182479858 0.0089177219197154045105 0.008924050256609916687 0.029670886695384979248 0.034569621086120605469 0.011531645432114601135 0.03913924098014831543 0.069658227264881134033 0.051164556294679641724 0.027772152796387672424 0.014879747293889522552 -0.012569620274007320404
0 0.075917720794677734375 -0.056981012225151062012 -0.04691772162914276123 -0.010721518658101558685 0.01578480936586856842 -0.044708859175443649292 -0.049588605761528015137 0.0034050631802529096603 0.0062531647272408008575 -0.037126582115888595581 -0.050670884549617767334 -0.04145569726824760437 -0.011348101310431957245 -0.020550632849335670471 -0.039544302970170974731 -0.064905062317848205566 -0.08572152256965637207 -0.065101265907287597656 -0.05991772189736366272 -0.045613925904035568237 -0.063550636172294616699 -0.05724050477147102356 -0.076189875602722167969 -0.080924049019813537598 -0.038493670523166656494 -0.056417722254991531372 -0.050468355417251586914 -0.036424051970243453979 -0.013772152364253997803 -0.014955696649849414825 -0.040101267397403717041 -0.046487342566251754761 -0.033569619059562683105 -0.064759492874145507812 -0.078936710953712463379 -0.060310125350952148438 -0.09555063396692276001 -0.10203164815902709961 -0.087936706840991973877 -0.053126581013202667236 -0.059670887887477874756 -0.0273607596755027771
0 0.021683543920516967773 -0.069455698132514953613 -0.075772151350975036621 -0.09843670576810836792 -0.07382278144359588623 -0.067386075854301452637 -0.088335439562797546387 -0.13079114258289337158 -0.13597469031810760498 -0.13133543729782104492 -0.11470886319875717163 -0.11291139572858810425 -0.13408860564231872559 -0.1364240497350692749 -0.12625949084758758545 -0.11288607865571975708 -0.11212658137083053589 -0.11894303560256958008 -0.10075316578149795532 -0.093936711549758911133 -0.11349999904632568359 -0.10211392492055892944 -0.092696204781532287598 -0.094025313854217529297 -0.13829746842384338379 -0.12650632858276367188 -0.11924683302640914917 -0.14646835625171661377 -0.16084809601306915283 -0.16151899099349975586 -0.15707595646381378174 -0.14437974989414215088 -0.14089240133762359619 -0.1467151939868927002 -0.12403164803981781006 -0.14341139793395996094 -0.13744303584098815918 -0.11910126358270645142 -0.10294936597347259521 -0.11127848178148269653 -0.096164554357528686523 -0.10644304007291793823
-0.036506328731775283813 -0.061278481036424636841 -0.14918987452983856201 -0.053974684327840805054 -0.11418354511260986328 -0.1345949321985244751 -0.12273417413234710693 -0.11755695939064025879 -0.12942405045032501221 -0.14913290739059448242 -0.12930379807949066162 -0.10849367082118988037 -0.10736709088087081909 -0.090791136026382446289 -0.10684809833765029907 -0.1173607558012008667 -0.13066455721855163574 -0.11029747128486633301 -0.085841774940490722656 -0.10749366879463195801 -0.13808861374855041504 -0.10770886391401290894 -0.057329114526510238647 -0.04791139066219329834 -0.065556958317756652832 -0.094658225774765014648 -0.11896202713251113892 -0.11514557152986526489 -0.087183542549610137939 -0.09562025219202041626 -0.087905064225196838379 -0.061278481036424636841 -0.081221520900726318359 -0.071373417973518371582 -0.082094937562942504883 -0.091905064880847930908 -0.079145573079586029053 -0.069708861410617828369 -0.067455694079399108887 -0.07453797757625579834 -0.077145569026470184326 -0.088240504264831542969 -0.093664556741714477539
0 0 0.00091139238793402910233 -0.13162025809288024902 -0.15188607573509216309 -0.11710759252309799194 -0.11550000309944152832 -0.069860756397247314453 -0.069683544337749481201 -0.077943034470081329346 -0.063405066728591918945 -0.072018988430500030518 -0.096386075019836425781 -0.10991772264242172241 -0.089772149920463562012 -0.090367086231708526611 -0.080246835947036743164 -0.1079050600528717041 -0.11108227819204330444 -0.10246202349662780762 -0.11475949734449386597 -0.13622784614562988281 -0.19312658905982971191 -0.18012025952339172363 -0.11904430389404296875 -0.10000000149011611938 -0.085082277655601501465 -0.070037975907325744629 -0.082949370145797729492 -0.099151901900768280029 -0.093607597053050994873 -0.11804430186748504639 -0.0951519012451171875 -0.095867089927196502686 -0.085746832191944122314 -0.056284811347723007202 -0.060386076569557189941 -0.079683542251586914062 -0.08887341618537902832 -0.10365189611911773682 -0.1023987308144569397 -0.086727850139141082764 -0.092056959867477416992
