input_spatial_layers/oceanic_currents_v_1deg.asc
ncols        360
nrows        172
xllcorner    -180
yllcorner    -82
cellsize     1
NODATA_value  -9999
[rows 95 to 113 of 172, columns 126 to 167 of 360]
0 0 0 0 0 0 0 0 0 0 0 0 0 0 0 0 0 0 0 0.33440506458282470703 0.033867087215185165405 0.039620254188776016235 0.031917721033096313477 0.048227846622467041016 0.042753163725137710571 0.033670887351036071777 0.034841772168874740601 0.022354429587721824646 0.028930379077792167664 0.059879746288061141968 0.065626583993434906006 0.044158227741718292236 0.030537974089384078979 0.017329113557934761047 0.027107594534754753113 0.042474683374166488647 0.038455694913864135742 0.046873416751623153687 0.044075950980186462402 0.032841771841049194336 0.028968354687094688416 0.037436708807945251465
0 0 0 0 0 0 0 0 0 0 0 0 0 0 0 0 0 0 0 0.26236709952354431152 0.04182278364896774292 0.0076012657955288887024 0.050139240920543670654 0.010240506380796432495 0.033075951039791107178 0.041651897132396697998 0.036746837198734283447 0.028810126706957817078 0.043348100036382675171 0.048848100006580352783 0.036202531307935714722 0.029259493574500083923 0.039873417466878890991 0.022278480231761932373 0.027829114347696304321 0.041335444897413253784 0.03315189853310585022 0.033126581460237503052 0.03325316309928894043 0.038240507245063781738 0.04165822640061378479 0.043069619685411453247
0 0 0 0 0 0 0 0 0 0 0 0 0 0 0 0 0 0 0 0.11172784864902496338 0.074955694377422332764 0.050645571202039718628 0.0050506331026554107666 0.029411392286419868469 0.028360759839415550232 0.039202529937028884888 0.028126582503318786621 0.023069620132446289062 0.035177215933799743652 0.035759493708610534668 0.024974683299660682678 0.032613925635814666748 0.045651897788047790527 0.043272152543067932129 0.031734175980091094971 0.032398734241724014282 0.020784810185432434082 0.033765822649002075195 0.034683544188737869263 0.03854430466890335083 0.040006328374147415161 0.035550631582736968994
0 0 0 0 0 0 0 0 0 0 0 0 0 0 0 0 0 0 0 0.16316455602645874023 0.07153164595365524292 -0.0017531645717099308968 -0.013215189799666404724 0.020227847620844841003 0.032101266086101531982 0.049189873039722442627 0.018987340852618217468 0.0040632910095155239105 0.027930378913879394531 0.037322785705327987671 0.038632910698652267456 0.031867086887359619141 0.031443037092685699463 0.018962025642395019531 0.037151899188756942749 0.034556962549686431885 0.033202532678842544556 0.032873418182134628296 0.024645568802952766418 0.03262025490403175354 0.046620253473520278931 0.027569619938731193542
0 0 0 0 0 0 0 0 0 0 0 0 0 0 0 0 0 0 0.12401265650987625122 0.099968351423740386963 0.016031645238399505615 0.015601266175508499146 0.01512025296688079834 0.020278481766581535339 0.029189873486757278442 0.032512657344341278076 0.024784810841083526611 0.027012657374143600464 0.030360760167241096497 0.022379746660590171814 0.029841771349310874939 0.012506329454481601715 0.026974683627486228943 0.028493670746684074402 0.02127215266227722168 0.033031646162271499634 0.033411391079425811768 0.02948101237416267395 0.028341772034764289856 0.028569620102643966675 0.030291140079498291016 0.039778482168912887573
0 0 0 0 0 0 0 0 0 0 0 0 0 0 0 0 0 0.050354428589344024658 0.10029114037752151489 0.017886076122522354126 0.0055822785943746566772 0.027025315910577774048 0.0074620251543819904327 0.042772151529788970947 0.012943037785589694977 0.026284810155630111694 0.018075948581099510193 0.028291139751672744751 0.027721518650650978088 0.032031644135713577271 0.031120253726840019226 0.033955696970224380493 0.013981012627482414246 0.032708860933780670166 0.032088607549667358398 0.024898733943700790405 0.027993671596050262451 0.028917722404003143311 0.023822784423828125 0.042765822261571884155 0.014468354173004627228 0.032715190201997756958
0 0 0 0 0 0 0 0 0 0 0 0 0 0 0 0 0 0.080227844417095184326 0.0087531646713614463806 -0.034518986940383911133 0.026778481900691986084 0.021424051374197006226 0.032037973403930664062 0.018772151321172714233 0.009607595391571521759 0.03801898658275604248 0.016398733481764793396 0.032139241695404052734 0.028392404317855834961 0.019740507006645202637 0.021335443481802940369 0.01753797382116317749 0.03530379757285118103 0.039234176278114318848 0.030886076390743255615 0.029145570471882820129 0.026234177872538566589 0.020734177902340888977 0.022784810513257980347 0.043791137635707855225 0.033860757946968078613 0.026215190067887306213
0 0 0 0 0 0 0 0 0 0 0 0 0 0 0 0 0.067449368536472320557 -0.0036962025333195924759 -0.0044810124672949314117 0.021632911637425422668 0.022905062884092330933 0.015569619834423065186 0.030208861455321311951 0.0031645570416003465652 0.019708860665559768677 0.028316454961895942688 0.014721519313752651215 0.024259492754936218262 0.026582278311252593994 0.024746835231781005859 0.016689874231815338135 0.033006329089403152466 0.030626581981778144836 0.02921519055962562561 0.035936709493398666382 0.014183544553816318512 0.02851898781955242157 0.032518986612558364868 0.025291139259934425354 0.034867089241743087769 0.026810126379132270813 0.016721518710255622864
0 0 0 0 0 0 0 0 0 0 0 0 0 0 0 0.10881012678146362305 0.055107593536376953125 -0.020177215337753295898 -0.019468354061245918274 0.028588607907295227051 0.014436708763241767883 0.0065316455438733100891 0.032670885324478149414 0.018816456198692321777 0.02319620177149772644 0.020170886069536209106 0.020012658089399337769 0.018797468394041061401 0.026632910594344139099 0.021050631999969482422 0.031088607385754585266 0.029784809798002243042 0.016189873218536376953 0.017765821889042854309 0.03570253029465675354 0.022329114377498626709 0.026481011882424354553 0.034822784364223480225 0.016075950115919113159 0.028373418375849723816 0.020303796976804733276 0.026772152632474899292
0 0 0 0 0 0 0 0 0 0 0 0 0 0 0 0.074645571410655975342 0.062025316059589385986 0.010575949214398860931 0.0093670887872576713562 0.016208861023187637329 0.0051139239221811294556 0.031354431062936782837 0.016481012105941772461 0.013050632551312446594 0.016291139647364616394 0.011835442855954170227 0.015696203336119651794 0.03589873388409614563 0.02372151985764503479 0.02415189892053604126 0.028031645342707633972 0.02395569533109664917 0.030063292011618614197 0.027487341314554214478 0.023753164336085319519 0.020594935864210128784 0.022905062884092330933 0.015316455624997615814 0.026708859950304031372 0.029202532023191452026 0.01306962035596370697 0.020436709746718406677
0 0 0 0 0 0 0 0 0 0 0 0 0 0 0 0.0036772151943296194077 0.047265823930501937866 0.030056962743401527405 0.028006328269839286804 -0.0085886074230074882507 -0.0022974682506173849106 0.016601266339421272278 0.01417721528559923172 0.012854430824518203735 0.024886075407266616821 0.026879746466875076294 0.026373418048024177551 0.027018986642360687256 0.018468353897333145142 0.024841772392392158508 0.024544304236769676208 0.022670885547995567322 0.030860759317874908447 0.015164556913077831268 0.024183543398976325989 0.032069619745016098022 0.017322784289717674255 0.021278481930494308472 0.023037973791360855103 0.025063291192054748535 0.019639240577816963196 0.027531646192073822021
0 0 0 0 0 0 0 0 0 0 0 0 0 0 0 0.023487342521548271179 -0.051424048840999603271 0.022221518680453300476 0.022569620981812477112 0.0014113923534750938416 0.0012721519451588392258 0.029139241203665733337 0.00044936710037291049957 0.021892404183745384216 0.021518986672163009644 0.018664557486772537231 0.018822785466909408569 0.011284810490906238556 0.014386075548827648163 0.021259494125843048096 0.022835442796349525452 0.029500000178813934326 0.02448101341724395752 0.015012658201158046722 0.017278481274843215942 0.035493671894073486328 0.021183544769883155823 0.019613923504948616028 0.014816455543041229248 0.02210126630961894989 0.02398734167218208313 0.018936708569526672363
0 0 0 0 0 0 0 0 0 0 0 0 0 0 0 0.0018291139276698231697 -0.023620253428816795349 0.013044304214417934418 -0.0060632913373410701752 -0.0059810127131640911102 0.018398733809590339661 0.036658227443695068359 0.019031645730137825012 0.019936708733439445496 0.010278481058776378632 0.013000000268220901489 0.01713924109935760498 0.014999999664723873138 0.012740506790578365326 0.018474683165550231934 0.020829113200306892395 0.029594937339425086975 0.026696203276515007019 0.01447468344122171402 0.017822785302996635437 0.015873417258262634277 0.025860760360956192017 0.015620253048837184906 0.017265822738409042358 0.014417721889913082123 0.014145569875836372375 0.024265822023153305054
0 0 0 0 0 0 0 0 0 0 0 0 0 0 -0.097892403602600097656 0.04803797602653503418 -0.091189876198768615723 0.029158227145671844482 -0.012183544225990772247 -0.0016455695731565356255 0.0048481011763215065002 -0.0016329113859683275223 0.024544304236769676208 0.016854429617524147034 0.0079873418435454368591 0.010329114273190498352 0.021126581355929374695 0.0079873418435454368591 0.01431012619286775589 0.017607595771551132202 0.018753165379166603088 0.028474682942032814026 0.016272151842713356018 0.015588607639074325562 0.018734177574515342712 0.012278481386601924896 0.025911392644047737122 0.017329113557934761047 0.014120252802968025208 0.02177215181291103363 0.018443038687109947205 0.017367089167237281799
0 0 0 0 0 0 0 0 0 0 0 0 0 0 -0.10386709123849868774 -0.013797468505799770355 -0.11060759425163269043 0.04436708986759185791 0.00092405063332989811897 0.028639240190386772156 -0.00053797470172867178917 0.00075316458242014050484 0.0093797463923692703247 0.017367089167237281799 0.0041392403654754161835 0.0091392407193779945374 0.011683544144034385681 0.0088924048468470573425 0.011974683962762355804 0.0072784810326993465424 0.012563291005790233612 0.01740506291389465332 0.021949367597699165344 0.013544303365051746368 0.013449367135763168335 0.011272151954472064972 0.020791139453649520874 0.021613923832774162292 0.021481012925505638123 0.011924050748348236084 0.018651898950338363647 0.018367089331150054932
0 0 0 0 0 0 0 0 0 0 0 0 0 0 -0.009651898406445980072 -0.05972151830792427063 -0.02643670886754989624 -0.026183543726801872253 0.05002531781792640686 -0.03080379776656627655 0.022215189412236213684 0.0099430382251739501953 0.0012848101323470473289 0.016829114407300949097 0.016088606789708137512 0.0084050633013248443604 0.0046455697156488895416 0.015259494073688983917 0.010860759764909744263 0.00046202531666494905949 0.0087468354031443595886 0.0090759489685297012329 0.016962025314569473267 0.016765823587775230408 0.0055696200579404830933 0.0093481009826064109802 0.011227848008275032043 0.022879747673869132996 0.019867088645696640015 0.0088037978857755661011 0.026575949043035507202 0.013253164477646350861
0 0 0 0 0 0 0 0 0 0 0 0 0 -0.1005063280463218689 -0.052006330341100692749 0.020037975162267684937 -0.016164556145668029785 0.0014303796924650669098 0.027911392971873283386 -0.0045569618232548236847 -0.0098607596009969711304 0.010493670590221881866 0.017202531918883323669 0.0069810128770768642426 0.015791138634085655212 -0.0014177215052768588066 0.0043797469697892665863 0.011531645432114601135 0.020886076614260673523 0.013101265765726566315 0.00899999961256980896 0.0058291140012443065643 0.0093544302508234977722 0.0097215194255113601685 0.008860759437084197998 0.018145570531487464905 0.023265821859240531921 0.015841772779822349548 0.0062088607810437679291 0.008227848447859287262 0.016221519559621810913 0.020917721092700958252
0 0 0 0 0 0 0 0 0 0 0 0 -0.00011392404849175363779 -0.19972151517868041992 -0.062753163278102874756 0.021474683657288551331 -0.013702531345188617706 0.0041329115629196166992 0.012746835127472877502 -0.0026329113170504570007 0.01290506310760974884 0.011670886538922786713 0.0035886075347661972046 0.0032594937365502119064 0.0028037973679602146149 0.0081708859652280807495 0.014683544635772705078 0.0061772153712809085846 0.0021835442166775465012 0.0092721516266465187073 0.010563290677964687347 0.0019177214708179235458 0.0099430382251739501953 0.017398733645677566528 0.018430380150675773621 0.012759493663907051086 0.0082341767847537994385 0.0073481011204421520233 0.014000000432133674622 0.01660759560763835907 0.01770253106951713562 0.014031645841896533966
0 0 0 0 0 0 0 0 0 -0.050911393016576766968 -0.045892406255006790161 0.031348101794719696045 -0.19260126352310180664 -0.05343670770525932312 0.025746835395693778992 -0.012132911011576652527 0.0065632909536361694336 -0.00023417721968144178391 0.013632911257445812225 0.0024303798563778400421 0.010531645268201828003 0.021898733451962471008 0.0076518985442817211151 -0.00013924051017966121435 0.0084936711937189102173 0.0030316456686705350876 0.013772152364253997803 0.0014620253350585699081 -0.0017974684014916419983 0.0095822783187031745911 0.014367088675498962402 0.00070253165904432535172 0.0035316455177962779999 0.018797468394041061401 0.01015822775661945343 0.0072341770865023136139 0.0019367088098078966141 0.018221519887447357178 0.01431012619286775589 0.01027215179055929184 0.006753164343535900116 0.019145568832755088806
