input_spatial_layers/oceanic_currents_v_1deg.asc
ncols        360
nrows        172
xllcorner    -180
yllcorner    -82
cellsize     1
NODATA_value  -9999
[rows 114 to 132 of 172, columns 0 to 41 of 360]
-0.011120253242552280426 0.066993668675422668457 -0.049056962132453918457 -0.027822785079479217529 0.0047848103567957878113 0.015379746444523334503 -0.018297469243407249451 0.028772151097655296326 0.041272152215242385864 -0.015424050390720367432 0.050993669778108596802 0.036101266741752624512 -0.067822784185409545898 0.022455696016550064087 0.019822785630822181702 -0.027367088943719863892 0.028253164142370223999 0.0062531647272408008575 -0.0044683543965220451355 -0.034082278609275817871 0.0069240508601069450378 0.027556961402297019958 -0.019240505993366241455 -0.010854430496692657471 0.0482405051589012146 -0.05032278597354888916 0.041613925248384475708 0.036411393433809280396 -0.042113922536373138428 0.00086075952276587486267 -0.048816457390785217285 0.01975316368043422699 0.013867088593542575836 -0.0024493671953678131104 0.0095506329089403152466 0.0051202531903982162476 -0.0053227846510708332062 -0.0041518989019095897675 -0.000563291134312748909 0.018044304102659225464 -0.020101265981793403625 -0.015765823423862457275
-0.020949367433786392212 0.029829114675521850586 -0.013949367217719554901 0.0095316451042890548706 -0.031398735940456390381 0.023715190589427947998 0.011955696158111095428 0.017227848991751670837 0.0049430378712713718414 -0.0065822782926261425018 0.022740505635738372803 0.02018354460597038269 -0.028841773048043251038 0.01886075921356678009 0.0056139240041375160217 -0.015772152692079544067 0.016778480261564254761 0.01419620215892791748 0.026360759511590003967 -0.028360759839415550232 0.022968353703618049622 0.028797468170523643494 -0.029474683105945587158 0.0082784807309508323669 0.034879747778177261353 -0.052018988877534866333 -0.034044302999973297119 0.0017215190455317497253 0.021898733451962471008 -0.0076708858832716941833 -0.022708861157298088074 -0.0096202529966831207275 0.029683545231819152832 -0.0089177219197154045105 0.0024999999441206455231 -0.046702530235052108765 0.019208861514925956726 0.013354429975152015686 -0.04503164440393447876 0.0029240506701171398163 0.024544304236769676208 0.010012658312916755676
-0.032000001519918441772 -0.0095189874991774559021 0.026088608428835868835 0.0072848103009164333344 -0.00041772151598706841469 0.018272152170538902283 0.034810125827789306641 -0.024797467514872550964 -0.014202531427145004272 0.0041835443116724491119 0.010544303804636001587 -0.011215189471840858459 -0.0081582274287939071655 0.00022151898883748799562 0.0113164559006690979 -0.018613923341035842896 -0.01517088618129491806 0.0014177215052768588066 0.020050633698701858521 -0.0056708860211074352264 0.028044303879141807556 0.023911392316222190857 0.0069493670016527175903 -0.035348102450370788574 0.039892405271530151367 0.023645570501685142517 -0.00741139240562915802 -0.024335442110896110535 -0.023594936355948448181 0.012797468341886997223 -0.004829113837331533432 0.019924050197005271912 -0.0023481012322008609772 -0.016974683851003646851 -0.0074493670836091041565 -0.040626581758260726929 0.012316456064581871033 0.028120253235101699829 -0.044189874082803726196 -0.023335443809628486633 0.037829112261533737183 0.0034556961618363857269
-0.057234175503253936768 0.004430379718542098999 0.0035822784993797540665 -0.054898735135793685913 0.029835443943738937378 0.043499998748302459717 0.0011835442855954170227 0.020177215337753295898 -0.02610759437084197998 -0.016588607802987098694 0.0081012658774852752686 -0.021664556115865707397 -0.0065696202218532562256 0.031253162771463394165 -0.0056645567528903484344 -0.024550633504986763 0.00030379748204723000526 0.017696201801300048828 0.015753164887428283691 -0.018816456198692321777 0.02081012725830078125 0.003139240434393286705 0.023886075243353843689 0.0018101265886798501015 -0.0068481010384857654572 0.03583544120192527771 0.0073354430496692657471 0.0068607595749199390411 -0.00059493671869859099388 -0.0021139241289347410202 -0.021050631999969482422 0.003215189790353178978 -0.01096835453063249588 0.033981014043092727661 -0.026183543726801872253 -0.025291139259934425354 -0.0045316456817090511322 0.02627215161919593811 0.0070632910355925559998 -0.019512658938765525818 -0.013297468423843383789 0.016848100349307060242
-0.045867089182138442993 0.035639241337776184082 0.020145568996667861938 -0.043050631880760192871 0.025139240548014640808 -0.036272153258323669434 -0.038259495049715042114 0.047240506857633590698 -0.010037974454462528229 -0.013006329536437988281 0.024202531203627586365 -0.017443038523197174072 -0.0030506330076605081558 -0.0090759489685297012329 0.0235253162682056427 0.0094936704263091087341 0.01578480936586856842 0.026113923639059066772 0.013056961819529533386 0.019886076450347900391 -0.047006327658891677856 0.0095189874991774559021 0.067500002682209014893 -0.04218354448676109314 -0.059746835380792617798 0.030500000342726707458 0.032341770827770233154 0.012974683195352554321 0.0029746836517006158829 0.0063164555467665195465 0.012924050912261009216 -0.010379746556282043457 -0.022594936192035675049 0.025677215307950973511 -0.010721518658101558685 0.024987341836094856262 -0.020835442468523979187 0.010120253078639507294 0.0021329114679247140884 -0.056240506470203399658 0.02385443076491355896 0.034569621086120605469
0.0076329112052917480469 0.061284810304641723633 0.013291139155626296997 -0.011670886538922786713 0.059215188026428222656 -0.018854429945349693298 -0.0041582277044653892517 0.020588608458638191223 -0.0017848100978881120682 -0.016594937071204185486 -0.012056961655616760254 0.0059303799644112586975 -0.046905063092708587646 -0.020974682644009590149 0.033367089927196502686 -0.0030759493820369243622 0.011632910929620265961 0.014778480865061283112 0.024379746988415718079 0.019911391660571098328 -0.021493671461939811707 0.0022088608238846063614 0.01253797486424446106 -0.0092088608071208000183 -0.020101265981793403625 0.0043670884333550930023 -0.04158860817551612854 0.01143037993460893631 0.0076962024904787540436 0.016253164038062095642 -0.0047215190716087818146 -0.0050632911734282970428 0.014430379495024681091 -0.026835443452000617981 -0.010443038307130336761 0.061297468841075897217 -0.0092278476804494857788 -0.032974682748317718506 0.033500000834465026855 -0.015892405062913894653 -0.0051772152073681354523 0.019449366256594657898
0.012341772206127643585 0.0066518988460302352905 -0.047518987208604812622 0.025379747152328491211 0.040037974715232849121 0.03550000116229057312 0.019601264968514442444 -0.023474683985114097595 0.00022784809698350727558 -0.031094936653971672058 -0.013696202076971530914 -0.0068354429677128791809 0.028746835887432098389 0.0060189873911440372467 -0.015962025150656700134 -0.0132341776043176651 -0.0035316455177962779999 0.019962025806307792664 0.00050632911734282970428 -0.008126582019031047821 0.0076392404735088348389 0.010259493254125118256 -0.016367089003324508667 0.028905063867568969727 -0.0038924049586057662964 0.016417721286416053772 -0.047962024807929992676 -0.030246835201978683472 0.0098670888692140579224 0.030031645670533180237 -0.0096139237284660339355 0.015696203336119651794 -0.00055696204071864485741 -0.046215191483497619629 0.00025316455867141485214 -0.0003227848210372030735 0.026746835559606552124 -0.026936708018183708191 -0.0049177217297255992889 0.011196202598512172699 -0.016170885413885116577 -0.019993670284748077393
-0.011405062861740589142 0.035158228129148483276 -0.031449366360902786255 -0.015208860859274864197 -0.0036329114809632301331 -0.0050379745662212371826 0.023088607937097549438 -0.0060443039983510971069 -0.015537974424660205841 0.019430380314588546753 -0.0025316455867141485214 -0.02981012687087059021 0.03123417682945728302 -0.016734177246689796448 -0.019367089495062828064 -0.0012531646061688661575 0.019569620490074157715 0.0036835442297160625458 -0.014379747211933135986 -0.043462026864290237427 0.039822783321142196655 -0.0075822784565389156342 0.020683543756604194641 0.0042025316506624221802 0.0045822784304618835449 0.019215190783143043518 -0.027512658387422561646 -0.0064177215099334716797 0.017044303938746452332 0.012924050912261009216 -5.0632912461878731847e-05 0.013493671081960201263 -0.027898734435439109802 0.0075759491883218288422 0.019601264968514442444 -0.03546835482120513916 -0.018234176561236381531 0.025139240548014640808 -0.0064746835269033908844 -0.030392404645681381226 0.010765822604298591614 0.01096835453063249588
0.0070759495720267295837 0.024506328627467155457 0.018620252609252929688 0.0028227847069501876831 -0.015715189278125762939 -0.013518987223505973816 -0.010829114355146884918 0.019367089495062828064 -0.020018987357616424561 0.0076139238663017749786 -0.017696201801300048828 -0.024677215144038200378 0.01565189845860004425 -0.0038037975318729877472 -0.0016329113859683275223 0.01341772172600030899 -0.0036898734979331493378 0.001531645539216697216 -0.010829114355146884918 -0.0089177219197154045105 0.01447468344122171402 -0.010911392048001289368 0.013487341813743114471 -0.0039810128509998321533 0.0026139239780604839325 0.0052215191535651683807 0.010892405174672603607 0.01614557020366191864 0.0088417725637555122375 0.010525315999984741211 -0.027050632983446121216 0.01144936680793762207 0.023088607937097549438 -0.0072784810326993465424 1.7566820193127929053e-18 -0.027430379763245582581 -0.0036772151943296194077 0.0073481011204421520233 -0.018189873546361923218 -0.008272151462733745575 0.01110126543790102005 0.014512658119201660156
-0.00019620252714958041906 0.047424051910638809204 -0.011544303968548774719 -0.010974683798849582672 -0.0052848099730908870697 0.016943037509918212891 -0.0038987342268228530884 0.00022784809698350727558 0.016056962311267852783 -0.011468354612588882446 -0.0057974681258201599121 -0.0072025316767394542694 0.00021518988069146871567 -0.014354430139064788818 0.01336708851158618927 -0.015474683605134487152 0.0010379747254773974419 0.0047341771423816680908 -0.0023037975188344717026 -0.00041139239328913390636 0.0063291140832006931305 0.0069746836088597774506 -0.022740505635738372803 0.0028227847069501876831 0.012778481468558311462 -0.0034050631802529096603 0.001531645539216697216 -0.013012657873332500458 0.015246835537254810333 0.0040443036705255508423 0.0057974681258201599121 -0.0024936709087342023849 0.005892405286431312561 0.0048544304445385932922 -0.023759493604302406311 0.012107594870030879974 0.0031329113990068435669 -0.0036329114809632301331 0.023088607937097549438 0.0046708858571946620941 -0.018297469243407249451 -0.0048227850347757339478
0.0051012658514082431793 0.056354429572820663452 -0.072075948119163513184 0.013512657955288887024 -0.00075316458242014050484 0.022569620981812477112 0.0007341772434301674366 -0.010170886293053627014 -0.0075886077247560024261 0.031354431062936782837 0.025911392644047737122 -0.017620252445340156555 -0.019664557650685310364 -0.018417721614241600037 0.024379746988415718079 -0.025348100811243057251 -0.011981012299656867981 -0.0044873417355120182037 0.016341771930456161499 0.0031645570416003465652 -0.0079430378973484039307 -0.011670886538922786713 -0.01080379728227853775 -0.013898734003305435181 0.022740505635738372803 0.0053354431875050067902 -0.012170885689556598663 0.026113923639059066772 -0.00018987341900356113911 -0.025126582011580467224 0.029063291847705841064 0.0007151898462325334549 -0.012120253406465053558 0.019898734986782073975 -0.022424051538109779358 0.0099493674933910369873 -0.012930380180478096008 0.0076202531345188617706 -0.0024810126051306724548 0.019632911309599876404 -0.0061518987640738487244 -0.022626582533121109009
0.039474684745073318481 0.09247468411922454834 -0.048962026834487915039 -0.016101265326142311096 0.022132910788059234619 0.010949366725981235504 0.010348101146519184113 0.01108227856457233429 -0.00096202531130984425545 0.0075253164395689964294 0.001050632912665605545 0.0013860759790986776352 -0.020607594400644302368 0.0099936705082654953003 0.026879746466875076294 -0.021651899442076683044 0.0049430378712713718414 -0.01436075940728187561 0.0019240506226196885109 0.0012784809805452823639 -0.0080696204677224159241 0.0038291139062494039536 -0.023468354716897010803 -0.0017531645717099308968 -0.00082911393838003277779 -0.017392404377460479736 0.0028670886531472206116 0.020715190097689628601 0.010468354448676109314 0.014120252802968025208 -0.014398734085261821747 -0.0023481012322008609772 -0.0084493672475218772888 0.010189873166382312775 0.00081645569298416376114 -0.023018987849354743958 -0.0011582277948036789894 0.0021012658253312110901 0.022082278504967689514 -8.2278478657826781273e-05 -0.0074620251543819904327 0.011272151954472064972
0.069481015205383300781 0.025569619610905647278 -0.012284809723496437073 0.028898734599351882935 0.008215189911425113678 -0.0053544305264949798584 0.0029113923665136098862 -0.0011075949296355247498 -0.0037594935856759548187 0.0084240501746535301208 -0.0071582277305424213409 0.016829114407300949097 -0.0045379744842648506165 -0.0027784809935837984085 -0.00089240504894405603409 0.0056455694139003753662 0.0076455697417259216309 -0.012778481468558311462 -0.00037974683800712227821 -0.00022784809698350727558 0.00046835443936288356781 -0.0011202531168237328529 0.0051075951196253299713 0.018613923341035842896 0.0033164557535201311111 -0.0034873418044298887253 -0.0042341770604252815247 -0.0067848102189600467682 -0.011816455982625484467 0.008132911287248134613 -0.0065189874731004238129 -0.0083481008186936378479 0.01032278500497341156 -0.022088607773184776306 0.021449366584420204163 -0.0049556964077055454254 0.00014556961832568049431 0.0092658223584294319153 -0.00082278478657826781273 -0.024689873680472373962 -0.00051898736273869872093 -0.033784810453653335571
0.022240506485104560852 -0.017810126766562461853 0.0007151898462325334549 0.023405063897371292114 -0.0045506330206990242004 -0.0057784807868301868439 0.032462026923894882202 0.010613923892378807068 -0.00093037972692400217056 -0.0086202528327703475952 0.0016455695731565356255 0.0024999999441206455231 0.010101266205310821533 -0.023974683135747909546 0.004430379718542098999 0.0069810128770768642426 0.0057974681258201599121 0.012962025590240955353 -0.017670886591076850891 0.00208860752172768116 -0.00093670887872576713562 -0.0067215189337730407715 0.00012025316391373053193 0.013278480619192123413 0.0056962026283144950867 0.0044493670575320720673 -0.0016645569121465086937 0.018658228218555450439 -0.0031012657564133405685 0.022094937041401863098 -0.0031835443805903196335 -0.011873417533934116364 0.020468354225158691406 -0.0099936705082654953003 0.00096202531130984425545 -0.018651898950338363647 0.019196202978491783142 0.0018354430794715881348 -0.0077911391854286193848 0.0093607595190405845642 -0.0033164557535201311111 -0.047569621354341506958
-0.024132911115884780884 0.0046772151254117488861 0.018829114735126495361 -0.0026708859950304031372 -0.001367088640108704567 0.0031202530954033136368 0.0074999998323619365692 0.019683543592691421509 0.0099493674933910369873 -0.00051265821093693375587 0.0011962025891989469528 -0.024215189740061759949 0.019348101690411567688 0.012500000186264514923 0.0058670886792242527008 0.017829114571213722229 -0.01110126543790102005 0.017170885577797889709 -0.0047848103567957878113 -0.018999999389052391052 -0.0019113924354314804077 -0.015746835619211196899 0.00055696204071864485741 -0.00065189873566851019859 0.0087278485298156738281 -0.0013417721493169665337 -0.0022721518762409687042 0.013221519067883491516 0.00081012659939005970955 0.02272784896194934845 0.017500000074505805969 -0.00042405063868500292301 0.002177215181291103363 0.0033417721278965473175 -0.015132911503314971924 0.0037215189076960086823 0.0080759497359395027161 0.0026075949426740407944 -0.0016012658597901463509 0.0044430377893149852753 -1.8987342627951875329e-05 -0.010234177112579345703
0.00208860752172768116 -0.010588607750833034515 0.021841771900653839111 0.020531645044684410095 0.0054367086850106716156 0.034943036735057830811 -0.011810126714408397675 0.0027911392971873283386 0.0092658223584294319153 0.018708860501646995544 0.0021582278423011302948 0.00053797470172867178917 0.0018101265886798501015 0.00044936710037291049957 0.0095822783187031745911 -0.01517088618129491806 0.00449999980628490448 0.010183543898165225983 0.00069620250724256038666 0.00053797470172867178917 0.0050569619052112102509 0.012000000104308128357 -0.004829113837331533432 -0.0059873419813811779022 -0.0045569618232548236847 0.0086835445836186408997 0.0097658224403858184814 0.0061012660153210163116 0.0113164559006690979 0.0085253166034817695618 -0.0071329115889966487885 0.0073860757984220981598 0.013265823014080524445 0.0043544303625822067261 0.0025379746221005916595 -0.0026392405852675437927 -0.00045569619396701455116 0.013031645677983760834 -0.010012658312916755676 -0.001689873402938246727 0.0026329113170504570007 -0.012949367053806781769
0.025753164663910865784 -0.0264683552086353302 -0.024189872667193412781 0.0060632913373410701752 0.030632911249995231628 0.021139239892363548279 -0.0080126579850912094116 0.01994936726987361908 -4.4303797039901837707e-05 0.012246835045516490936 -0.0084936711937189102173 0.0073354430496692657471 0.020886076614260673523 0.010012658312916755676 0.0039556962437927722931 0.017025316134095191956 0.0023227848578244447708 0.0051708859391510486603 -0.0042405063286423683167 0.017018986865878105164 -0.0078481016680598258972 0.0063354428857564926147 0.0072405063547194004059 0.0036708861589431762695 -0.0032025317195802927017 0.00078481010859832167625 -0.0076962024904787540436 0.014094936661422252655 0.0059810127131640911102 0.0030379747040569782257 0.016651898622512817383 -0.012379746884107589722 0.0085253166034817695618 0.013329113833606243134 0.0070759495720267295837 -0.0027974683325737714767 -0.0018734177574515342712 -0.008860759437084197998 0.019962025806307792664 -0.0053607593290507793427 -0.022145569324493408203 -0.0092974686995148658752
0.035316456109285354614 -0.071113921701908111572 -0.053924050182104110718 -0.0042215189896523952484 -0.0045759491622447967529 0.012436708435416221619 0.017860759049654006958 -0.0024999999441206455231 -0.0090949367731809616089 0.014829114079475402832 0.0260379742830991745 0.023417722433805465698 0.014246835373342037201 -0.00040506329969502985477 0.0040063289925456047058 0.0074999998323619365692 0.018683543428778648376 -0.0046202531084418296814 0.0072468356229364871979 0.02689873427152633667 0.0092658223584294319153 -5.0632912461878731847e-05 -0.0080822780728340148926 0.0027151899412274360657 0.003784810192883014679 -0.00094303797231987118721 0.0024493671953678131104 0.0087025314569473266602 -0.016734177246689796448 0.0011202531168237328529 -0.0041898735798895359039 0.0084050633013248443604 0.0046962024644017219543 -0.0097468355670571327209 0.03794936835765838623 0.027784809470176696777 -0.0076645570807158946991 -0.0050696204416453838348 -0.0087468354031443595886 -0.015810126438736915588 0.015639239922165870667 0.006683544255793094635
0.016272151842713356018 -0.016253164038062095642 -0.04536075890064239502 -0.0034556961618363857269 -0.0034177214838564395905 -0.032341770827770233154 -0.018107594922184944153 0.013405063189566135406 -0.0082405060529708862305 -0.0056012659333646297455 0.024689873680472373962 -0.0025253165513277053833 -0.0060949367471039295197 0.015101266093552112579 0.00048734177835285663605 -0.0024999999441206455231 0.0022405062336474657059 -0.0025316455867141485214 0.022772151976823806763 0.0097848102450370788574 0.010424050502479076385 0.0071329115889966487885 0.0034556961618363857269 0.020221518352627754211 -0.0048164557665586471558 0.0012658227933570742607 -0.0021962025202810764313 0.0094493674114346504211 0.0046392404474318027496 0.0098037971183657646179 -0.0051329112611711025238 0.026335442438721656799 0.010405063629150390625 -0.025569619610905647278 -0.005227847956120967865 -0.010145569220185279846 0.0057278480380773544312 0.014297468587756156921 0.01067088637501001358 -0.003215189790353178978 0.011411392129957675934 -0.0067215189337730407715
