input_spatial_layers/oceanic_currents_u_1deg.asc
ncols        360
nrows        172
xllcorner    -180
yllcorner    -82
cellsize     1
NODATA_value  -9999
[rows 19 to 37 of 172, columns 86 to 128 of 360]
0 0 0.0055217389017343521118 0.031148148700594902039 0.046440001577138900757 0 0 0 0 0 0 0 0 0 0 0 0 0 0 0 0 0 0 0 0 -0.017155556008219718933 -0.016877550631761550903 0.0032641510479152202606 0.0068909092806279659271 0.011350877583026885986 0.011482758447527885437 0.015984848141670227051 0.016078947111964225769 0.01317647099494934082 0.0024574468843638896942 0.0025233644992113113403 -0.0048859650269150733948 -0.011391666717827320099 -0.011710743419826030731 0 0 0 -0.03916279226541519165
0 0 0 -0.014200000092387199402 -0.052947368472814559937 -0.16560000181198120117 -0.18780000507831573486 -0.14623528718948364258 0 0 0 0 -0.24116666615009307861 -0.20861290395259857178 -0.26692593097686767578 -0.081407405436038970947 -0.31605556607246398926 0 0 0 0 0 0 0 0 0 0 -0.026511110365390777588 -0.025905661284923553467 -0.017351852729916572571 -0.0051272725686430931091 -0.0063793105073273181915 -0.0083384616300463676453 -0.0054533332586288452148 0.016082352027297019958 0.023939393460750579834 0.021060869097709655762 0.01370247919112443924 0.0075952382758259773254 0.016611110419034957886 0 0 -0.0055213673040270805359
0 0 0 0.019058823585510253906 0 0 0.11246666312217712402 0.003611111082136631012 0 0 0 0 0.017948718741536140442 -3.3042352538829519472e-19 0.072083331644535064697 -0.030999999493360519409 -0.15855172276496887207 0 0 -0.24027273058891296387 0 0 0 0 0 0 9.0909088612534105778e-05 0.004534883890300989151 0.014520833268761634827 0.020819999277591705322 0.024207547307014465332 0.034928571432828903198 0.034444443881511688232 0.024876922369003295898 0.019236842170357704163 0.014346938580274581909 0.017000000923871994019 0.011813008226454257965 0.010238461196422576904 0.013946969993412494659 0.04038931429386138916 0 0.051026549190282821655
0 0 0 0 0 0 0.0084444442763924598694 0 0 0 0 0 0 -0.05657777935266494751 -0.083395346999168395996 -0.062725000083446502686 0.0015294117620214819908 0 0 -0.38440001010894775391 -0.51875001192092895508 0 0 0 0 0 0 0 0 -0.025186046957969665527 -0.014000000432133674622 -0.010263158008456230164 0.018612902611494064331 0.017439393326640129089 0.0019487179815769195557 0.0067403847351670265198 0.0099523812532424926758 0.0088999997824430465698 0.0084436619654297828674 0.0057571427896618843079 0 0 0
0 0 0 0 0 0 0 0 -0.041099999099969863892 -0.024192307144403457642 0 -0.0079444441944360733032 -0.0028301887214183807373 -0.022711537778377532959 -0.00067999999737367033958 -0.004234042484313249588 -0.049326088279485702515 -0.16204544901847839355 -0.2070277780294418335 -0.44004544615745544434 0 0 0 0 0 0 0.024411763995885848999 0 0 0 0 0.0011864406988024711609 0.022692307829856872559 0.043573334813117980957 0.05810000002384185791 0.030647540464997291565 -6.9444445216504391283e-06 -0.0060794702731072902679 -0.00082236842717975378036 -0.0049607842229306697845 0 0 0
0 0 0 0 0 0 0 0.1094736829400062561 0 0 -0.0070000002160668373108 -0.02494915202260017395 -0.006508196704089641571 0.0034032259136438369751 0.010864406824111938477 0.016785714775323867798 0.003634615335613489151 0 0 0 0 0 0 0 0 0 0 0.03387096896767616272 0.024892307817935943604 0 0.040683332830667495728 0.013202898204326629639 0.0069756098091602325439 -0.0098137259483337402344 -0.0096829272806644439697 -0.0032676055561751127243 0.0076644294895231723785 0.011993506923317909241 0.0068645160645246505737 0.0018397435778751969337 -0.02241025678813457489 0 0
0 0 0 0 0 0 -0.024479167535901069641 0 0 0 0 0 0.04064705967903137207 0.040897060185670852661 0.02704285643994808197 0.018088234588503837585 0 0 0 -0.0099523812532424926758 -0.014800000004470348358 0 0 0 0 0 0 0 0.025507936254143714905 0.032260868698358535767 0.023039473220705986023 0.022747127339243888855 0.0035660376306623220444 -0.02073809504508972168 -0.055701389908790588379 -0.053726028650999069214 -0.036134228110313415527 -0.019870130345225334167 -0.031814102083444595337 -0.020656051114201545715 0.016414012759923934937 0.012121794745326042175 -0.015756409615278244019
0 0 0 -0.00061038963031023740768 0.0014125000452622771263 0.022437499836087226868 0.054215189069509506226 0.05019230768084526062 0 0.014525640755891799927 0.016064101830124855042 -0.0027499999850988388062 -0.012985915876924991608 -0.0013285714667290449142 0.013014705851674079895 0.014057142660021781921 -0.020217390730977058411 -0.065066665410995483398 -0.04149366915225982666 -0.020860759541392326355 0.0053076921030879020691 -0.0050533334724605083466 0 0 0 0 0 0 0 -0.004613333381712436676 0.0059759034775197505951 -0.003414141479879617691 -0.040728069841861724854 -0.033804349601268768311 -0.033517241477966308594 -0.032136052846908569336 -0.053473334759473800659 -0.084281042218208312988 -0.05998064577579498291 -0.042171973735094070435 -0.069821655750274658203 0.0037707006558775901794 0.0083525637164711952209
0 0.0014235294656828045845 -0.0011860465165227651596 0.0073139537125825881958 0.0097058825194835662842 0.0025833332911133766174 0.00086585368262603878975 0.0066904760897159576416 0.020096385851502418518 0.019060974940657615662 0 0.024025641381740570068 0.024935064837336540222 0.030581081286072731018 0.045527778565883636475 0.03280302882194519043 0 0 0 -0.0061805555596947669983 0 -0.0038450704887509346008 0.00044594594510272145271 0.0052077923901379108429 0.00062499998603016138077 0 0 0 0.059500001370906829834 0.06236144527792930603 -0.025934781879186630249 -0.056352939456701278687 -0.042346455156803131104 -0.044695947319269180298 -0.063653334975242614746 -0.049872484058141708374 -0.037045452743768692017 -0.021154839545488357544 -0.027178343385457992554 -0.047707006335258483887 -0.053715188056230545044 -0.0649873390793800354 -0.040227849036455154419
0.0012528735678642988205 0.016409091651439666748 0.013102272525429725647 0.0067011495120823383331 0.0046976744197309017181 0.0062558138743042945862 0.01194186042994260788 0.010535714216530323029 0.017190476879477500916 0.033416666090488433838 0.031440477818250656128 0.03197590261697769165 0.028850000351667404175 0.023712329566478729248 0.021083332598209381104 0.038750000298023223877 0 0 0 0 0 0 -0.0096417907625436782837 0.012513888999819755554 0.016933333128690719604 0.010300000198185443878 0.027974359691143035889 0.03831645473837852478 0.05009756237268447876 0.041670586913824081421 0.041553191840648651123 0.011361110955476760864 0.011716417968273162842 -0.01715231873095035553 -0.020618421956896781921 -0.033373419195413589478 -0.031670887023210525513 -0.054772153496742248535 -0.06230379641056060791 -0.028981013223528862 -0.055721517652273178101 -0.055164556950330734253 -0.12748101353645324707
-0.0065568182617425918579 -0.0023707866203039884567 -0.0016444444190710783005 0.0023846153635531663895 0.0095164831727743148804 0.015472527593374252319 0.014344444498419761658 0.0081460671499371528625 0.0038876405451446771622 0.0056511629372835159302 0.0067411763593554496765 0.0036823528353124856949 0.0080232555046677589417 0.014036585576832294464 0.022397436201572418213 -0.0047123287804424762726 0 0 0 0 0 0 0 0 0.029791666194796562195 0.057432431727647781372 0.076111108064651489258 0.07306756824254989624 -0.021236842498183250427 -0.10932099074125289917 0.070528090000152587891 0.130743369460105896 0.12099269777536392212 0.047103896737098693848 -0.011715189553797245026 -0.010569619946181774139 -0.014050632715225219727 -0.02686708793044090271 -0.046227846294641494751 -0.043683543801307678223 -0.023550633341073989868 -0.018012657761573791504 -0.024455696344375610352
0.011818181723356246948 0.018377777189016342163 -0.0052888887003064155579 -0.025599999353289604187 -0.015645161271095275879 -0.020340425893664360046 -0.018468085676431655884 -0.0070215053856372833252 0.0016483516665175557137 0.00025274723884649574757 -0.0039444444701075553894 -0.0018666667165234684944 -0.0029456522315740585327 -0.0059090908616781234741 -0.011764706112444400787 0.025148147717118263245 0 0 0 0 0 0 0 0 0.029362319037318229675 0.01276388857513666153 0.020178081467747688293 0.0053648650646209716797 0 0 -0.047749999910593032837 -0.027972973883152008057 0.017207408323884010315 0.085397437214851379395 0.046196203678846359253 0.017132911831140518188 -0.010481012985110282898 -0.031651899218559265137 -0.036310125142335891724 -0.0044873417355120182037 -0.017050633206963539124 0.00046202531666494905949 -0.02805696241557598114
0 -0.0097764702513813972473 0.0020000000949949026108 0.0068915663287043571472 -0.0071951220743358135223 -0.012023809365928173065 -0.013409638777375221252 -0.0021204820368438959122 -0.0007325581391341984272 0.0011428571306169033051 0.0068214284256100654602 0.011297618970274925232 0.012195402756333351135 0.011767441406846046448 0.026976743713021278381 0.018580246716737747192 0 0 0 0 0 0 0 0 0 0 0 0 0 0 0 -0.084760002791881561279 -0.045150000602006912231 0.022026143968105316162 0.064626581966876983643 0.018841771408915519714 0.012025316245853900909 0.00037974683800712227821 -0.028310125693678855896 -0.014487341977655887604 -0.0043987343087792396545 -0.010202531702816486359 0.015177215449512004852
0 0 0.00082926830509677529335 0.020725000649690628052 0.034129869192838668823 0.021173333749175071716 0.018480518832802772522 0.017740258947014808655 0.010564102791249752045 0.0010000000474974513054 0.0043250001035630702972 0.0092439027503132820129 0.014560976065695285797 0.019134147092700004578 0.0057228915393352508545 -0.0043855421245098114014 -0.018380952998995780945 0 0 0 0 0 0 0 0 0 0 0 0 0 0 0 0.0016893204301595687866 0.075445257127285003662 0.11050000041723251343 0.096462026238441467285 0.033784810453653335571 0.033987343311309814453 -0.0066265822388231754303 -0.032120253890752792358 -0.023810125887393951416 0.012689873576164245605 -0.0060126581229269504547
0 0 0 0 0 0 0.03284506872296333313 0.026647888123989105225 0.01148611120879650116 0.01106944400817155838 0.0068533332087099552155 0.0069375000894069671631 0.0094750002026557922363 0.0067325583659112453461 0.020209303125739097595 0.042729411274194717407 0.046976745128631591797 0 0 0 0 0 0 0 0 0 0 0 0 0 0 0 -0.025433333590626716614 -0.015721153467893600464 0.072852112352848052979 0.16081289947032928467 0.18230380117893218994 0.067246831953525543213 0.049341771751642227173 0.040829114615917205811 -0.0063291140832006931305 -0.012341772206127643585 -0.0068291136994957923889
0 0 0 0 0 0 0 0 0 0 0.023225352168083190918 0.044440001249313354492 0.033691357821226119995 0.023469135165214538574 -0.00018823529535438865423 -0.040091954171657562256 0 0 0 0 0 0 0 0 0 0 0 0 0 0 0 0 0 -0.017807692289352416992 -0.043010000139474868774 -0.0071769230999052524567 0.13038562238216400146 0.33478343486785888672 0.32906961441040039062 0.27730378508567810059 0.17693038284778594971 0.06871519237756729126 0.0080379750579595565796
0 0 0 0 0 0 0 0 0 0 0 0 -0.01229870133101940155 -0.031939025968313217163 0 0 0 0 0 0 0 0 0 0 0 0 0 0 0 0 0 0 0 0 0 0 -0.011160000227391719818 0.00070547946961596608162 0.096369430422782897949 0.068620249629020690918 0.11276582628488540649 0.045506328344345092773 0.011670886538922786713
0 0 0 0 0 0 0 0 0 0 0 0 0.13465823233127593994 0.024975903332233428955 0.003654320957139134407 0 0 0 0 0 0 0 0 0 0 0 0 0 0 0 0 0 0 0 0 0 0 0 -0.090411767363548278809 0.0028513513971120119095 0.02044936642050743103 0.11474683880805969238 0.074436709284782409668
0 0 0 0 0 0 0 0 0 0 0 0 -0.1247037053108215332 0.012963414192199707031 0.10380722582340240479 0 0 0 0 0 0 0 0 0 0 0 0 0 0 0 0 0 0 0 0 0 0 0 -0.018323076888918876648 -0.012405594810843467712 -0.0080855265259742736816 0.0036217949818819761276 0.11442404985427856445
