input_spatial_layers/oceanic_currents_v_1deg.asc
ncols        360
nrows        172
xllcorner    -180
yllcorner    -82
cellsize     1
NODATA_value  -9999
[rows 57 to 75 of 172, columns 126 to 167 of 360]
-0.023481013253331184387 -0.0056898733600974082947 0.012936708517372608185 -0.056949365884065628052 0.010721518658101558685 0.0031835443805903196335 -0.042196203023195266724 -0.029556961730122566223 0.0072848103009164333344 -0.011341772042214870453 -0.044981013983488082886 -0.017841771245002746582 0.0041329115629196166992 -0.017563290894031524658 -0.039873417466878890991 -0.0132341776043176651 -0.017474683001637458801 0.043379746377468109131 0.0063797468319535255432 -0.0046202531084418296814 -0.046943038702011108398 -0.026974683627486228943 0.0082531645894050598145 -0.0043734177015721797943 -0.056436710059642791748 -0.022575950250029563904 -0.0038037975318729877472 -0.01690506376326084137 -0.0019113924354314804077 -0.029696201905608177185 -0.033537976443767547607 -0.0010759494034573435783 -0.02498101256787776947 -0.005962025374174118042 0.00045569619396701455116 -0.032018985599279403687 0.028911393135786056519 -0.019170885905623435974 -0.0074303797446191310883 -0.013702531345188617706 -0.023835442960262298584 -0.005639240611344575882
-0.010689873248338699341 -0.043417721986770629883 -0.0022278481628745794296 -0.0085126580670475959778 -0.005968354642391204834 -0.013101265765726566315 -0.021550633013248443604 -0.00034177216002717614174 0.0012784809805452823639 -0.01565189845860004425 -0.023487342521548271179 -0.0065063289366662502289 -0.025930380448698997498 -0.035443037748336791992 -0.00741139240562915802 0.00099367089569568634033 0.0026202532462775707245 -0.0064113922417163848877 -0.023158228024840354919 0.0013164556585252285004 -0.0045759491622447967529 -0.023879745975136756897 -0.023468354716897010803 -0.0048164557665586471558 -0.023316456004977226257 -0.019417721778154373169 -0.013670885935425758362 -0.021196203306317329407 -0.0049683544784784317017 -0.026170885190367698669 -0.030018987134099006653 -0.0042784810066223144531 -0.010316455736756324768 -0.018981013447046279907 0.007481012493371963501 0.0057974681258201599121 -0.012006329372525215149 -0.021588606759905815125 -0.018335442990064620972 -0.029544303193688392639 0.0031898734159767627716 -0.01611392386257648468
-0.015803797170519828796 -0.016962025314569473267 -0.0045253164134919643402 0.012044304050505161285 -0.018405063077807426453 -0.021367087960243225098 -0.00039873417699709534645 -0.0060632913373410701752 -0.008930379524827003479 -0.025854431092739105225 -0.0024999999441206455231 -0.011810126714408397675 -0.031981013715267181396 -0.010658227838575839996 0.0092341769486665725708 -0.013082278892397880554 -0.016000000759959220886 -0.028803797438740730286 0.0051708859391510486603 -0.028215190395712852478 -0.0095569621771574020386 -0.014158227480947971344 -0.0067151896655559539795 -0.018955696374177932739 0.001050632912665605545 -0.027911392971873283386 -0.046905063092708587646 0.02015189826488494873 -0.020354431122541427612 -0.03315189853310585022 -0.0068164556287229061127 -0.0034810127690434455872 -0.018177215009927749634 -0.013867088593542575836 0.00016455695731565356255 -0.028917722404003143311 -0.02223417721688747406 -0.023816455155611038208 -0.015208860859274864197 -0.015037974342703819275 -0.02180379815399646759 -0.012746835127472877502
-0.003145569702610373497 -0.0034556961618363857269 -0.018367089331150054932 0.013607595115900039673 -0.021183544769883155823 -0.0019556961487978696823 -0.02815822698175907135 -0.0094620250165462493896 -0.013930379413068294525 -0.007094936911016702652 -0.014892404899001121521 -0.017860759049654006958 0.00097468355670571327209 0.010936709120869636536 -0.017107594758272171021 -0.018943037837743759155 -0.00104430376086384058 -0.027468353509902954102 -0.022518986836075782776 -0.046417720615863800049 -0.0084556965157389640808 -0.00013924051017966121435 -0.0028101266361773014069 -0.031898733228445053101 -0.0048987343907356262207 -0.026575949043035507202 -0.031784810125827789307 0.0021455695386976003647 -0.021341772750020027161 -0.038417723029851913452 0.013816455379128456116 -0.004430379718542098999 -0.018145570531487464905 -0.018481012433767318726 -0.040734175592660903931 -0.02465189807116985321 -0.019379746168851852417 -0.036854431033134460449 -0.0099999997764825820923 0.007018987555056810379 -0.024443037807941436768 0.01558227837085723877
-0.0022848101798444986343 -0.025512658059597015381 -0.015702530741691589355 -0.0080253165215253829956 -0.018740506842732429504 -0.015126582235097885132 -0.010601266287267208099 -0.011791138909757137299 -0.0073924050666391849518 -0.021234177052974700928 -0.017816456034779548645 0.00034810125362128019333 -0.0032278480939567089081 -0.021354431286454200745 -0.029841771349310874939 -0.016164556145668029785 -0.014898734167218208313 -0.0077974684536457061768 -0.023873418569564819336 -0.0039050632622092962265 -0.018683543428778648376 -0.0087405061349272727966 -0.020360760390758514404 -0.019563291221857070923 -0.026284810155630111694 -0.019892405718564987183 -0.0092151900753378868103 -0.020607594400644302368 -0.027696203440427780151 -0.020822783932089805603 -0.0065443036146461963654 -0.014537974260747432709 -0.019259493798017501831 -0.024234177544713020325 -0.035518988966941833496 -0.029322784394025802612 0.01015822775661945343 -0.0098481010645627975464 -0.033537976443767547607 0.0094810128211975097656 -0.025246836245059967041 -0.0032468354329466819763
-0.0222025308758020401 0.0049873418174684047699 -0.029594937339425086975 -0.011949366889894008636 0.0022215188946574926376 -0.025968354195356369019 -0.022575950250029563904 -0.020968355238437652588 -0.014335443265736103058 -0.015246835537254810333 -3.1645569833926856518e-05 -0.013588607311248779297 -0.030063292011618614197 -0.0066265822388231754303 -0.0086392406374216079712 -0.027810126543045043945 -0.010405063629150390625 -0.020240506157279014587 -0.0054746833629906177521 -0.032398734241724014282 -0.010278481058776378632 -0.017911393195390701294 -0.0010759494034573435783 -0.0091329114511609077454 -0.016531646251678466797 -0.028120253235101699829 -0.019449366256594657898 -0.020727848634123802185 -0.0089746834710240364075 -0.017487341538071632385 -0.016392404213547706604 -0.016392404213547706604 -0.0086645567789673805237 -0.016664557158946990967 -0.032341770827770233154 -0.016886075958609580994 -0.045025315135717391968 0.0077784811146557331085 -0.028594937175512313843 -0.025620253756642341614 0 0
-0.011981012299656867981 -0.025892404839396476746 -0.001930379774421453476 -0.0065000001341104507446 -0.010753164999186992645 -0.025848101824522018433 -0.030879747122526168823 -0.022025316953659057617 -0.014246835373342037201 -0.020753163844347000122 -0.0061012660153210163116 -0.014848100952804088593 -0.02398734167218208313 -0.0099556958302855491638 -0.015018987469375133514 -0.011930380016565322876 -0.018949367105960845947 -0.013506328687071800232 -0.019968355074524879456 -0.016468353569507598877 -0.015259494073688983917 -0.012658228166401386261 -0.015240506269037723541 -0.029082277789711952209 -0.010303797200322151184 -0.012006329372525215149 -0.01027215179055929184 -0.015759494155645370483 -0.022025316953659057617 -0.0090379742905497550964 -0.022082278504967689514 -0.022094937041401863098 0.0080000003799796104431 -0.040506329387426376343 0.00050000002374872565269 -0.033626582473516464233 -0.054018985480070114136 -0.021297467872500419617 0.019101265817880630493 0 0 0
-0.028987342491745948792 -0.017721518874168395996 -0.013778480701148509979 -0.016949366778135299683 -0.015879746526479721069 -0.014531645923852920532 -0.032215189188718795776 -0.011632910929620265961 -0.019291140139102935791 -0.016379747539758682251 -0.0079810125753283500671 -0.026810126379132270813 -0.019683543592691421509 -0.0068291136994957923889 -0.019759492948651313782 -0.010791139677166938782 0.0026265822816640138626 -0.0089050633832812309265 -0.024278480559587478638 -0.0027341772802174091339 -0.021518986672163009644 -0.015126582235097885132 -0.0070253163576126098633 -0.023468354716897010803 -0.014999999664723873138 -0.018145570531487464905 -0.013632911257445812225 -0.017348101362586021423 -0.014335443265736103058 -0.013259493745863437653 -0.026025315746665000916 -0.0049620252102613449097 -0.016841772943735122681 -0.037044305354356765747 -0.018962025642395019531 -0.045588608831167221069 -0.032373417168855667114 0.011253164149820804596 -0.015607594512403011322 0 0 0
-0.022854430601000785828 -0.0056962026283144950867 -0.02272784896194934845 -0.019829113036394119263 -0.030006328597664833069 -0.01062025316059589386 -0.01915822736918926239 -0.027715189382433891296 -0.018898734822869300842 -0.017556961625814437866 -0.014715190045535564423 -0.0070379748940467834473 -0.015727847814559936523 -0.017335442826151847839 -0.0087341768667101860046 -0.0055759493261575698853 -0.022677214816212654114 0.00027215189766138792038 -0.0092721516266465187073 -0.018113924190402030945 -0.011386075988411903381 -0.023107595741748809814 -0.016474682837724685669 -0.018531644716858863831 -0.015126582235097885132 -0.018259493634104728699 -0.0085759498178958892822 -0.010943038389086723328 -0.01962025277316570282 -0.016626581549644470215 -0.030462024733424186707 -0.016734177246689796448 -0.00595569610595703125 -0.018569620326161384583 -0.029765821993350982666 -0.02610759437084197998 -0.047417722642421722412 -0.019196202978491783142 0 0 0 0
-0.012436708435416221619 -0.017107594758272171021 -0.0088417725637555122375 -0.033670887351036071777 -0.023424049839377403259 -0.0050379745662212371826 -0.019867088645696640015 -0.02223417721688747406 -0.016202531754970550537 -0.0068607595749199390411 -0.029841771349310874939 -0.0093607595190405845642 -0.010905063711106777191 -0.021879747509956359863 -0.025151899084448814392 -0.017056962475180625916 -0.024354429915547370911 -0.0053734178654849529266 -0.021784810349345207214 -0.008151899091899394989 -0.019367089495062828064 -0.021886076778173446655 -0.0037151898723095655441 -0.011278481222689151764 -0.017746835947036743164 -0.0073924050666391849518 -0.021392405033111572266 -0.016063291579484939575 -0.023202531039714813232 -0.018544303253293037415 -0.0088417725637555122375 -0.034810125827789306641 -0.0055063292384147644043 -0.014354430139064788818 -0.025050632655620574951 -0.060924049466848373413 0.0059240506961941719055 -0.046924050897359848022 0 0 0 0
-0.019677214324474334717 -0.020341772586107254028 -0.026911392807960510254 -0.028740506619215011597 -0.011905062943696975708 -0.020879747346043586731 -0.012069620192050933838 -0.0132341776043176651 -0.034924048930406570435 -0.01253797486424446106 -0.001607594895176589489 -0.034575950354337692261 -0.01641139201819896698 -0.023487342521548271179 -0.014436708763241767883 -0.015974683687090873718 -0.028215190395712852478 -0.0035253164824098348618 -0.023430379107594490051 -0.017727848142385482788 -0.019101265817880630493 0.0068164556287229061127 -0.01452531665563583374 -0.027949366718530654907 -5.0632912461878731847e-05 -0.0050759492442011833191 -0.027265822514891624451 -0.023158228024840354919 -0.020677214488387107849 -0.018158227205276489258 -0.0058734179474413394928 -0.017670886591076850891 -0.0072594936937093734741 -0.032696202397346496582 -0.024746835231781005859 -0.035493671894073486328 0.006677214987576007843 0 0 0 0 0
-0.036443039774894714355 -0.018981013447046279907 -0.015962025150656700134 -0.029253164306282997131 -0.010221518576145172119 -0.020101265981793403625 -0.024778481572866439819 -0.011594936251640319824 -0.0020632911473512649536 -0.017316455021500587463 -0.031031645834445953369 -0.016664557158946990967 -0.011860759928822517395 -0.013322784565389156342 -0.025069620460271835327 -0.016297468915581703186 -0.011506329290568828583 -0.017398733645677566528 -0.0087025314569473266602 -0.029772151261568069458 -0.001050632912665605545 -0.029101265594363212585 -0.00050000002374872565269 -0.0048607597127556800842 -0.023873418569564819336 -0.029075948521494865417 0.0015569620300084352493 -0.0099873421713709831238 -0.023702532052993774414 -0.020500000566244125366 -0.013164556585252285004 -0.032860759645700454712 -0.020322784781455993652 -0.021955696865916252136 -0.013240505941212177277 0.027373418211936950684 -0.056968353688716888428 0 0 0 0 0
-0.041462026536464691162 -0.025601265951991081238 -0.018626581877470016479 -0.010525315999984741211 -0.010550633072853088379 -0.0050696204416453838348 -0.033962026238441467285 -0.018215190619230270386 -0.0032405063975602388382 -0.025291139259934425354 -0.014797468669712543488 -0.021297467872500419617 -0.022772151976823806763 -0.027943037450313568115 -0.0023481012322008609772 -0.014075949788093566895 0.0016708860639482736588 -0.0054113925434648990631 -0.012974683195352554321 -0.044132910668849945068 -0.018132911995053291321 -0.025031644850969314575 -0.0017848100978881120682 -0.0091202529147267341614 -0.030177215114235877991 -0.013607595115900039673 -0.0065696202218532562256 -0.0098924050107598304749 -0.0090696206316351890564 -0.034012656658887863159 -0.032145570963621139526 -0.0032848101109266281128 -0.034088607877492904663 -0.018987340852618217468 -0.016006330028176307678 -0.012018986977636814117 0.00098734174389392137527 0 0 0 0 0
-0.031386077404022216797 -0.033170886337757110596 -0.019582279026508331299 0.0061582280322909355164 -0.02180379815399646759 -0.026708859950304031372 -0.021791139617562294006 -0.03308228030800819397 -0.019468354061245918274 -0.028943037614226341248 -0.0098101263865828514099 -0.017018986865878105164 -0.021221518516540527344 -0.0096139237284660339355 -0.014955696649849414825 -0.025126582011580467224 0.0087341768667101860046 -0.014120252802968025208 -0.038886077702045440674 -0.011253164149820804596 -0.0019430379616096615791 -0.030943037942051887512 -0.01849367097020149231 -0.018911391496658325195 -0.033626582473516464233 0.002018987433984875679 -0.027037974447011947632 -0.013683544471859931946 -0.0064493669196963310242 -0.011455696076154708862 -0.011841772124171257019 -0.017746835947036743164 -0.029683545231819152832 -0.030791139230132102966 -0.009734177030622959137 0.0079240510240197181702 0.041943039745092391968 0 0 0 0 0
-0.026544304564595222473 -0.023639241233468055725 -0.016841772943735122681 -0.012930380180478096008 -0.028835443779826164246 -0.030848100781440734863 -0.025303797796368598938 -0.0068924049846827983856 -0.027215190231800079346 -0.042063292115926742554 -0.0029683543834835290909 -0.025993671268224716187 -0.017721518874168395996 -0.0036265822127461433411 -0.011063290759921073914 -0.019601264968514442444 -0.0073164557106792926788 -0.027189873158931732178 -0.0075063291005790233612 -0.020898733288049697876 -0.019563291221857070923 -0.01852531731128692627 -0.025246836245059967041 -0.026721518486738204956 -0.011145569384098052979 -0.026987342163920402527 -0.025563290342688560486 -0.029670886695384979248 0.0051835444755852222443 -0.0085443034768104553223 -0.029253164306282997131 -0.0025379746221005916595 -0.0067278482019901275635 -0.011582278646528720856 -0.011683544144034385681 -0.018917720764875411987 0.094158224761486053467 -0.027481012046337127686 0 0 0 0
-0.023202531039714813232 -0.026208860799670219421 -0.016765823587775230408 -0.054860759526491165161 -0.033759493380784988403 -0.013303797692060470581 -0.035392403602600097656 -0.028911393135786056519 -0.017379747703671455383 -0.0083481008186936378479 -0.016316454857587814331 -0.031715188175439834595 -0.010772151872515678406 -0.0039177215658128261566 -0.016164556145668029785 -0.019740507006645202637 -0.027531646192073822021 -0.03619620203971862793 -0.0024936709087342023849 -0.012316456064581871033 -0.020259493961930274963 -0.0049620252102613449097 -0.026803797110915184021 -0.018037974834442138672 -0.030594937503337860107 -0.029879746958613395691 -0.023512657731771469116 -0.023544304072856903076 -0.0083481008186936378479 -0.031544305384159088135 0.012151898816227912903 0.0071392403915524482727 0.0082594938576221466064 -0.0072151897475123405457 -0.011246835812926292419 0.0022151898592710494995 0.082949370145797729492 -0.0244177207350730896 0 0 0 0
-0.023620253428816795349 -0.030012657865881919861 -0.016746835783123970032 -0.027987342327833175659 -0.017873417586088180542 -0.020879747346043586731 -0.032164558768272399902 -0.022645570337772369385 -0.016234178096055984497 -0.022797469049692153931 -0.024835443124175071716 -0.0051012658514082431793 -0.024639241397380828857 -0.016025315970182418823 -0.030582278966903686523 -0.023006329312920570374 -0.0051012658514082431793 -0.023398734629154205322 -0.021689873188734054565 -0.019272152334451675415 -0.013006329536437988281 -0.01253797486424446106 -0.012088607996702194214 -0.016006330028176307678 -0.02689873427152633667 -0.012512657791376113892 -0.029835443943738937378 0.028037974610924720764 -0.0020632911473512649536 -0.039607595652341842651 -0.0013164556585252285004 -0.020525315776467323303 -0.0046772151254117488861 0.0059430380351841449738 0.02931645512580871582 0.0036139241419732570648 0.041405063122510910034 0 0 0 0 0
-0.0270632915198802948 -0.023835442960262298584 -0.03272151947021484375 -0.020550632849335670471 -0.023000000044703483582 -0.034069620072841644287 -0.033898733556270599365 -0.01067088637501001358 -0.019835442304611206055 -0.02865189872682094574 -0.033310126513242721558 -0.012031645514070987701 -0.026398733258247375488 -0.023050632327795028687 -0.026348100975155830383 -0.013689873740077018738 -0.0072405063547194004059 -0.02501265890896320343 -0.012791139073669910431 -0.022259494289755821228 -0.018962025642395019531 -0.022765822708606719971 -0.017322784289717674255 -0.0066139241680502891541 -0.027000000700354576111 0.017221519723534584045 0.0066455695778131484985 0.018468353897333145142 -0.028000000864267349243 -0.041670884937047958374 0.013088607229292392731 -0.021829113364219665527 0.0066075948998332023621 -0.0063860761001706123352 0.037341773509979248047 -0.0058797467499971389771 0.052537973970174789429 0 0 0 0 0
-0.020968355238437652588 -0.019265823066234588623 -0.042556963860988616943 -0.030455695465207099915 -0.033107593655586242676 -0.033278480172157287598 -0.029537973925471305847 -0.023487342521548271179 -0.021512657403945922852 -0.027993671596050262451 -0.042879745364189147949 -0.019392404705286026001 -0.024746835231781005859 -0.029639240354299545288 -0.011310126632452011108 -0.0098797464743256568909 -0.019569620490074157715 -0.015658227726817131042 -0.017398733645677566528 -0.025202531367540359497 -0.007082278374582529068 -0.02236708812415599823 -0.012316456064581871033 -0.013424050994217395782 -0.0045759491622447967529 0.0022215188946574926376 0.0015822785208001732826 -0.023417722433805465698 0.018227847293019294739 0.018607594072818756104 -0.014531645923852920532 0.0056075947359204292297 -0.022506328299641609192 0.026677215471863746643 -0.0030063290614634752274 0.039772152900695800781 0.03646202385425567627 0 0 0 0 0
