observations/temperature_argo_advsolver_IW_prior.asc
NCOLS 49 
NROWS 37 
XLLCORNER -0.25 
YLLCORNER 34.75 
CELLSIZE 0.25 
NODATA_value -9999 
[rows 0 to 26 of 37, columns 0 to 48 of 49]
-9999.000000000000000 -9999 -9999 -9999 -9999 -9999 -9999 -9999 -9999 -9999 -9999 -9999 -9999 -9999 -9999 -9999 -9999 -9999 -9999 -9999 -9999 -9999 -9999 -9999 -9999 -9999 -9999 -9999 -9999 -9999 -9999 -9999 -9999 -9999 13.3706960793229 13.3673205550159 13.3647360046647 13.3627324497888 13.3611536287921 13.5 13.4259735105556 13.4141461180478 -9999 -9999 -9999 -9999 -9999 -9999 -9999
-9999 -9999 -9999 -9999 -9999 -9999 -9999 -9999 -9999 -9999 -9999 -9999 -9999 -9999 -9999 -9999 -9999 -9999 -9999 -9999 -9999 -9999 -9999 -9999 -9999 -9999 -9999 -9999 -9999 -9999 13.4068314891571 13.394921557424 13.3835651563989 13.3756792889867 13.3703494776651 13.3666461013064 13.3639778606252 13.3619887476266 13.3604611763365 13.5 13.4265539843891 13.4161116677548 -9999 -9999 -9999 -9999 -9999 -9999 -9999
-9999 -9999 -9999 -9999 -9999 -9999 -9999 -9999 -9999 -9999 -9999 -9999 -9999 -9999 -9999 -9999 13.1489896890722 13.1679946644125 13.194474023406 13.2 13.3439047116418 -9999 -9999 -9999 -9999 -9999 -9999 -9999 13.3753352508145 13.5 13.4335905464604 13.3989821291292 13.3824566515347 13.3736674015972 13.3684029797084 13.364959108806 13.3625549229487 13.3607921809023 13.3594496973295 13.5 13.4262851607409 13.4168014761592 13.4124048462682 -9999 -9999 -9999 -9999 -9999 -9999
-9999 -9999 -9999 -9999 -9999 -9999 -9999 -9999 -9999 -9999 -9999 -9999 -9999 -9999 13.1092457596584 13.11883378726 13.1341115823213 13.1540209774795 13.1820563169235 13.2 13.342297529516 13.3413879929718 13.3402401858374 13.3387503206339 -9999 -9999 -9999 13.3244255014045 13.3253045777607 13.3841425026196 13.4057723417601 13.3849855773743 13.3742561630454 13.3683704328762 13.3647292400821 13.362272713474 13.3605096762868 13.3591852085456 13.3581548621209 13.5 13.4262716401284 13.4166781106998 13.4125931082686 -9999 -9999 -9999 -9999 -9999 -9999
-9999 -9999 -9999 -9999 -9999 -9999 -9999 -9999 -9999 -9999 -9999 -9999 -9999 13.0854565992259 13.088346633255 13.095163932134 13.1064055437592 13.124092475888 13.1544703894661 13.2 13.3408607575083 13.3395783092713 13.3378916832039 13.3355823048033 13.3322471443003 13.2904733448827 13.2902938586971 13.2824048534707 13.2 13.2690492077842 13.325320453442 13.3592455179659 13.3615033114264 13.3609498276049 13.3599184183705 13.3589136005878 13.3580358871983 13.3572893783839 -9999 13.5 13.4274006655014 13.4170798138974 13.4130022989724 13.4112716512087 -9999 -9999 -9999 -9999 -9999
-9999 -9999 -9999 -9999 -9999 -9999 -9999 -9999 -9999 -9999 -9999 -9999 -9999 13 13 13 13 13 13 13.2 13.33969498549 13.3381631672198 13.3361466051971 13.2789239402392 13.2810856810578 13.2825409519837 13.2818766741314 13.2764546610673 13.2662997687261 13.2756561976402 13.2995483740623 13.3105250484181 13.311557787088 13.3537485818261 13.3550114706239 13.3554056792595 -9999 -9999 -9999 13.5 13.4281687872887 13.4173772308365 13.4133567123152 13.4118045637432 13.4114598834887 -9999 -9999 -9999 -9999
-9999 -9999 -9999 -9999 -9999 -9999 -9999 -9999 -9999 -9999 -9999 -9999 -9999 -9999 13.0895629477808 13 13 13 13 13.0996230069083 13.2318569120876 13.2689552509749 13.2703198436905 13.2718773200811 13.2734836043132 13.3249316110455 13.3198662198278 13.3136427818099 13.3094584803321 13.3137492014309 13.3247605098654 13.3345583477636 13.2977369779822 13.2970585641368 13.2950691288565 -9999 -9999 -9999 -9999 13.5 13.4255296622884 13.416363866102 13.4132076916474 13.4120308593524 13.4117233197909 13.4121514704331 13.4138629402496 -9999 -9999
-9999 -9999 -9999 -9999 -9999 -9999 -9999 -9999 -9999 -9999 -9999 -9999 -9999 -9999 13.000644458717 13.0006380231927 13 13 13 13.0935976235312 13.1012269944458 13.201683481533 13.2632684730547 13.3306071757532 13.3280995144434 13.3252488013157 13.3221916636313 13.319547679638 13.3188069614334 13.3215022430802 13.326999284345 13.3329479417133 13.3378081981206 13.3413290534615 13.2853493633338 13.2843955130453 -9999 -9999 -9999 13.4166448218656 13.4164020710219 13.4143962711389 13.413331692607 13.4129481731627 13.4129412960921 13.4133521225651 13.4148409491116 13.4166311828143 -9999
-9999 -9999 -9999 -9999 -9999 -9999 -9999 -9999 -9999 -9999 -9999 -9999 -9999 -9999 13.0007379337066 13.0007110197567 13.0780495867457 13 13 13.0869259240084 13.0967945335667 13.2663160339376 13.2731122496603 13.3299391724916 13.3275497057789 13.3251727574797 13.3231342102809 13.3219558782978 13.3222738834501 13.3244541224164 13.3281327176558 13.3323809906728 13.3363660125025 13.3396916807059 13.3423046825935 13.3443034548101 -9999 -9999 -9999 13.4089661882728 13.4133474232987 13.4151090054611 13.415833484685 13.4162401266575 13.4165271068496 13.416944454515 13.4185170184426 13.4203235588666 13.422953250042
-9999 -9999 -9999 -9999 -9999 -9999 -9999 -9999 -9999 -9999 -9999 -9999 13.0940654717642 13.0920218620329 13.0376462418931 13.039432211772 13.0413588342978 13.0733992883409 13 13.0417103218359 13.2044388579149 13.2134828213189 13.2700409867816 13.2762222498723 13.3266070319574 13.3240592032848 13.3220622425785 13.3212059324752 13.3219541282175 13.324332757587 13.3278632725044 13.331831286138 13.3356299743375 13.3389212360019 13.3416051992777 13.3437198319619 -9999 -9999 13.4030614971605 13.4121042625219 13.417375306217 13.4203419618629 13.4218905714884 13.4226567286574 13.4229773064 13.4234675365475 13.4250382126583 13.4267832980293 13.4285213305915
-9999 -9999 -9999 -9999 -9999 -9999 -9999 -9999 -9999 -9999 13.0952898740946 13.1069370620174 13.105750808003 13.1751272495209 13.1785248749129 13.1395159401272 13.1477490494913 13.1565837604897 13.2138537484142 13.2181293468716 13.2771960436599 13.2138499485814 13.2232707441289 13.2742209611691 13.3251750557978 13.3216368577015 13.318586680914 13.3171164342133 13.3181656854167 13.3216220806549 13.326353797824 13.3311737223484 13.3354224258956 13.3389024022584 13.3416484433509 13.3437758659034 13.345410961488 -9999 13.4153554682237 13.4238069502838 13.4289865507316 13.4319860716993 13.433483705448 13.4340091349501 13.4339346777187 13.433940366359 13.4349598801084 13.4361272671041 13.4372792196606
-9999 -9999 -9999 -9999 -9999 -9999 13.1058295187962 13.0987140050916 13.0943315448124 13.1034106322498 13.1039682204977 13.1631705536869 13.1665882039417 13.1685049587719 13.1708607480686 13.1760512854117 13.1451154046231 13.1565153767764 13.2130147331626 13.2816490994553 13.2912611356446 13.2845366091789 13.3014157790845 13.2347533855597 13.277958032229 13.3179818879334 13.3121657166156 13.3084734915759 13.3098815358606 13.3162116166963 13.3240666303571 13.3308791845969 13.3360265391914 13.3397646654072 13.3424821777849 13.3444848055146 13.3011156525409 -9999 -9999 13.4441719212778 13.4481412491274 13.4502942430069 13.450960970241 13.4505744610022 13.4495332759048 13.4485149620608 13.4485230182397 13.4487024739756 13.4490329899109
-9999 -9999 -9999 -9999 13.1433448165338 13.1150216740217 13.1027501130593 13.0911613374122 13.0944301842055 13.0964785604804 13.1499312182625 13.1578993545824 13.1610832876886 13.1598597540598 13.158541074456 13.1640565873059 13.1409101535691 13.1569124289738 13.2117690072283 13.2820338287325 13.293359498797 13.3013176329149 13.2924332779061 13.3072069410225 13.2467842238735 13.2863798976232 13.3023606127948 13.2919218316036 13.2937602549877 13.3080450838354 13.322454007293 13.3321761231693 13.3381187476031 13.3418001960973 13.3069750799648 -9999 -9999 -9999 -9999 -9999 13.4758693330536 13.4760478035988 13.4749363093741 13.4727853324311 13.470025928383 13.4673769282129 13.4658079946301 13.4646263631868 13.4638749124143
-9999 -9999 -9999 -9999 13.149535877534 13.1197746060443 13.1002948914426 13.0772012780379 13.0766164410839 13.1231321006096 13.1919441570157 13.2095721885138 13.2136685001231 13.2031029096139 13.1857275334761 13.1936316728432 13.2256150530497 13.1593954748711 13.2125094390712 13.2851353298081 13.2976174156258 13.3059390414547 13.3110253307514 13.3131286210356 13.3107741012038 13.2902948820353 13.2722022529033 13.2424949694467 13.2441548373762 13.282630084704 13.3050359676326 13.31333424383 13.3153753732579 13.3149684771231 -9999 -9999 -9999 -9999 -9999 -9999 13.5157014203951 13.5119192576585 13.5075925845521 13.5025029710722 13.4970437429203 13.4919606881693 13.4882030379092 13.4851826555517 13.4831140822536
-9999 -9999 -9999 13.1691951726171 13.1626369782714 13.1337892625429 13.1073508706142 13.0597656937661 13.2 13.1447695478492 13.1899824060754 13.2128879381318 13.215518229575 13.1911118687777 13 13.140106979063 13.2172354059243 13.2388308409216 13.2800637225768 13.2924522935902 13.304715185236 13.3125376340526 13.3173319996823 13.3196565834715 13.3191080503665 13.3640985143657 13.2829280596916 13.2147903049541 13.1 13.3539853347428 13.3946002313872 13.4168932325973 13.472958213042 13.4946256698185 13.5131185195527 -9999 -9999 -9999 -9999 -9999 13.567307850994 13.5589516757455 13.5498321343387 13.5402546097672 13.5308947920121 13.5224538432946 13.5157630910658 13.5103896145774 13.5066486745143
-9999 -9999 13.1820244654563 13.1834699852174 13.1840806656895 13.1646258570409 13.1913494661024 13.1284659054269 13.1067829129288 13.1644522538199 13.2056504017299 13.2272959919883 13.2303589041768 13.208675877734 13.1508851760409 13.1691795357593 13.2378909858461 -9999 13.2956409053638 13.3701682092831 13.3150499282464 13.3211249262662 13.3250283760301 13.327668073649 13.3294754438026 13.3851772979198 13.3373946902598 13.3854984643291 13.4445010377355 13.4859539364698 13.5199792456965 13.5598136558647 13.5966383687364 13.6282111597443 13.6542425229409 -9999 -9999 -9999 -9999 -9999 13.63392247981 13.6193646346735 13.6026506582891 13.5862419778592 13.5713291550747 13.5584003982768 13.5479721382343 13.5396668427147 13.5337931078555
-9999 13.1876853037155 13.1921269717606 13.1987615215688 13.2095050780798 13.259442689651 13.2773867551464 13.2837626446225 13.2248174676852 13.2207291932568 13.2376884346992 13.2523367871877 13.2575875468465 13.2516344581797 13.242224196986 13.2538064337219 13.2840690360144 -9999 13.3189356026018 13.3873238429632 13.3921036129881 13.3313592098854 13.3335396449336 13.3360059505276 13.339815750834 13.3853514263604 13.4646638242373 13.5159884490549 13.6 13.5409414222711 13.5594332177924 13.5922979177551 13.6256968935405 13.6550117720055 13.6790244662451 -9999 -9999 -9999 -9999 -9999 13.7317321909006 13.7000330913809 13.6681144558625 13.6411384778179 13.6186750062327 13.6000931947656 13.5851557647554 13.5735121206549 13.5653056689585
13.1891202877789 13.1937240297865 13.2003953643491 13.2107190015999 13.228190994263 13.2918942322111 13.3437471624793 13.5 13.2966371852393 13.2714060314723 13.2742396098961 -9999 -9999 -9999 -9999 13.310334555319 13.3313478694842 13.350488849324 13.4052886020002 13.4082955801613 13.4076389483496 13.4054026731568 13.3421205741222 13.3435292621733 13.3475696667241 13.5400792447133 13.5676586689304 13.5543603658808 13.5641239286021 13.5781008633454 13.6021242130225 13.6325439248669 13.6627033838088 13.6888234646992 13.7096173771924 -9999 -9999 -9999 -9999 -9999 14 13.7952409393023 13.74132840633 13.6999498007225 13.6686227926756 13.6437445476197 13.6240470145355 13.6087940845633 13.5982358071247
13.1925675855554 13.1979128734423 13.2054558680489 13.2165588890813 13.3155616677962 13.2997912081967 13.3147568888687 13.3398463569954 13.3172145782221 13.3057587263038 13.3086187579755 13.3174148691907 -9999 -9999 13.3332342892073 13.3387236700579 13.3706879908414 13.3994742992783 13.4388023047159 13.4311823231588 13.4238776214915 13.4177996786592 13.3499976779462 13.3496657230664 13.5069055396511 13.5668653849443 13.6082941017793 13.5986831624194 13.6085564167474 13.6265763940018 13.65183505079 13.6802441369987 13.7070521508151 13.7291861168694 13.7456214005926 -9999 -9999 -9999 -9999 14.0917538911266 14 14 13.8105743783578 13.7570860808187 13.7185032614573 13.6881356138314 13.6640864528085 13.6457116379745 13.6329802136613
13.1947044527765 13.2000786088764 13.2072550344971 13.2169273250883 13.3269656009338 13.3213590623236 13.3004142337334 13.3326128985549 13.3309007242311 13.3329858793059 13.3417249430962 13.3538383905336 13.3638387875075 13.3666293348819 13.3566359573132 13.2 13.41136051613 13.4840675128606 13.4920612415627 13.4522649808281 13.4386410024122 13.4292561943258 13.4223079914568 13.3542846222409 13.5859585249777 13.5925589014698 13.6477240704002 13.647298002504 13.661222129324 13.6819068001449 13.707561180633 13.7342704097022 13.7577746732324 13.7753055613679 -9999 -9999 -9999 13.9591370393682 14.0902728526161 14.0912923092829 14.0921941997467 14 13.8698277070628 13.8136296179175 13.7682516021643 13.7329390339105 13.7050158477683 13.6838643614103 13.6692023761159
-9999 -9999 13.2066672514127 13.3325195346393 13.3379814463589 13.3277443700121 -9999 13.3416591738891 13.3486174122074 13.3597395619651 13.3763269821525 13.3959390946678 13.4113808507737 13.4129861908194 13.3978923405482 13.3805560686754 13.4765257511554 13.7 13.5113119514575 13.4991917765305 13.4498081840932 13.4387745776393 13.430622843749 13.5278204668936 13.6056162854997 13.6171696926326 13.6850696810381 13.6957860092945 13.7146877649886 13.7389396013123 13.7662635287574 13.7925836702879 13.8134458410422 13.8260117117115 13.8303565534333 13.8288201912466 13.8240880199986 13.9718340569226 14.0896653006177 14.0909550435241 14.0920275937374 14 14 13.8624829524777 13.8124622766779 13.7745377754089 13.7441866629071 13.7211761123057 13.705135912142
-9999 13.1998191929347 13.2047259171035 13.3434382144257 13.349651619397 13.3576294505365 13.3449905602365 13.3553676998221 13.3680524009145 13.3865555790729 13.4129598545276 13.4472345936921 13.4805474415821 13.4862610710687 13.459732789134 13.4415454324848 13.5066342610875 13.5201343154331 13.5093840994805 13.4955012786453 13.4570210001604 13.4460495757449 13.4374934374557 13.6101694479473 13.6243831141726 13.6403721474545 13.7193352088159 13.7413407058599 13.7654677816591 13.7942782241169 13.8249907873159 13.8528125771693 13.8722741583519 13.8796848572674 13.8759863515194 13.8660375375879 13.9876593691265 14.0873286959525 14.0893010967841 14.0908402708037 14.0920471723817 14.0930055169524 14 13.9000870612195 13.8521841158233 13.8135682685334 13.7818204681224 13.7574676207188 13.7405661437574
13.5 13.1984064016765 13.2022013101398 13.354064060717 13.3614824727606 13.371159336089 13.3568785864859 13.410523533733 13.386007137581 13.4104048565985 13.4468493059672 13.5031830302915 13.5886790022982 13.6218088651621 13.5336235146397 13.5471958202564 13.5266505127913 13.5182042748369 13.5097681392106 13.4999680764343 13.5049255914616 13.451462071169 13.6023236139443 13.6577487164966 13.6419327328449 13.6616614332272 13.7496815363658 13.7819106834698 13.8110746395434 13.845165706637 13.8809891731013 13.9122592222651 13.9316188501183 13.9336919952141 13.9199021166852 14.006264417655 14.0003184099211 14.0870577778907 14.0893773553017 14.0910574371657 14.0923134313324 14.0932798235172 14 13.9327033608455 13.8886923947337 13.8493522902333 13.8168155693375 13.7917541289317 13.7745096346856
13.5 13.5 13.1993572340039 13.3640240946972 13.3726322010222 13.383856780374 13.3677125162046 13.4240635396335 13.4445601498949 13.4269161283084 13.4676576707763 13.5341691792918 13.6625492438137 13.9 13.6511744000064 13.5777762550015 13.5464688456421 13.5270869184452 13.5147096773339 13.5046593270805 13.4959544333591 13.5916628989413 13.6942310286987 13.6710486747368 13.6578439187443 13.7554885186368 13.7753303583245 13.8158097245425 13.8492375595842 13.8888541811766 13.9319306847419 13.969165219852 13.9853822595159 14.0225423167286 14.0236899126076 14.0182655586375 14.084166900737 14.087757172704 14.0900800631231 14.0916894922933 14.0928635178492 14.0937545496266 14 14 13.9172014305431 13.8773970198613 13.8458300590755 13.8215496101232 13.8047404752373
13.5 13.5 13.5 13.6811199976777 13.3824102437379 13.3946171712267 13.4105496483158 13.3928619166786 13.4539275647842 13.4809984947264 13.5177492090914 13.5207474674431 13.6714554634281 13.6822536767312 13.6326078845331 13.5916822646823 13.5565266112684 13.5346365097545 13.5200414765114 13.6011290719265 13.5974495066428 13.595146067194 13.7037636916393 13.7640505173935 13.7665359925357 13.7735920043364 13.812641478723 13.8417045983661 13.8776810128821 13.921667482369 13.9745040340475 14.0870598332599 14.0755682017898 14 14.0357011782533 14.0821666087922 14.0868784447579 14.0896496542997 14.0914644791845 14.0927420586598 14.0936890116856 14.0944184567587 14.0949973593345 14 13.9358469231979 13.8993716785474 13.8702424258996 13.8476564954943 13.8319049546778
13.4788994785398 13.5 13.5 13.6898629808424 13.6959859554991 13.7042801359042 13.7151686862542 13.5930253073301 13.6243737806941 13.6380770270906 13.6549786656556 13.673922773476 13.6891985640796 13.6893118195224 13.6924804265431 13.6655399301569 13.6425385306973 13.6260694430149 13.6151041846442 13.6079280704763 13.6031829262135 13.5999898682994 13.7352342327608 13.782038998676 13.8980658871003 13.9148555762636 13.984217401759 14.0000038831882 14.019210788108 14.0427276578739 14.0730251963354 14.1197625193913 14.2 14.1051461847137 14.0913458313805 14.0903864760719 14.0913592852365 14.0924417396523 14.0933635768368 14.0941149812276 14.0947268327998 14.0952300758419 14.0956492461896 13.9915845200018 13.9505748508596 13.918459117868 13.8921644455793 13.871560692704 13.8571581486844
13.4939338304723 13.5099980777095 13.5 13.6969283611481 13.7032310490731 13.7113168353386 13.7214156998137 13.7336325129947 13.6047170787197 13.6340093887851 13.6456182711531 13.6566366676508 13.6909695641539 13.6875237692506 13.6755953496557 13.6592593934783 13.6432640539972 13.6300849650698 13.6201487721232 13.6129507115393 13.607797941015 13.6041026064429 13.744374421638 13.7905629165317 13.9856874043839 14.1082027805661 14.1096853777911 14.1117436702193 14.1147328450398 14.1192835861937 14.1263454523267 14.1353463676572 14.133870114629 14.1159659503704 14.1030578463618 14.0977367079641 14.095921064421 14.0954353103253 14.0954429666601 14.0956298109786 14.0958736362226 14.0961256258272 14.0963665064879 13.994821760406 13.9605218983082 13.9332606238646 13.9104181759205 13.8922461398829 13.8794805179773
