observations/temperature_argo_advsolver_posterior.asc
NCOLS 49 
NROWS 37 
XLLCORNER -0.25 
YLLCORNER 34.75 
CELLSIZE 0.25 
NODATA_value -9999 
[rows 0 to 25 of 37, columns 0 to 48 of 49]
-9999.000000000000000 -9999 -9999 -9999 -9999 -9999 -9999 -9999 -9999 -9999 -9999 -9999 -9999 -9999 -9999 -9999 -9999 -9999 -9999 -9999 -9999 -9999 -9999 -9999 -9999 -9999 -9999 -9999 -9999 -9999 -9999 -9999 -9999 -9999 13.3818364686074 13.3831560147208 13.3807990114051 13.398771069632 13.4588664623331 13.4665054453987 13.4611788852749 13.4105414202256 -9999 -9999 -9999 -9999 -9999 -9999 -9999
-9999 -9999 -9999 -9999 -9999 -9999 -9999 -9999 -9999 -9999 -9999 -9999 -9999 -9999 -9999 -9999 -9999 -9999 -9999 -9999 -9999 -9999 -9999 -9999 -9999 -9999 -9999 -9999 -9999 -9999 13.4286123514794 13.4029484126421 13.3727441219536 13.3742501042348 13.3616126651438 13.3711223081136 13.3714479305757 13.3960488773513 13.4462041445352 13.4587195995608 13.4463148026611 13.3945268915525 -9999 -9999 -9999 -9999 -9999 -9999 -9999
-9999 -9999 -9999 -9999 -9999 -9999 -9999 -9999 -9999 -9999 -9999 -9999 -9999 -9999 -9999 -9999 13.1502938328565 13.1556338287827 13.1745671685529 13.2315865206348 13.2967278431192 -9999 -9999 -9999 -9999 -9999 -9999 -9999 13.3892775394207 13.3955035849674 13.3911273416233 13.3841386172291 13.3682419148383 13.3712827780495 13.3614398427306 13.3727832635564 13.3697967414216 13.3879067634422 13.4261969829086 13.4424252673705 13.4315522520759 13.386854832855 13.3697773111185 -9999 -9999 -9999 -9999 -9999 -9999
-9999 -9999 -9999 -9999 -9999 -9999 -9999 -9999 -9999 -9999 -9999 -9999 -9999 -9999 13.1197847097664 13.1332904952111 13.1381921311264 13.1472119289907 13.1618680111726 13.217238179511 13.2697140277688 13.3249547069652 13.3411676668148 13.3339525578914 -9999 -9999 -9999 13.3322747663899 13.3537458308619 13.3593105340239 13.3701526537592 13.3594644047929 13.3535008886649 13.3538233190812 13.3482270546094 13.3642454417583 13.3634962469633 13.3804414613023 13.416238230578 13.4464764970319 13.4377432360315 13.3970515593305 13.3932166096618 -9999 -9999 -9999 -9999 -9999 -9999
-9999 -9999 -9999 -9999 -9999 -9999 -9999 -9999 -9999 -9999 -9999 -9999 -9999 13.0773254977128 13.0863955379677 13.0937767408285 13.1076317439922 13.117975382597 13.1538697424519 13.2046613804123 13.2648273729616 13.311606057146 13.3252203196287 13.322714649426 13.3049350018755 13.3025617383943 13.3172413807506 13.33235101805 13.3335534895896 13.3331421173592 13.3408612982047 13.3458044626208 13.3557860532052 13.3491905870451 13.3545312904306 13.3636486213705 13.3676799541267 13.3743436424097 -9999 13.4419755541557 13.4454125553986 13.4106319113654 13.417469728946 13.4119115485607 -9999 -9999 -9999 -9999 -9999
-9999 -9999 -9999 -9999 -9999 -9999 -9999 -9999 -9999 -9999 -9999 -9999 -9999 13.0844530410178 13.0734016941434 13.0744408144386 13.0779126093986 13.0917376345898 13.1177160951653 13.1679737401093 13.2252248091088 13.2743624256916 13.2877945862205 13.2935877031875 13.2917625323352 13.3017758548587 13.3120200391939 13.3297379516779 13.3237206970115 13.337527234156 13.3378424146328 13.3408069889113 13.3364764468286 13.324428022271 13.3323291262012 13.3373348148935 -9999 -9999 -9999 13.4524121087427 13.4471335503691 13.4133501214241 13.4228111998095 13.414733631234 13.4306019244107 -9999 -9999 -9999 -9999
-9999 -9999 -9999 -9999 -9999 -9999 -9999 -9999 -9999 -9999 -9999 -9999 -9999 -9999 13.0348673790636 13.0399806970994 13.046361637273 13.0546553513306 13.093809844822 13.1401666882387 13.206386916867 13.244282013319 13.2769305285823 13.2843187939986 13.2946378103382 13.3052432655688 13.3221195216362 13.3442794359621 13.3314266277398 13.3364558221784 13.3268631303092 13.3339079694953 13.3317912289188 13.3214358841719 13.3282410512037 -9999 -9999 -9999 -9999 13.4280107355726 13.4299416853259 13.4049591631378 13.4182740302063 13.412630858273 13.4248620516554 13.419067787564 13.4193824069217 -9999 -9999
-9999 -9999 -9999 -9999 -9999 -9999 -9999 -9999 -9999 -9999 -9999 -9999 -9999 -9999 13.0494646374256 13.0584804004437 13.0527378869345 13.046712335176 13.0609089044895 13.0965031027349 13.1744960914292 13.2217006553125 13.280043994122 13.285877086945 13.3062018819927 13.3094189074064 13.3301462827048 13.3322423826942 13.3240896170205 13.3328358818258 13.3308210438388 13.3352978214022 13.3254119572323 13.3211008411133 13.3182565367727 13.3112671698974 -9999 -9999 -9999 13.4196213588318 13.416431615771 13.4043498119196 13.405446623666 13.412143939558 13.4181376214885 13.4213832351634 13.4227696775874 13.4180598110244 -9999
-9999 -9999 -9999 -9999 -9999 -9999 -9999 -9999 -9999 -9999 -9999 -9999 -9999 -9999 13.0581419622221 13.0594700266252 13.0647901205931 13.0458244643601 13.0570422671531 13.0781043612391 13.1451187299177 13.1984944249744 13.2671705561447 13.2979164936863 13.3220385616174 13.322441465983 13.3348867151508 13.3285661474736 13.3374139651006 13.336268042275 13.3323905631455 13.31968205252 13.3208442343901 13.3274771443321 13.3219812090256 13.317505093698 -9999 -9999 -9999 13.4216853768699 13.4129720678025 13.4105576692066 13.404890948306 13.4130815440011 13.413264600881 13.4194946294826 13.4251049782284 13.4220319506132 13.424043865888
-9999 -9999 -9999 -9999 -9999 -9999 -9999 -9999 -9999 -9999 -9999 -9999 13.1311805072717 13.1102317431645 13.0988015439295 13.0945516409 13.0906640339815 13.0893274010635 13.0834277603739 13.12116770008 13.1637320062136 13.2100026183365 13.2522900573557 13.2928235133117 13.3244729071763 13.3261811945101 13.3310969300438 13.3262968755224 13.3302597138804 13.3325474731253 13.330823151661 13.3276669340079 13.3282369173684 13.3366350368965 13.3270306708966 13.319175884272 -9999 -9999 13.4295196222979 13.425982016761 13.4241670580695 13.4291265844282 13.4264701291553 13.4300992977158 13.4250204658806 13.4278714133132 13.4376118757418 13.434700258644 13.44171564596
-9999 -9999 -9999 -9999 -9999 -9999 -9999 -9999 -9999 -9999 13.1057353823978 13.1086170647287 13.124837908852 13.113463917981 13.1174194121546 13.1168969857018 13.123940913394 13.1366369290489 13.1471266570552 13.1872700941377 13.2068664954452 13.2274217226322 13.2366764076293 13.2755171153194 13.3050194339686 13.3210510005718 13.3162064258271 13.3199627866674 13.3217814811479 13.3293546853154 13.3213273028729 13.3162568309802 13.3160194127076 13.3326498487249 13.3392658330944 13.3361228699272 13.3181273042159 -9999 13.448403078355 13.4390160435501 13.4417969467942 13.4393256878092 13.440334847168 13.4347068339933 13.4301958395574 13.4320416073299 13.4484586971219 13.4497566685487 13.4586671193553
-9999 -9999 -9999 -9999 -9999 -9999 13.12547160977 13.1074875536253 13.0777396603369 13.0849522487186 13.1069325902281 13.1167198371048 13.14067565002 13.1323510001541 13.1440312059336 13.1408529968063 13.1512592752955 13.1806786509312 13.2104261556823 13.2573030178347 13.2650922838374 13.2594441336523 13.2565434421376 13.2708444147706 13.2941441446719 13.3036529918372 13.2983733675142 13.2991775376353 13.294615935921 13.314771232284 13.3277035952391 13.340712581424 13.3338989923459 13.331470387191 13.3355152016462 13.3334263899908 13.3294221369827 -9999 -9999 13.4435684912691 13.4501434657876 13.4528759598533 13.4514326482722 13.4533713260425 13.4553686590848 13.4691384524178 13.4730958394496 13.4679987349234 13.4604127465458
-9999 -9999 -9999 -9999 13.1083761954352 13.1310621124762 13.1170103130762 13.1088380073037 13.0871140914215 13.1164516719298 13.1337778073772 13.1523175421786 13.1632459676845 13.159647452505 13.1728868825664 13.1743429341827 13.1952204685741 13.2022017409889 13.2329140397062 13.2648783832459 13.2932580548902 13.2873915414864 13.2824678998501 13.2834259137765 13.2947632433386 13.2987936247217 13.2874638843926 13.2839037788365 13.2902633447702 13.3090365091941 13.3271251197554 13.3232562965498 13.3236640566048 13.3119629533177 13.3293860292256 -9999 -9999 -9999 -9999 -9999 13.4741646422356 13.4719027240934 13.4659205776727 13.4709544351589 13.4707892749216 13.4852492297087 13.4831470357915 13.480655369837 13.4673632838687
-9999 -9999 -9999 -9999 13.1088075769053 13.1334342453985 13.1165726952378 13.1268298137462 13.1106458187038 13.1486242025072 13.1541025461031 13.1745806159459 13.187371798892 13.1736737568551 13.1757986823146 13.1664318695192 13.1916433411611 13.2050965924874 13.238756886038 13.2881073913755 13.3131846875573 13.3157791233516 13.2994671668619 13.3066831446551 13.3150483337764 13.3175327729244 13.3051867984065 13.2760352767596 13.2715759885337 13.2954810988993 13.3450601602966 13.3652191154371 13.37233277425 13.3711577509942 -9999 -9999 -9999 -9999 -9999 -9999 13.5194452274548 13.5079980466032 13.5016077720823 13.4999926508035 13.5034827947701 13.5099677542624 13.5106046033035 13.5049243829174 13.4884279455336
-9999 -9999 -9999 13.1686207159956 13.1464586932762 13.1597260788201 13.1199996214552 13.1267964755204 13.1175375713947 13.164494544907 13.1743131365748 13.1927846960995 13.1980748437414 13.1818226309558 13.1845601953903 13.1822803858208 13.203511225007 13.2204744712685 13.2574171381742 13.3011797483835 13.3313644485462 13.3318236176392 13.3201595462843 13.3216872661372 13.3411702775128 13.3472621734437 13.349173091778 13.3175730772493 13.3131656758385 13.3283499502443 13.3777134242789 13.4124803653908 13.4435934273972 13.4931790240757 13.5313236837534 -9999 -9999 -9999 -9999 -9999 13.5797117039533 13.5699636924266 13.5550974788713 13.5448231737367 13.5337639623329 13.5191459974209 13.5272543024042 13.5214331136987 13.5169778215931
-9999 -9999 13.1524731964753 13.1687217784935 13.1564210122193 13.1853135432953 13.1657100697615 13.1732038593268 13.1605850169649 13.1872748300429 13.1906569335912 13.2100651775353 13.204842609787 13.1955174618364 13.1891907963439 13.1983251828692 13.2128211083247 -9999 13.3087578998578 13.3493812143655 13.3568112360707 13.3465037945065 13.3275204668682 13.3330605772801 13.3698641422743 13.3927447090393 13.4118055555228 13.4007546918212 13.3982606879444 13.4253363571023 13.4558053788661 13.512146402641 13.548022212597 13.5932690607653 13.606118505883 -9999 -9999 -9999 -9999 -9999 13.6574113964539 13.6387989919742 13.6019245046435 13.5742237073763 13.5545179946102 13.5398926342047 13.5573991067457 13.5543192166892 13.5572554326503
-9999 13.1989151502032 13.1804530149814 13.1816807763135 13.187551299836 13.2260552133454 13.2580459352063 13.2537184626669 13.2261560374948 13.207187447575 13.207254138652 13.2228482373151 13.2139417121262 13.219061013989 13.2366577701109 13.2584627613516 13.2894849630322 -9999 13.3729485562754 13.3757479775294 13.378535255711 13.3524372466721 13.3457625737773 13.3496756136265 13.4164794261211 13.4571593776717 13.4968275709391 13.4974919041263 13.5056475049852 13.5248066786164 13.5398712421045 13.5760565712595 13.607921127268 13.6505790860147 13.6679017611933 -9999 -9999 -9999 -9999 -9999 13.7702753279103 13.7420279105819 13.6720868891304 13.6401056062831 13.607760290862 13.5849690143275 13.5846141655961 13.5790704042424 13.5871096206727
13.207787460683 13.1934165098185 13.1770720017408 13.1808332369576 13.2122231832307 13.2667692344187 13.3192143044428 13.3228980479715 13.2971798209256 13.2719624058271 13.2715045311227 -9999 -9999 -9999 -9999 13.3334709186858 13.3602268163142 13.3876061483716 13.4058959640423 13.4140959930366 13.4038211144251 13.3787396292171 13.3537797540684 13.3787605465311 13.4578098893681 13.5337292840629 13.5690759857697 13.5837385084246 13.5885325744224 13.6090213429554 13.6188780525905 13.6424571792918 13.6679915573203 13.6865813246568 13.6948286707397 -9999 -9999 -9999 -9999 -9999 13.9223841182997 13.8412069867397 13.7504251377355 13.687315427367 13.6554826112736 13.640297023911 13.634183077373 13.6305813728453 13.6311495686868
13.2151098374757 13.2046076224387 13.198662016704 13.2144359458951 13.2572237930344 13.3068517795165 13.3575512929067 13.3553114908481 13.3349295960436 13.3008300471222 13.3113694063053 13.3374004898208 -9999 -9999 13.353095711633 13.3652667956755 13.385540473799 13.4138828523922 13.4251613182618 13.4163456066239 13.4196378093301 13.3991804644754 13.3816038757956 13.4070637287867 13.4860495590879 13.5839638798716 13.6244522578975 13.6271594218391 13.6244043974413 13.6460050468901 13.6796168066929 13.694708329425 13.7082858718999 13.7109824222356 13.7256847517499 -9999 -9999 -9999 -9999 14.0658261759401 14.0157172441064 13.9275834873245 13.8386213688687 13.7616428233594 13.7276690369793 13.689628073099 13.6681220488582 13.6428693605877 13.6356988399781
13.2067867474724 13.2006218563806 13.2239023148466 13.2574103145285 13.308024550416 13.3281619476075 13.3447725426186 13.3435139645207 13.3408474309856 13.3405602066476 13.3512104491954 13.3783907866136 13.3866883873959 13.3902386335001 13.3623694971367 13.3873111836619 13.4388566931428 13.4681441764429 13.4742972588334 13.4326605039987 13.4376897581262 13.4152367896458 13.4104099969508 13.4438930132202 13.5138090380885 13.6056600614823 13.6502893325498 13.6760314378394 13.6768676499624 13.6928561908907 13.7210632870688 13.7463451368009 13.7716087684446 13.7847217989547 -9999 -9999 -9999 13.9738354895846 14.0327632749817 14.065423317047 14.036377348161 13.9721614552944 13.9009874492848 13.8187893085894 13.7810691664902 13.7360732938662 13.7105706933167 13.6742532908618 13.658257731189
-9999 -9999 13.2242946765238 13.2598501279783 13.3124197623404 13.3200406119765 -9999 13.3481400059463 13.3518343540239 13.3558769718594 13.3633700705307 13.390763185983 13.3995299367134 13.4191731851808 13.3917199601502 13.4128078540429 13.4593258582438 13.4862786797692 13.4892174554338 13.4401466570465 13.4463528831516 13.4238757189139 13.4487209156708 13.4899655001694 13.5662351174689 13.6291463689761 13.6734631627206 13.6967978859174 13.7073784229904 13.7294768865159 13.7639287425129 13.8000629778941 13.8219465555931 13.8413924559701 13.8676657856151 13.9059809465791 13.9502761458103 14.0173595925518 14.0408033389706 14.0709565790383 14.0473113432221 14.0096094155188 13.9491245161926 13.8766422300987 13.8329438757586 13.7829435831755 13.7541206640333 13.710586314048 13.6919174526725
-9999 13.245419691639 13.2492189805144 13.2821228847063 13.3375837418989 13.333788050193 13.3651269578707 13.3611753439143 13.3716287302722 13.3805318091381 13.4021200527481 13.4395826486317 13.4737161751938 13.4904011776931 13.4766598685841 13.4644411293428 13.5011340933924 13.5053040668776 13.5176728383438 13.464918420951 13.4602364734237 13.4535841711983 13.5069484610387 13.5632212976213 13.6245967163769 13.6598718874005 13.7036092890855 13.7353908583908 13.7530744327476 13.7729511807364 13.8032694481808 13.8571063773945 13.8920522803781 13.9068857127431 13.9198555883802 13.9409084024782 13.9914467613447 14.0340257025648 14.0455607266417 14.0605883974319 14.0507524017826 14.0328043437834 13.9768442352413 13.9156441385466 13.8817326282242 13.8457582642299 13.818999266378 13.7827109636482 13.7631551390804
13.3769195563852 13.3246842731102 13.2897371518797 13.3033752838625 13.3498389356966 13.347091286972 13.3793938341727 13.3905958663707 13.4203402815502 13.4288664965794 13.4509697512561 13.4953954691254 13.5760836614157 13.5966764124729 13.5734441970957 13.5144045445231 13.5146055681665 13.5142470271053 13.5093274646193 13.4870367942574 13.4815166783316 13.5164586181405 13.5848815097857 13.6393632250479 13.6831467434605 13.697067002224 13.7441023315034 13.7801648269071 13.8074008378713 13.8252086622213 13.8480521156486 13.9005615352917 13.9437086056464 13.9621903912844 13.9729570288501 14.0028773833284 14.0418577211273 14.065912181958 14.061544843889 14.0658888593084 14.0722625692165 14.0440900126355 14.005598661588 13.941059394602 13.9151216666749 13.8807594257303 13.8593950084375 13.8302194146081 13.8109206663415
13.4653134436165 13.4338473905646 13.4150710403355 13.400843152149 13.4143772992558 13.378834850972 13.401570220644 13.410286845462 13.4528809422979 13.4702814163927 13.5022741776497 13.5427437316775 13.6304197745977 13.652605980927 13.6334228649188 13.5645680793336 13.5493335508511 13.5315083576405 13.5299644335115 13.516967875268 13.5288491120332 13.5836300055785 13.6555347208146 13.7087835779755 13.7303530075624 13.7441241381591 13.7851217101487 13.8274216967726 13.8587539741511 13.8851382385579 13.9050647761871 13.9529360508403 13.9879659142833 14.0045317275359 14.0123353364576 14.0283115757788 14.0450828139434 14.0491363082634 14.0434513062802 14.0483268878794 14.0500697023816 14.027595513872 13.998651837553 13.9545043057049 13.9366670984125 13.9055876303339 13.8820339495178 13.853560105622 13.8389295370705
13.5116271537472 13.4901006941149 13.5167243996586 13.5083145479359 13.5313317521953 13.5024236516989 13.504718661328 13.5145641976909 13.5415067728701 13.5662541665233 13.5814790439577 13.6025801926335 13.6650607149042 13.6827102731613 13.6654137688264 13.6184532988985 13.5914331041985 13.5787186042004 13.5612107628458 13.5651304462218 13.5697758721616 13.6185292136257 13.6776949144952 13.7463874727232 13.7819645962693 13.8193359291849 13.8621669826223 13.9091659401942 13.9394824226012 13.9576595224655 13.9713197230398 14.002703811747 14.026653895761 14.0403742164023 14.0354320635391 14.0458814689339 14.0465174292767 14.0533847988344 14.045251176025 14.0461327432062 14.0376848041912 14.0233407467923 14.0004411107908 13.9716358509025 13.9439626296566 13.9188496634572 13.8937893981362 13.8711931528598 13.8563586263812
13.497780066537 13.5005406568169 13.5668548566706 13.5883077953282 13.6203078157932 13.6050144551381 13.6036599159187 13.5904979086789 13.5902232464646 13.6043967289431 13.6173268127133 13.6202244329234 13.6385286441005 13.6610802276762 13.6565756102879 13.6489521589731 13.6222957891963 13.6154064254418 13.6068754573332 13.6184091155935 13.6206671133141 13.6453414608476 13.6861558757046 13.7640266422154 13.8295360438154 13.9130846949124 13.9576925030916 13.9974934316847 14.004764726785 14.0276240376847 14.0436841773281 14.0722045692768 14.0754426476856 14.073672375989 14.0548077454223 14.0641766400509 14.0566651328447 14.0655115259424 14.0513395114076 14.0575223144944 14.0355575103349 14.0297131384978 14.0009195500571 13.9862346107652 13.9593692928593 13.9370569608539 13.9149544954445 13.8918757987315 13.8838336289892
