All-in-one-application-example/output/BIMAC_interpolation_sd.asc
NCOLS 126 
NROWS 122 
XLLCORNER -63 
YLLCORNER 0 
CELLSIZE 0.5 
NODATA_value -9999 
[rows 88 to 109 of 122, columns 0 to 48 of 126]
4.76717574944087 -9999 3.01545472893697 2.62979459083231 2.45955706871176 2.35282803869929 2.10101422045989 2.05198698331493 2.25715996750615 2.55397031011038 2.24889168676541 2.00976307220982 2.06955837941565 2.15909336532405 2.31718762593966 2.29750583622173 2.47337099764263 2.28330542293614 2.45089456968408 2.17834256223546 2.30217101088253 2.04744899586226 2.3364668221634 1.94833460576116 2.17865796975994 1.79387656792682 2.010022943149 1.72411902043959 1.91874171421461 1.80649731480655 2.05426334077236 1.99295887844433 2.17683851706253 2.04289479051997 2.08157191051897 1.9947646168807 2.00734118881523 1.89198553838128 1.92777521250725 1.83106632093191 1.861385022646 1.80692202579829 1.72261050363262 1.72701358165764 1.68579806602047 1.85443689769207 1.69636126917482 1.83719792588051 1.65366769251502
4.0573870792877 3.87436700677395 3.1554923099898 2.70309998815569 2.52039561182312 2.41606868925436 2.32021956601907 2.10266824360722 2.09294003593711 2.06785879124216 2.06991224012947 1.71788649316525 1.740323916396 1.68043436286849 1.87359682677167 1.91989753927292 2.19272077754483 2.25186600204387 2.372342279471 2.29649534976663 2.37091331165071 2.29040514364149 2.24233536608121 2.22405744783617 2.02646163107835 2.11431750286892 1.88084279833971 1.92133917361634 1.72342717179902 1.81331114714521 1.73742885336683 1.89470045834558 1.80976291374276 1.92206146147949 1.82269055797238 1.88270444047922 1.81249099941628 1.79260856132852 1.71834750310863 1.65673324897537 1.61587406409004 1.63031059867925 1.5976966987184 1.62498838095794 1.61066905498826 1.62391165853897 1.52903155268389 1.64130653865881 1.61000976148524
2.71657026934078 2.61777947776816 2.45480251948251 2.19870840692487 1.87148843507751 1.87323934625102 1.8032869512046 1.84956987638822 1.74329374100011 1.72919816925833 1.7895750808744 1.69639806790286 1.71948610975655 1.57558087608299 1.6747645478917 1.63802532339723 1.87963963331583 1.86474069567515 2.03554567458051 1.94556707334474 2.16251687288118 2.1597731493026 2.24363243826356 2.19772179344022 2.25028747850549 2.17666544148109 2.14677400521795 2.14885896596197 2.01928222057094 2.00729293639124 1.93239254106708 1.94740093179314 1.88211380418483 1.90517186553453 1.8412564373142 1.95983063662165 1.87542036666522 1.97084259084599 1.7484002844417 1.7999555704694 1.57509042402189 1.70058793207144 1.47831840332593 1.68620641186798 1.3134081392522 1.51952823324689 1.13521473691148 1.53960260018328 1.3071130767976
1.48168052286546 1.43206362342333 1.4945773654166 1.3794522137809 1.41968311030186 1.3149415112377 1.51409659944903 1.46304979606064 1.61910906320201 1.52632012973154 1.74731469130981 1.6893306007221 1.90807670011306 1.80574042751857 1.97092177996861 1.89604380957634 2.03611648080816 1.89660021161192 1.87863810759117 1.88462855991332 1.86813363234882 2.06789996794809 2.02158604216459 2.2607456419441 2.07500303003409 2.35872874847625 2.02489662653353 2.23033586405308 1.97853453809528 2.08569908103413 1.8199564209738 1.95860430369894 1.77164352526972 1.89928002503859 1.79819195373633 1.96952285478551 1.87581492394353 1.93686872333052 1.77615506189864 1.79233584680888 1.58275215090327 1.5820836192542 1.3690676609467 1.40013234159624 1.19032562688202 1.15972239984838 1.13579515553549 1.1699687751731 1.22674414319306
0.882706553462073 0.944196984790921 0.854501269999577 1.00372014009142 0.988873054852403 1.15452005331978 1.07832574612933 1.137879324398 1.15158271766614 1.24086588267936 1.37230067173632 1.46676822169295 1.67754066144507 1.76572844857662 1.91327771713438 2.04260763923856 2.07271463051447 2.09214700240768 1.92868068974904 1.91548199990313 1.8116381480457 1.96832094524255 1.95041590796821 2.07959238838843 2.01829778474431 2.11312903237346 2.05485963684441 2.05632368875593 2.0058824171765 1.96427106877705 1.92468142944501 1.84586541144713 1.84874840432918 1.84346491212344 1.78519751487895 1.81183824987151 1.73057926935319 1.59912769634312 1.48742745159374 1.50431966491647 1.36404056082056 1.37196868102575 1.05954709303677 1.12592658082119 0.873781044110091 1.19011216538011 1.01831388997798 1.32665825793471 1.23893983328177
1.06708673916035 0.963633385202244 1.04571975843565 0.967137018397901 1.15969054856996 1.10137455988966 1.16196900723578 0.99557116576316 1.09648246645786 1.00021557963813 1.10575374826545 1.08499258396627 1.25338843545568 1.32540985781891 1.48243124948221 1.60568091430083 1.76929708808301 1.89643621051329 1.94323898584289 1.97603249993816 1.87677676211805 2.00288115123653 1.86422539624514 2.03595137011586 1.85837341759717 2.02958085151071 1.84220965062853 1.99036345932576 1.76134587530965 1.89840840448791 1.6819395828728 1.85658531320309 1.67154000615138 1.82416943748306 1.59720348061181 1.66517515301768 1.38176090637771 1.35671336805377 1.06499015855381 1.27969555433441 1.17476092295672 1.30781743709414 1.04391751636812 1.11319622632678 1.05132228387884 1.25999185889571 1.24396328372599 1.38109433627201 1.41817980833351
1.15628612743926 1.10230655037312 1.01412905884443 1.02371774513008 1.01236100311556 0.993786480771344 0.987553207322684 0.95600767681231 0.945802143873571 0.885520962053274 0.922158945125151 0.867273325374762 0.972018038073057 0.966329893398716 1.04594837833339 1.0919738079631 1.17209037234969 1.37987267321589 1.46572174292412 1.6756736846191 1.68704018321844 1.88378016906939 1.84608393758391 2.01568156081707 2.03332609148234 2.12643358544061 2.13086313407072 2.15850058879841 2.09911887825503 2.04830353292647 2.01577216152335 2.00469212041764 2.04766371516715 1.99107587755393 1.97038991715895 1.87932657335769 1.80556896344788 1.62013105020824 1.56635848728973 1.55894168560633 1.59057099689226 1.60472064972265 1.41437119835789 1.44510266635163 1.33765180744456 1.49456548748757 1.4451920906198 1.54254786529337 1.56983730399447
1.25497554704419 1.1619349517316 1.04202529745328 0.976577630735875 0.968323312525666 0.924645796018166 0.961499457727203 0.910102279237353 0.986729635512268 1.02116736377816 1.05364896154067 1.03095176990387 1.03243526636157 1.08647071579424 1.09262082091069 1.12171583124767 1.05630339708002 1.14100892577904 1.13103250026419 1.35466130087887 1.37604052493012 1.62145565973317 1.60322056267831 1.82403640454017 1.74979273037368 1.99457724078016 1.89250324020283 2.08379610816571 1.91760841084502 2.01969244506195 1.85062876262372 2.02224578505283 1.89759285298306 2.03376948130924 1.89468318255635 2.03036305204876 1.8970129204681 2.05128195308798 1.95214794416317 2.12789586477413 2.07640954499719 2.1901136214676 1.97549609702842 1.98789690172118 1.8640900382314 1.93751941323377 1.84723498392661 1.91991998270524 1.81611844476695
1.63588412000324 1.30864090021864 0.786194811681568 0.734175790432267 0.738223966990293 0.881911473607038 0.928649262435603 0.928941575429695 0.988235937171149 1.16149982891202 1.26823330812309 1.19221258150646 1.17017620655924 1.21784993312426 1.20971727990923 1.27995427041919 1.20957856484412 1.23312115838857 1.21588785264074 1.35391889978248 1.4333463791547 1.55368984904378 1.57624785961305 1.67004530111468 1.64504530769179 1.72911453979052 1.78954201530196 1.84034962743048 1.86486081713001 1.82279714182898 1.85247558716773 1.79829412757947 1.86082316845891 1.82334175313887 1.87914014501319 1.8691988043006 1.91856626658227 1.99634476716933 2.02064836981702 2.19762139169755 2.21083200608209 2.35670077768366 2.16353582344971 2.20315696773073 2.00920336947388 2.13344770214568 2.00223884515423 2.05404775217261 2.00914456621889
2.08836144974762 1.30778243583178 0.759012893106169 0.759825310765644 0.828506289663068 0.93860333773816 1.01926391302236 0.929964602091124 1.00781477871938 1.25672919859277 1.39397735768617 1.30538670302893 1.30979770231111 1.34193846370467 1.34381169413061 1.34662185861585 1.33769997298861 1.34849884222991 1.29092766961155 1.38007646125744 1.39844913834238 1.46979989378631 1.44337523184607 1.45863143300625 1.49164978009378 1.4903776628009 1.4961443143767 1.53198453238536 1.55449454021066 1.58927061113102 1.55299053768934 1.58582673576015 1.59706861613947 1.63670564232051 1.59341200555383 1.72998402819658 1.62946202565234 1.79387922911332 1.75225232290031 2.0195140041152 2.00986132538922 2.23850143064164 2.17866633472198 2.29201696753572 2.24377258355759 2.31652301922276 2.16476016084456 2.22922473004399 2.15873324701283
1.61541266952389 1.32182264278074 0.813721113642289 0.787944200254627 0.883604101947429 1.05901671657881 0.935009502946876 0.865251369849837 0.979156090226277 1.22533358411858 1.39485394935318 1.49408769042077 1.45157770450773 1.5589912269942 1.41786600365416 1.42736217030614 1.28446004205491 1.37109747658911 1.38402037414364 1.44838944075066 1.51804068117441 1.50270465493166 1.50974848513211 1.53123019076194 1.60564016200853 1.63137975727326 1.57455223491238 1.56214068879153 1.69200475166684 1.7207160799772 1.76659214983446 1.73798485579356 1.74338990368906 1.74810089643095 1.69047683000751 1.75107711797375 1.73837226645762 1.73780766918053 1.71996043297933 1.82415359633204 1.84736223579582 1.90808843602951 1.93631036719939 2.09514192113507 2.11540463000834 2.1405413351685 1.91729902642261 1.94301413853249 1.89011228431893
1.45898610429437 1.65244006075697 1.53622516957056 1.41052754008261 -9999 0.970320439438887 0.857761758004307 0.770785830633036 0.855335823492389 1.02730163307068 1.29191379335088 1.40468634894463 1.40544930973687 1.47654235997286 1.58505603532884 1.46620546757227 1.35724732577566 1.26484587580495 1.27671450821616 1.36814392271934 1.4118577361872 1.3949682626826 1.44041339119632 1.5072444894678 1.63445444129795 1.57218093433629 1.61480682191187 1.45060739316315 1.56652135018308 1.71302724869346 1.76971423125935 1.89410010840806 1.87447898985278 1.85549252980373 1.65182622163159 1.65039110709894 1.56131354497452 1.63263345253869 1.51984801670233 1.71404132506197 1.71222340638983 1.91781521688272 1.94447961986296 2.15867743160441 2.36207661667531 2.46714536177414 2.25431418315658 2.18799253105167 2.04164679559603
-9999 3.11309209597384 3.26193187029901 -9999 1.00688387109094 0.828984236969961 0.769940080300663 0.743258178854712 0.778202186100538 0.878723613333271 1.07688772196036 1.21072561512204 1.17961241681878 1.32673175570381 1.42690492660703 1.54521926983997 1.2681147400454 1.26402740249585 1.29973234288012 1.29600461559662 1.3475770281014 1.21804130359315 1.28375122940896 1.42147790205387 1.60994880327078 1.65627399064513 1.63643153021288 1.64215973211756 1.54653927409781 1.68745644926646 1.79522602968954 1.85945223438901 2.08656545236788 2.12830998925098 1.85764886264404 1.76504660932286 1.57836410812483 1.63279949947457 1.43302334146082 1.54173151339346 1.67435076809827 1.8002229570588 1.97949111494943 2.02498099092755 2.19267421014726 2.43355711160001 2.2566815097191 1.99728818727994 1.97043352471747
-9999 4.75539366538359 4.63144798457445 -9999 1.0405178511259 0.827936756856722 0.692476147613299 0.728714174451127 0.691103729503125 0.743724683454245 0.751075156386926 0.881291654118588 0.870939095216362 1.09106819079821 1.35697229384123 1.41620083525513 1.34630017644709 1.18918879820487 1.15701262736037 1.13201004806014 0.96655098613119 1.0031042143596 0.941152332702068 1.14809136192723 1.3084047005236 1.46101755782644 1.51965114689702 1.60669675406065 1.56846089304731 1.63948543847128 1.6267001727537 1.89233388175611 1.96000331833851 2.3403179591393 1.97065752581622 1.845561293671 1.87128772033416 1.80288776321243 1.81690954120376 1.7181625006326 1.86949271775111 1.9038520592635 2.03837136434312 2.14338036651461 2.2585780426605 2.34443568656218 2.16043746948592 2.11780859306909 1.90384357223363
-9999 -9999 -9999 2.6468986132152 1.27201839517428 0.911423375496551 0.696760194966678 0.631879306085456 0.682480993931075 0.621610190707828 0.674759619001115 0.717753368405532 0.803375374847619 0.926626532416472 1.14182625574075 1.32003855094306 1.22674452027687 1.19886337565407 1.19374955158746 1.05015940857281 0.955890224187313 0.777935277804944 0.868023984202749 0.98316196156181 1.07897399751011 1.29018885628384 1.33215417799685 1.47497438501021 1.48993236385189 1.51363562904551 1.54422233459201 1.61396813468569 2.09401568161384 2.22031152805138 2.27744554464943 2.12361238498271 2.08662210513325 2.27478214308217 1.93751671693514 1.960561719629 1.75254325712116 1.68258282005971 1.85917537212565 2.0942455533813 2.03195729835399 1.99103814305812 1.82121640336091 1.76362735204205 1.73857437642174
-9999 -9999 -9999 -9999 1.80873397277853 1.11999688338643 0.740581665762197 0.619157406512846 0.547421831114808 0.587311188609593 0.514747260895737 0.610478834301097 0.587240824693979 0.686378326690395 0.835110472177014 0.97107779467004 1.00376000315536 0.958208782997862 0.937913987469481 0.908698678297781 0.740086912005272 0.853614426484514 0.852875043379162 1.04291895019953 1.03095789825463 1.0525570057437 1.19884954210827 1.28194194809698 1.32080825964771 1.35759282941556 1.41963833760247 1.59275891508783 1.70765927717205 2.17275572783528 1.94345023603435 2.0006115170375 2.20586963290468 2.29157487230295 2.43436517319535 2.08982410999446 1.98770712937626 1.7480829724084 2.07983348530551 2.29114746121987 2.2967479567998 2.157309293424 1.94060396428059 1.83866084257298 1.49305053600378
-9999 -9999 -9999 -9999 -9999 1.58264867906312 0.896663563000524 0.621628013783775 0.664385821893012 0.575132915853313 0.629557059562627 0.544142839962169 0.595498716871698 0.517017653657389 0.59198623969762 0.578826875878824 0.705252592936008 0.680866862288773 0.786005306960943 0.694752294959847 0.788215171108076 0.752727343535545 0.960510923697371 1.05044926196409 0.981522289840472 1.17840527980468 1.18832373783001 1.29519287703582 1.17171354200675 1.21931365480549 1.2275390989214 1.33374384615454 1.61932216007385 1.77418843686086 1.86887222625586 1.88365803858454 1.97072286209246 2.39360478133485 2.33616525260609 2.21454691449295 1.8859230194212 1.7086801807881 2.02512429574535 2.22515027747719 2.15133490613631 2.1499701657661 1.90478738516745 1.60895765640231 1.3673482892754
-9999 -9999 -9999 -9999 -9999 -9999 -9999 0.71845239800037 0.649366084842715 0.642896140852745 0.582161125872348 0.584734214799669 0.543795411736681 0.530470002528905 0.508218785118757 0.494929082392245 0.512114612141955 0.511884229020117 0.538755950241064 0.581099105260184 0.623739230350483 0.860945077779648 0.995716957717082 1.02514845898705 1.13857942555302 1.17428278086412 1.32854756784164 1.15769572514929 1.17773419901623 1.03400710236133 1.05115402412607 1.08759730679942 1.27127545230455 1.50686553253274 1.62998251999114 1.76064198644296 1.9375214102035 2.24236281997934 2.63387741259064 2.35962556928962 2.17216009268901 1.91821110137101 2.20191180131096 2.11326373413924 2.19118978344022 2.08426249260846 1.88123444254226 1.52381073476579 1.29870966356176
-9999 -9999 -9999 -9999 -9999 -9999 -9999 -9999 0.832838544105454 0.691772105612917 0.758029671234978 0.570733732224263 0.662456985222445 0.525706395060656 0.580786335752334 0.466350719449691 0.525327008685902 0.461597864670529 0.553520707036431 0.494762116223344 0.606748614838333 0.643959835479826 0.840624621076715 1.06680367622614 1.09176369910539 1.28912714975283 1.10681605369532 1.05004864741408 0.909943869153636 0.904479377345595 0.789272038896018 0.842775107697577 0.98828945227767 1.34878320638314 1.54212948568344 1.79095731075065 1.73570851903631 2.07010032078325 2.2612229190599 2.22934485919687 1.84635702077927 1.7888404905113 1.81780899006218 1.82729082252889 1.79885454365992 1.94414069497407 1.66698816799638 1.47180456628337 1.32882162100986
-9999 -9999 -9999 -9999 -9999 -9999 -9999 -9999 -9999 1.42062664538316 1.20799796647443 1.29165878741347 0.897063379922565 1.03039557844985 0.843092508660119 0.807912766281021 0.58820480653862 0.539110360753982 0.474338753601294 0.491676900294936 0.488236530694761 0.563759787730594 0.683572405864347 0.854521732390268 1.09577795182233 1.01037876082481 1.0080899715353 0.864023367881278 0.881493463947683 0.768649771118449 0.746569471443785 0.695220987410722 0.813550365336336 1.04795489648191 1.34308327459406 1.49101019220216 1.56121764883502 1.6450421251473 2.03531630765548 1.98319837788847 1.96109898022399 1.70947349467704 2.0097416553247 1.77957436117075 1.95121475890804 1.79994686324133 1.68152259062305 1.30663729954709 1.20313800904935
-9999 -9999 -9999 -9999 -9999 -9999 -9999 -9999 -9999 -9999 2.25833906488972 1.87366261380655 2.12698533295589 2.20258776416422 2.28424020372433 1.69764379666008 1.32586928423575 0.900689265966774 0.736008266041941 0.614135784915677 0.536512355157143 0.521992631217483 0.558168412127558 0.664917266554461 0.744330238595677 0.872483681163112 0.875399196814035 0.894916240283562 0.778261381610211 0.69651751000744 0.644382158993623 0.60329889233593 0.603964625895768 0.798377220450274 0.928738723792071 1.08779759360029 1.11833586681028 1.43244656684754 1.52792324360129 1.7095031062391 1.52693045984632 1.68003069583688 1.60977197467067 1.71671311294385 1.61543698410603 1.72158438825046 1.26069845080866 1.18983720132484 1.25548871072612
-9999 -9999 -9999 -9999 -9999 -9999 -9999 -9999 -9999 -9999 -9999 -9999 2.9590606104265 3.57456564790008 3.13496128676699 2.71738471936591 1.7761202531329 1.4694742783077 1.58012018478197 1.30966253924247 0.996551827513545 0.600922658290978 0.583604837712428 0.586187533103558 0.624495170613762 0.705838902285302 0.869090122913834 0.830743747680336 0.778528134831416 0.620050555499236 0.59958396025637 0.571434129432698 0.648982635927992 0.748084407280134 0.819269896808246 0.910269505562718 0.989047342965165 1.13312969348034 1.42861269494634 1.36801128616456 1.65638810162425 1.55143587465698 1.89456411966006 1.62483356435428 1.91450690576213 1.45680574077925 1.22387043222969 1.06392808093854 1.20516578039982
