All-in-one-application-example/output/BIMAC_interpolation_sd.asc
NCOLS 126 
NROWS 122 
XLLCORNER -63 
YLLCORNER 0 
CELLSIZE 0.5 
NODATA_value -9999 
[rows 44 to 65 of 122, columns 49 to 97 of 126]
1.83422594378683 1.63340572655731 1.5365326521475 1.4543238101819 1.5222541260435 1.7698691511225 2.09975024269703 2.42414130142428 2.42047210621276 2.41308454208931 2.0000968145988 1.82549031409232 1.70265434279532 1.71562236601209 1.75555237703343 1.93176139684545 1.76524709442054 2.03345274635745 2.29622563316561 3.25335377074499 3.41400736097187 3.98144607451233 -9999 4.04850084133676 3.77510764429181 3.36556976088821 3.0616283561511 2.56633715232849 3.30277564365082 3.58734624833429 3.12537359154518 2.75127925990655 2.27133066769061 2.44608810509187 2.63891466025681 2.84935721295688 2.94593143214429 3.09460898082874 3.30744872878039 3.441480596712 3.34636193690208 2.64033881842707 3.06001467708008 2.94420219114248 3.07726316113348 2.78790887933714 2.89867881894987 2.9767566294405 2.77138150706282
1.77907205727106 1.66979585099942 1.77346018669645 1.7674750034506 1.56385637467349 1.47663644044832 1.58893210167449 1.7026888552262 2.06862681588459 2.2229801738774 2.3571211279759 2.08626476000836 2.07929765049089 1.95264034815566 2.08559573390443 2.02590584991874 2.14221642188103 2.32052997288176 2.94320347064289 3.52547062114801 3.89544977214436 4.25409338523302 4.34254049553102 4.24256647772766 3.94226262642686 3.65991722803967 2.90216395208214 2.62198209805223 2.72343533635836 2.91345535572583 2.99630747279675 2.6777204981821 2.39458534592022 2.29698511759946 2.06433974315135 2.27791255974607 2.32332077207991 2.68178130038434 3.7206215773795 4.04995342202119 3.80910960168602 3.05948265184961 3.19719021501493 3.848766027867 3.88675865749231 3.43950179927184 3.466152886072 3.39122434480332 3.17006486807672
2.33629210766005 1.99341381964842 2.27296732728574 2.44456327634453 2.24774891370775 1.83246805380752 1.76282145984424 1.88696834286865 2.04413854087543 2.47891200158452 2.41918027484728 2.70805722543521 2.49809495124348 2.82598719351992 2.68020695336215 2.92892541816671 2.73714561975994 2.80107986455801 2.84432454941925 3.51916558075803 3.62004758177417 3.71277498739094 3.65132828156709 3.79900543646188 3.848019871784 -9999 -9999 2.67738844719781 2.50234341841601 2.44252944263877 2.86309693454014 2.84084969442317 2.66525768721948 1.92903367090355 2.12327878438616 2.07886912840715 2.39166571782791 2.79744105710548 3.907569521136 4.7547598652519 4.4862286938364 3.34023682850321 3.3159629968601 3.68492026462956 4.0030505884532 3.24543702177612 2.817250608083 2.9724977548479 2.83765097489667
2.71131303697011 2.42418188277667 2.79456173525802 2.79481730553112 3.05802422968518 2.63433672892067 2.28204147747333 1.95154072394301 2.07939736898757 2.05120336444492 2.44853460144054 2.6688837204479 2.99655571432773 3.10606717552427 3.16164461325904 3.30195060770316 3.39113917220379 3.24813669510392 3.35832974888072 3.42648155967111 3.4759003131365 3.39727979188069 3.2199262049988 3.45831279324667 3.40063594553071 3.68801919610395 3.59632847151691 3.37184804809589 2.77871656118923 2.37293104191358 2.66533899891609 3.06457229237706 2.90678932469284 2.38464401731566 2.28210341704842 2.647769668788 2.60216997335247 2.8329765186417 3.87776196066471 4.57326353310432 4.31327287133664 3.51350871022745 3.5266729373901 3.52682295202333 3.49124052050539 3.14524145806493 2.99017977744547 2.87230250314806 2.74312325624048
2.81585260775386 2.60977988100647 2.38622869715858 2.58661717704701 2.63792609032042 2.68061028269915 2.35920133775627 2.33036362152011 2.02355704374705 2.34997597966708 2.27682785648048 2.96305793439738 3.13595352557098 3.37570710184605 3.47136366862567 3.69030428547837 3.79469733169098 3.72028756058612 3.6247273110325 3.32616901982814 3.33440457557982 3.26995754660976 3.4911002180292 3.57515654556372 3.5374497490039 3.44798765415991 3.47556334515334 3.58853008043152 3.02995753903066 2.42245866482557 2.3537148212301 2.77373384407174 2.82182673752918 2.37786054959267 2.59356068776418 2.64008155536892 2.88784028568423 2.86125635034796 3.51681247439768 3.47224894544724 3.45489250895512 3.47900574332735 3.79697510952723 3.66841338060614 3.10025154614323 2.78515912226493 2.84695482036516 2.64909835117311 2.48900768670311
2.72313285924449 2.33221228722567 2.28023689427723 2.17773331882547 2.58010987879794 2.63589342066095 2.65513607542696 2.43861985207071 2.25999479326843 2.05236846058107 2.25285204151106 2.73983490082075 2.9469299947837 3.16706728529474 2.92180864192647 3.44936358188033 3.42361738798386 3.75106139066998 3.89852638107763 3.65670888013237 3.50387529563329 3.40579898598578 3.65728233683447 3.87543978661791 3.53353167770885 3.27177523762758 3.08760304062061 3.19077798320791 2.75181505768791 2.25314599180902 2.35338787902579 2.45247083986332 2.81297146168706 2.67062813847289 2.74176967444335 2.71150410335451 2.58114382848273 2.7268615933162 2.71343439509647 2.68508058906441 2.39624314442007 2.72393125180095 3.24844700038637 3.14913328373026 2.9392102682531 2.96913951696801 2.90594610796545 2.68900679315598 2.56095985016352
2.71652206774281 2.64286034773087 2.02583434108166 2.25391088408676 2.43990612983367 3.09407998140159 2.66680438460372 2.58768693656533 2.30538270907776 2.26458934330062 1.97826950546437 2.3680515623269 2.29432899153134 2.61625577156653 2.75504417272333 2.76592591944123 3.22466762499328 3.27937018591808 3.45792350939294 3.51393845233111 3.54751424707711 3.42853845659189 3.6196023415865 3.53614459691405 3.27663839111537 3.09482713354423 3.18026161747846 2.78053700844704 2.42398502428596 2.27921112270254 2.23056219383844 2.35430468261408 2.2632274507013 2.50321596386879 2.50181816605112 2.49553370793065 2.55042135669632 2.48323680072896 2.62187864116224 2.34687697660067 2.49113496954337 2.48819973980794 2.78751802747229 2.37558283960157 2.40994546012605 2.22661902887122 2.45788031372629 2.42681632028945 2.49784117925735
3.05646100276667 2.8172655180607 2.47768151745133 2.10174590947852 2.68957386226457 3.02484250218551 2.79703268420451 2.78062237372698 2.5855494484995 2.36736847335184 2.07526076348065 1.82026883576264 1.96075686953017 2.1276409550443 1.96862099258214 2.36006750259727 2.37282561187303 2.89105229698365 3.01788836703636 3.35705753979542 3.42939219663778 3.42430212531372 3.18450329759904 2.83653614735501 2.61833745361842 2.79962715001967 2.85943901055344 2.71277078391313 2.35452834443571 2.13566555271265 2.14597472096577 1.85464004314248 1.99950675508868 2.16417991589412 2.29056681479044 2.27422078368658 2.29563666985282 2.5994968879936 2.57801050205736 2.54734776102491 2.57263550523775 2.53919259131755 2.27667431802527 1.90652045398916 1.62737839319169 1.80208064387405 2.01091876016388 2.30303235958071 2.73198405191657
2.36681836563738 2.59252468670173 2.0220696228304 2.02118246978809 1.83320461590607 2.20940920392471 2.25874851818709 2.62258589242301 2.89046095542415 2.72455919426893 2.26749550632471 2.21495655565765 2.10785873088158 2.1472468127587 2.1996676141474 2.17687747345866 2.34221690815924 2.3484884657669 2.71616775243881 2.87594828700973 2.95197625403801 2.82482402547708 2.55695477315724 2.34994040235075 2.03219393424265 2.36075842435166 2.43833174831175 2.46920062669726 2.22071637969546 2.2496881768356 2.06729483431074 1.95446571024788 2.11596752163007 2.23544551568183 2.51700630951114 2.47030139341955 2.65976043248 2.76904849324799 2.79343180597274 2.34220688440433 2.22162582461481 2.09299941768933 2.23182760998411 1.78917785442207 1.82210223995445 1.64558822042519 1.92213695766154 2.18163638233433 2.65457168387068
1.96905337911157 2.01567888642625 1.92929089758906 1.5135473763579 1.59813886154121 1.76420397478807 2.04287778010571 2.63932176374952 2.80149355067048 2.871986464269 2.75152126449124 2.59336132853343 2.54595439730199 2.41155357024209 2.24687157550803 2.16784251296462 2.03292442880269 2.11731908842669 2.26086542755117 2.2602525013029 2.05731473734556 1.92492573610914 1.80879095615148 1.66216143978935 1.60279464360623 1.65618600906948 1.854295816635 1.94635250360346 2.25236989823249 2.54322070048157 2.64120636702788 2.84696660721044 2.79672860389657 3.25634156823385 3.12397022568511 3.21319103319746 2.75342174952763 2.94148247615495 3.01400365263625 2.58516035550961 2.11583464002656 2.07543530193309 2.15413917573169 2.03789865594766 2.08731192956717 1.81107691357656 1.79483703430313 1.92608309907635 2.547629596315
1.79035227799271 1.60837846872196 1.52915228710635 1.50021648189392 1.48541491575367 1.94855287480038 2.23808320587649 2.55030078787426 2.74776159390156 2.79031263082754 2.92478335645576 2.9161841467491 2.72440378456604 2.37633989786532 2.4700357882944 2.42584841532783 2.37715503991096 2.18312372466553 2.06230856968944 1.94091485567707 2.05001650153302 1.86716012434058 1.81405691294821 1.63471635327659 1.63541388315818 1.95817123613574 1.86616057587381 2.21330369745177 2.42206163234896 3.07143527518663 2.88645444763713 2.86474011594749 3.07509025963739 3.48898465590678 3.95051135532809 3.33696112129209 2.95388650010216 2.83264630351008 3.04469584899143 2.57142112262649 2.33577237854196 2.18334310160019 2.20729318397157 2.09781288931879 2.20213208949498 1.95794807793884 1.76186935207446 1.92165439949512 2.28213158821808
2.04241852286415 1.61329004658894 1.59051449525191 1.66883396857806 1.92201571160653 2.54699995492978 2.83763035668932 3.1200153298335 2.72064636455206 2.83061517722514 2.68851699823041 2.86642981204924 2.33175087334592 2.2166598293821 2.21435903119881 2.85480797986985 2.9143212834253 2.5888156350298 2.54595875385216 2.49769102727765 2.43293855009301 2.45891609876433 1.9416544825198 1.71833104702303 1.82332061188347 2.06342303715357 2.08546014849664 2.2491061268834 2.6202251292244 3.2295543500894 2.82067629105366 2.76952990960535 2.91087906708061 3.43330697923645 3.26271796790552 3.23401553701 2.97401268055381 2.91983274818182 2.85842593897449 2.67196269536284 2.59720036786533 2.53183811730683 2.46062074385448 2.31528476472568 2.42159434471267 2.20747065423018 2.12714251443949 1.93823330255669 1.88831147453134
1.94147004046792 1.57193328569664 1.52578523136529 1.87566499704478 2.35285618654128 3.12353880851095 3.60665615514763 3.13433576590423 2.75918188596766 2.62839797746831 2.96689485695375 2.8283431932351 2.50165532619377 2.08218641142555 2.55437636938248 3.07981346954026 3.28077132349964 3.3817013945561 3.01937207068961 2.87184917605929 2.72245741556788 2.28531448036426 2.08426619808531 1.91907200394963 1.99121819306217 2.2665804801971 2.33745404875672 2.53304003193328 2.8206939806064 3.15800641116484 2.98230313993056 2.88990112293571 3.19296043652014 3.0183643944728 2.46659164541536 2.58891957574989 2.82693589405789 2.86776754469567 2.82373091878888 2.75628819820573 2.80280167086908 2.85206337777253 2.80241325480781 2.68090190289217 2.71169762486273 2.66092316345373 2.53445211138283 2.30816862143176 2.01634535139562
1.97598749682072 1.70187592613213 1.71076583299029 2.38367776221116 3.09332411774164 4.06264312198731 3.91304284704224 3.38474598877401 2.57320452779402 2.94170971116217 3.08854268542348 3.11992671043216 2.53366685281743 2.69988587858118 2.42815641984373 2.93101700980042 3.4273995859443 3.64280489980572 3.47995422245998 3.09408120506813 2.4492538824455 2.07472880273005 1.81228436208404 1.99867521529214 2.1098162777076 2.42559670977655 2.56510836125494 2.88546576465924 2.86413490154107 3.28419722745339 3.43048328235251 3.74187655987025 3.52313204914868 3.20293987869964 2.53150615056234 1.96497467904334 2.50692835335608 2.5637965621054 2.45325853011958 2.61258156000121 2.61042668676125 2.664257671057 2.72363382407013 2.64484852122143 2.4832511662915 2.42793607207041 2.44370232495115 2.2275216496497 1.80749635089465
2.17907592629834 2.1185269990467 2.22987625088534 2.97750068231495 3.92131120004592 3.94345503052617 3.57921219242256 2.9024147215004 2.78296477874704 2.92650807165237 3.15597647706491 3.00986572474205 3.09334165837808 2.75107334928516 2.51694808534504 2.9188313712533 3.43346073075457 3.91553032147368 3.42903903049197 2.8851769338068 2.50558081763743 2.15908068659084 1.94592875133896 2.38524615189533 2.28456890886918 2.39270142529223 2.81363318168776 3.358066044035 2.92276697374184 3.00646743986471 3.47057353303937 3.71364723999284 3.49575247660862 3.18496803665203 2.53283952901804 2.28249713057542 2.19146033036607 2.42535063219814 2.2433679582878 2.01312730011423 2.3298627343494 2.30513214522767 2.36540054422107 2.09487091573203 1.98244627849062 1.88757556591572 1.9432692371415 1.91445371567232 1.81223472290057
2.49588247966904 2.51293834617672 2.70811147898987 3.76479523920954 4.12074432256624 3.9127662278691 3.17813282198921 3.09405236446464 2.95371384707942 3.04194960637194 2.74697320799353 3.11480786041415 2.91360561911612 3.16307510602171 2.80486417893177 3.06818666040717 3.81348702964096 3.83424497259453 3.75367010042865 3.42661927947214 3.11081834239511 2.61373987218829 2.45877029334118 2.61530243133422 2.17141618098896 2.08292271902273 2.51635394162402 3.53582132889526 3.02781017446326 3.04502644361745 3.27351950710588 3.64838747013447 3.21453015490552 2.83179570078768 2.60836702751146 2.26707461524722 2.27724856523529 2.07519765692098 1.84806012666918 1.63218263753664 1.61418346443087 1.86306337057418 1.86087565869915 1.81921526862452 1.64355973389596 1.61290046998219 1.54763409319942 1.51713124313017 1.6711851997246
2.8856205444062 2.80218683681763 3.14399685733291 3.67574066992239 3.8625257716337 3.69303810745462 3.09179291931389 3.24752485122629 3.19383935641063 3.31006526545689 3.00856557917048 3.24454357275601 3.22576768549024 3.4158115724704 3.14095035527782 3.36914418018974 3.47462480323073 3.92194913807516 3.76796157660692 3.85300069710304 3.67363336604329 2.91611157132639 2.57719291973501 2.5179432700872 2.29408986450386 2.04580808900587 2.52860710744036 3.22638354495566 3.2070861071967 3.03219319281403 3.20377468059511 3.27213216755977 2.88387411787133 2.78155795284823 2.49402877153242 2.36614228884462 2.14688614897516 2.15488250547002 2.14430043386043 1.91230970636298 1.976273433513 1.86213206991192 2.08057972084499 1.83778428656403 1.79883266011057 1.60136397289212 1.43173060882517 1.44677894871182 1.65573902993867
3.13095258870378 3.07328675017083 3.09773269293379 3.48882772963457 3.63538958145624 3.63327739745552 3.57753092294557 3.71083727983159 3.67112557006769 3.93492094455715 3.41603146828865 3.57746010053676 3.35204181498564 3.50214575134286 3.21697983698001 3.17710623537408 3.28663694427232 3.49331996844973 3.81851218868348 3.73910565275736 3.73364129318242 3.22188513040235 2.4481820108829 2.62507629562057 2.48510510750765 2.68235148410491 2.58305537811811 2.96862372293864 2.76576967775042 2.99303955010734 2.77353827313289 2.92375484229118 2.54929562813218 2.53324840348579 2.41024741020782 2.26685765454434 2.1689190767305 2.19600454768179 2.19976042753035 2.02839387203721 2.0711826780429 2.02666474624748 1.94900233611434 1.88352658973838 1.74505728733187 1.67315463816515 1.52941029946875 1.5165644633307 1.59713549842847
3.29606007573858 3.10749584416219 3.17043469966345 3.32805930859993 3.24344598073209 3.5414926114566 3.5938165541919 4.05036041686719 4.0158023224306 3.98687459686221 3.5561578512022 3.449773058244 3.30170566073486 3.52026665831059 3.20613694800248 3.07948010156067 2.98908106880722 3.06449645902245 3.46263930448413 3.31467236334214 3.2790833607422 2.81078560161065 2.92940383760107 2.43731471896056 2.95525674440742 2.79450181546015 2.75841304305938 2.48831684667493 2.46675677316137 2.25209488742055 2.44184966798199 2.28411692397563 2.31611467752553 2.36577321548534 2.4262386830693 2.46423194401895 2.51263521419893 2.40328307693027 2.12053379634668 1.94281495577725 1.94963530737461 2.20977397443877 2.17660092323665 2.14010518586178 1.95768155778535 1.77630910187816 1.67018534169296 1.69453853035011 1.64847489730567
3.231302456399 3.05762977432181 3.09719148420145 3.23007864030376 3.26055429691497 3.29124867577852 3.78553989946222 4.05354319018456 4.04102465019861 3.72286898796905 3.19579729643178 3.18935501376337 3.2833655844042 3.45425986815591 3.24836007495805 3.03051437991654 2.84061842753765 3.11260200990622 3.16247318884804 2.85019562445984 2.65512032774841 2.45391035947476 2.47360540588984 2.77084063158929 2.76053010621897 2.6518340993979 2.38385096790632 2.28601942933267 2.26158236860612 2.31446461737288 2.3935191314158 2.38942746978461 2.3476488000317 2.4292540548222 2.40454630164093 2.41139796447574 2.3518308291568 2.36583255525917 2.01978768255935 1.87519972259017 1.92141669793945 2.47691152197209 2.85844275346275 2.95632677616701 2.47589826484514 2.11096828955579 1.82867580063157 1.59123508038166 1.85783821248677
2.95949493175344 2.96360314872962 2.98301882355952 3.31793173599165 3.43931769526503 3.57343907305578 3.82059446646655 3.9655415958541 3.72599979430916 3.2848568645321 3.17524908682765 3.07952891418917 3.12100574956712 3.35872880364046 3.18189345910948 3.03970328508427 2.89694417090871 2.98575795919288 2.98822554403649 2.66010423621123 2.31908799164748 2.19895619716662 2.38875154099165 2.48462531112856 2.79693118152528 2.55011653489142 2.4723205547346 2.35727673226126 2.49498688834451 2.44407985457815 2.57326142066225 2.42015647180324 2.3706260467082 2.29830258834306 2.22179549920195 2.03010285518628 2.09286669092543 2.16572344648535 2.08161283807338 2.23563868804136 2.26943393041083 -9999 3.35043410086487 3.34633592942336 3.13339684577716 2.5053093346878 2.19303373371312 1.68079512336241 1.74733186257704
3.22107491311106 2.96815080236686 3.07192118299836 3.18687918702975 3.49904752835274 3.31989170123015 3.32304368194249 3.11871776866092 2.944540275751 2.61135631314201 2.56641327813943 2.50909722422451 2.44122611701699 2.56767373862857 2.74792297704616 2.74983101382956 2.69845492852262 2.64318834176164 2.67051955707059 2.34066502430107 2.30167453816742 2.14608893927212 2.37270532105908 2.51143577732852 2.72925843797488 2.72805347907299 2.66291274954833 2.52819090950498 2.49165798835925 2.247392718004 2.26989649212966 2.04445293444217 2.01656501174697 1.7096126248762 1.64826063107404 1.40925001844149 1.78510521540035 2.08614900458721 2.36003428855334 2.621122107001 2.87488528880986 3.56069315604964 -9999 -9999 2.64004324989436 2.740554644686 2.38539016729069 1.81156902566278 -9999
