All-in-one-application-example/output/BIMAC_interpolation_sd.asc
NCOLS 126 
NROWS 122 
XLLCORNER -63 
YLLCORNER 0 
CELLSIZE 0.5 
NODATA_value -9999 
[rows 66 to 87 of 122, columns 49 to 97 of 126]
3.19219879597862 2.91218910353774 2.73055065940648 2.97989867124013 2.87960211838497 2.87623444398184 2.57651626893671 2.52387947377009 2.3628987806505 2.18535093227848 1.94393489285122 2.07633816720432 1.86796159225731 2.29517013939428 2.17209050779764 2.53669889046772 2.27202246649441 2.52451370844279 2.28658074866122 2.37825096265006 2.22938981860638 2.49250172094364 2.58532570694498 2.91675131208624 2.9288848367964 3.05458383849717 2.75613181769942 2.7644355578333 2.54807768326254 2.22301782923844 1.95326835999058 1.74984268897394 1.64052989861631 1.53873039466943 1.31477050807954 1.52487384759568 1.83776077789288 2.21483388960548 2.35606499752902 2.71934632693587 2.80130865526903 3.13757274881854 3.38407226951974 2.34419831468482 2.34881870434508 2.22461673584375 2.52745716597597 2.48401810563574 2.67506551665495
2.93085313549647 2.44683388073546 2.39662299777808 2.39789036967092 2.29840052867818 2.11182955308611 2.04852214011663 2.01853166970308 1.96071099573565 1.88499191316873 1.80870960076738 1.86355092658454 2.13916422019161 1.98422604109513 2.46306109291647 2.25975743911638 2.69358335248047 2.53323484194448 2.58983088287535 2.25412243751163 2.3918590045498 2.62781030099761 2.78853717046582 2.86455703281152 2.96683057989031 2.77971408943929 2.70131192324739 2.51274029646584 2.43906148171688 2.1150232236096 1.73839204021618 1.60416071325252 1.64811009502655 1.52723278424284 1.6039603994823 1.69830262627032 1.99105294690464 2.07426579292699 2.18710978911094 2.36159055051524 2.58788724171849 3.04342112339758 2.81653409009408 2.70696129419845 2.07408843679705 2.20711949687089 2.38773944370565 2.49254774146155 3.17741918586281
2.41821246912878 2.4555836632768 2.29199591421518 2.65335166302547 2.56201138976211 2.48320774482875 2.25711557928505 2.12788098358393 2.21518940204348 2.18794651719213 2.20282030622024 2.297042409978 2.22925609443395 2.46837431627443 2.23109369622314 2.54652273983476 2.48027656163814 2.78633141139434 2.61113028039035 2.3622154519306 2.67467860560571 2.78467297287599 2.81614500882035 2.70190908947625 2.5269782992935 2.50294329813108 2.19600796821872 2.3440198424387 2.13934835925189 2.04031687658027 1.75201885134214 1.59614443695382 1.60497638131972 1.65983942430367 1.87538909574502 2.10206124474238 2.09373722970313 1.873757612297 1.69977617747298 1.7259854583036 2.1264686464233 2.265333428381 2.48698223223767 2.22108426605707 2.42041638412516 2.26826018782886 2.53253076207776 2.77049144806578 2.85188913465793
2.34728168256212 2.23799318328246 2.53360629059144 2.64579290015722 3.0227263103764 2.95661066836828 2.61732203859241 2.76438411039764 2.40420712468575 2.34896073912114 2.16177776778487 2.31393825120992 2.38763740226103 2.2185912836506 2.46180098575977 2.14924403087944 2.53836489655325 2.48274331239063 2.66683554789883 2.47280752734211 2.48002410754858 2.56091859025275 2.4806026675075 2.21106804871995 2.2406137721796 2.11795055504067 2.09624656212478 1.99310300311721 1.73379720151368 1.70020097812664 1.60350412525751 1.73371950988309 1.72289279404083 1.95459937968153 2.2887978230861 2.35489481159676 2.39334681993893 1.91288301416632 1.54463220619951 1.63133166561472 1.82899991402194 2.03325489531229 2.02455334071277 2.13907085511501 2.03708980776977 2.07492769828315 2.18204356361397 2.42359905611822 -9999
2.35014177664778 2.39988795129865 2.2970164188184 2.83368256116265 2.81421937072391 2.76844585800987 2.85409763948787 2.8333242687458 2.85160766874515 2.30797081630941 2.52068801693204 2.43162872062128 2.42324747478177 2.28519479617601 2.34164117023462 2.23828319491454 2.41199540684596 2.34371228166267 2.5780761120285 2.31892126832648 2.57101491429427 2.25891127592762 2.60108090050985 2.33567467143665 2.30859449610315 2.29487149721313 2.16330429925681 1.93970221192957 1.87011591863391 1.70729632353336 1.88769226219399 1.9434550267372 2.23595704919242 2.27531378413904 2.59087758712404 2.50285268740678 2.32865322800875 1.86808605725157 1.78813639072329 1.6769721265274 1.81876012229064 1.70834752267437 1.7328978392044 1.68239884127725 1.71499651417774 1.67139956716606 1.79121338851711 1.78868233784909 -9999
2.51183002195323 2.44633246662392 2.55162791846562 2.66386749052073 2.84325957871059 2.71693629032891 2.65435568143119 2.94267788251985 2.63336246411696 2.69514709971352 2.38828294200288 2.38205130781935 2.30102821321055 2.36368429667221 2.34265033797205 2.35102246277653 2.37818216654432 2.22566720234126 2.22490670201707 2.11516977872263 2.21465795164599 2.14902118774622 2.36335144135535 2.21137645506724 2.4408280513925 2.26665743479564 2.22953697035439 2.12217117240121 1.95278994908597 2.02171110086014 2.0368134462888 2.11260881463896 2.35082498654558 2.2808617842457 2.46176502220308 2.0929931419072 2.13484967104214 1.86437007311072 2.10528021810926 2.01761386761337 1.99816307649951 1.85314180291886 1.81102795941166 1.71089843787683 1.57123015944554 1.47930566329603 1.35444926327887 -9999 -9999
2.84429896846775 2.82975705230221 2.75062055209446 2.99272757803689 3.17771029420196 2.99863775071883 2.70864700837681 2.61566880271556 2.76259054726053 2.65945882337422 2.5263969747408 2.28634067334137 2.2743981346124 2.29632416362051 2.31910539030792 2.20190361151614 2.22349004750209 2.02561024641258 1.99805972504012 1.76572246440677 1.940086487271 1.87074140248662 2.11673520672654 1.9882715506082 2.11036202995803 2.01350508341683 2.0114422043461 1.94106629742474 1.86873822931155 1.86036266974159 1.79003757379161 1.82986860358031 1.80892099144327 1.81046554586931 1.75891013472794 1.58412060973608 1.82081209130275 1.78204388802135 2.11958041021121 2.00142633653567 1.98580134243303 1.86231783047889 1.73717381105837 1.7353676830752 1.54226085150968 1.51562234455719 1.43562896501919 -9999 -9999
2.99479423389107 3.21614295582364 2.68909562023865 3.11775291414731 2.97237415436609 3.05101981463035 2.61849743914315 2.59580510508027 2.43201497774171 2.38289365915732 2.0159708013442 1.93682799995124 1.91324628827839 1.9896980569443 1.95920785355754 1.92226144892668 1.8898982760164 1.75510172295536 1.75991928702437 1.67743140640984 1.8098618431598 1.82019504977131 1.867807385047 1.82135781846005 1.85069260489449 1.85996857175318 1.80340914026648 1.73160861174209 1.56973119954423 1.50080516026271 1.54221233146939 1.65534277026071 1.68037758103164 1.74321019714845 1.69387731593518 1.7313911691433 1.81037700412916 1.89112335297912 1.9897214453065 1.89189793557357 2.05915781535987 1.81406743809942 1.90646669659227 1.75623127144136 1.83010908881066 1.79841273710031 -9999 -9999 -9999
2.9949384710521 2.86978928310741 2.66023174526102 2.60856123004899 2.56026928739258 2.43316003382865 2.35243680766284 2.33278469332986 2.25842790482728 2.18762142863237 1.9724616571775 2.07380763865516 1.85650960622384 2.06435888243311 1.8633565708377 2.07305896642143 1.9380110367327 1.9595138401503 1.91655657194293 2.01891573623479 2.10458676240664 1.95475576168478 1.87642374683229 1.76777778928281 1.72061152404385 1.7998163582218 1.57371045317337 1.60657486496936 1.32070643831184 1.57304251899342 1.48530076584839 1.75472502012872 1.71203311609297 1.79665215866376 1.77948659120931 1.70833532791857 1.76727310875174 1.63534138576009 1.55168776491199 1.47656887835529 1.50425317177647 1.55614880897129 1.6018364328049 1.79403647413153 2.0303515471186 2.15728739775211 -9999 -9999 -9999
2.68866672251224 2.79473139139748 2.53220220176672 2.60885664202125 2.30660107202209 2.15928176366774 2.00352048010709 1.94271882677575 1.91494181250544 1.7988493441645 1.88969018224611 1.8623830234955 2.00085042851006 1.93091843589783 1.96712047229037 1.94912407235615 1.91606051689175 1.97900732484823 1.99388895343163 2.20081661234512 2.0083410909057 2.02300924842724 1.7079239170965 1.69370901944275 1.52685911131026 1.72985978743309 1.6494665606469 1.64424727331123 1.67783874187574 1.90024565178824 1.82442330225701 1.98103911982339 1.89439603028526 1.97334340776373 1.84524713204617 1.83756852081763 1.74909366374048 1.76665877120355 1.70266192779688 1.52421626119167 1.6098743834905 1.62513143310804 1.70270170278716 1.95400848985528 2.22989110919084 -9999 -9999 -9999 -9999
2.08047779996635 2.34548183159658 1.98506332822939 2.27308424889667 2.07837282108454 2.10382022456824 1.86232975132485 1.81423465915472 1.62395006782137 1.90877049285171 1.87333899985087 2.14586090282159 2.04288830189377 2.09944438372868 1.95758045025521 1.97687031439991 1.95685370496744 1.98082782305415 2.10886897019202 2.03284310646788 2.02663475072987 1.85097146896062 1.79284346500731 1.60110255482663 1.58362447993791 1.68168240510002 1.59799714968425 1.69231058557623 1.6417766812688 1.78437659424545 1.72166856552839 1.75424675824399 1.71734738288077 1.6860686914494 1.65286249506397 1.57234404446974 1.62383506012479 1.71691395905155 1.76502150223747 1.59907326888558 1.67467216509815 1.67199789793218 1.80102872534874 1.78292524247388 -9999 -9999 -9999 -9999 -9999
2.4254806291055 2.25663126671156 2.33561576449502 2.15274160856646 2.32530922782181 2.18048045680822 2.28009702891669 1.93876461756056 2.10543513217418 1.80369140653051 2.2114940903532 2.11392089544647 2.28934514389478 2.14921961329795 2.01516099070567 1.92361995166093 1.81343600695669 1.84676475699619 1.82210038571888 1.88525004209011 1.75881838699166 1.74999514674733 1.5906673489603 1.48789761559256 1.46528568096042 1.49732376131264 1.62196291922936 1.60557416701848 1.6543088079735 1.64544752396153 1.78491587534973 1.69943631240913 1.81976984202109 1.69474819443211 1.85139872236105 1.6030372137963 1.76913107606875 1.67299232089693 1.70584376658222 1.60385339998986 1.71312352788229 1.88092858300904 1.92156313356381 -9999 -9999 -9999 -9999 -9999 -9999
2.2262688860383 2.36898014510844 2.05667468107196 2.21770584655799 2.08007519996517 2.18720258828021 2.18969732959682 2.32156699683193 2.09989899949291 1.94484511550066 1.94604729933439 2.09245474132448 1.97800246794342 1.93126292123164 1.85536810247 1.53781047780182 1.45484844297795 1.32983301453888 1.30632259091785 1.29913517709792 1.30633773315091 1.32514309705413 1.31485020926693 1.26529255104157 1.22858672020367 1.43122609972962 1.50060965610411 1.60559092610402 1.56456589975667 1.68949436563113 1.63817774271703 1.69852228963962 1.6207047445345 1.55782597278638 1.50385503909202 1.39979025616441 1.44563995367482 1.29491763361024 1.2866252978069 1.19138222765197 1.34532602941917 1.49689356430487 1.69252764778218 -9999 -9999 -9999 -9999 -9999 -9999
2.66918850700808 2.4381333415794 2.60388700090871 2.37631540867725 2.43882939850901 2.11952955324072 2.37740581792603 2.18565264691039 2.18452817451123 1.77388136918692 1.92549644559641 1.78458618387105 1.93166494342748 1.78177675708051 1.75017001489367 1.53354124181597 1.31664850620957 1.3122461205424 1.24379544959322 1.19598489187675 1.32070368883037 1.34132444711405 1.44093622846489 1.32049180094323 1.48348809259794 1.47443313254018 1.77523054854815 1.73724051829721 1.86148909386338 1.72066303941403 1.74757191902833 1.58712085607985 1.54231141997272 1.30856107918954 1.26863084760204 1.14099874960266 1.30979049313405 1.13516811198724 1.35104275973635 1.19412224473482 1.4289723532656 1.37977688794901 1.82151429160457 -9999 -9999 -9999 -9999 -9999 -9999
2.30812327890916 2.26732270689815 2.37993240549258 2.33759117611816 2.29492675714045 2.14364684415487 2.15184923235457 2.07048819200313 1.95682609109296 1.89330946792813 1.85271153620184 1.94838980121566 1.84067088246083 1.88690203053756 1.74740825594837 1.76349368107808 1.68275154832519 1.77524276336084 1.65461997225265 1.73841332197178 1.56890906488362 1.80019713309289 1.56284684767426 1.75061434737818 1.54706899095139 1.83162701435363 1.65002890512174 1.81275218486075 1.55771010190688 1.61969632955669 1.29057594492196 1.29737246655207 1.04567810111429 1.08312111621114 0.94981806459839 1.09723616867441 0.958763627725495 1.20882321712026 1.04113940485665 1.27393752880443 1.19109271896669 1.38089245271505 1.75588090098304 2.38514708743182 -9999 -9999 -9999 -9999 -9999
2.24853532010865 2.12479201924426 2.35148370733702 2.21764274723865 2.39767737051519 2.2347999775197 2.36810500170942 2.18167497772217 2.22554382212549 2.0120101965364 2.11874500721472 2.02664517567226 2.17492522493689 2.04136211901123 2.08233938373438 1.93944731146173 2.06119213408657 2.05039531373694 2.07906620364261 1.95354129762987 1.87523827236027 1.78985471222928 1.71657030606574 1.54627681714686 1.56966951760497 1.55717962915745 1.51298053389383 1.37451665758207 1.34213096128498 1.2044475232211 1.05501977178256 0.892158406741657 0.92960723831249 0.986177914749429 0.992604608793339 0.941536970317445 1.0425722416582 0.984242041040137 1.21464288371523 1.06650541654593 1.38567273419007 1.31222176155434 1.89454967805256 2.19653244397644 -9999 -9999 -9999 -9999 -9999
2.0450014694059 1.83630678381687 1.98449333206092 1.90060210138507 2.09835567136322 2.0341030058947 2.12118276838293 2.04353806781488 2.02101861582886 1.97679229896001 1.92931920321815 1.94008065098142 1.95628250686868 2.00935775759383 1.82166088551392 1.86378560341979 1.73539074252937 1.86297980564488 1.69171444205347 1.71518187202117 1.50491616738405 1.58778899251743 1.24875060623386 1.34071005981634 1.12141679128966 1.31288521668914 1.07983496819135 1.17582896611204 1.06445090373374 1.14264565857178 0.91091098582039 1.04466036406902 0.885961712838839 1.19039636480354 0.913360481510642 1.21761742282868 0.969626642701667 1.37081612005506 1.12750891124451 1.38005675011982 1.28608198313501 1.45859506098899 1.6696395908564 1.84100975561589 -9999 -9999 -9999 -9999 -9999
2.10169896216268 2.08935154274716 2.00954731378265 2.01958518782826 2.01778007711522 2.01040273635442 2.02443233689088 1.99816799961492 2.01254517648192 1.98116566868765 1.98386807498659 1.94485590684533 1.96981173701413 1.85326812744949 1.84525543722376 1.68137556992298 1.70061751429272 1.61031254706034 1.55148808869187 1.4713319465476 1.45050975588585 1.4181367850051 1.2982481952074 1.24571262806194 1.21299388022713 1.23507544324275 1.17664729513073 1.23227646335515 1.29806199622062 1.3137777987496 1.36506011000257 1.33528807781042 1.3287281107999 1.16569378846146 1.16312048508185 1.1053288944213 1.18610466142222 1.20724768908383 1.32878395880773 1.32296143600554 1.46399149208706 1.38043757201726 1.6247037293139 2.11793241757642 -9999 -9999 -9999 -9999 -9999
2.43643602242995 2.31736842794091 2.37076220776254 2.28440643819178 2.18097921456686 2.1940505661057 2.05110945786681 2.10695484171738 1.84969970260907 1.93120310723281 1.79688752950182 1.94865090722373 1.79651829277969 1.76391475035449 1.61172036242891 1.58572378443741 1.52954653324309 1.47566348348545 1.44160645398353 1.34178285783498 1.37426807470073 1.24692639592241 1.19932984011201 1.13610217368747 1.16535282423807 1.19986537187692 1.19119849703836 1.29889471673542 1.29988416498869 1.41314507735699 1.37414285861295 1.39459367777563 1.17341541139192 1.179111432138 1.03524294905805 1.10028854953027 0.868422517767877 0.984080038137234 1.07213307428249 1.33818415311126 1.44683126305855 1.41258618628323 1.65556074872323 2.49269606903773 3.42847787083447 -9999 -9999 -9999 -9999
2.21743507426508 2.35691370605003 2.29520046257109 2.37209043171963 2.25828735228222 2.23335738542255 2.14975565873825 2.08792573644978 1.97622887106829 1.82228954990985 1.95585438003956 1.92259554396204 1.95921921102306 1.75428991428236 1.8080637977667 1.58154360778145 1.66521297968736 1.45466864479426 1.56264714107659 1.32240036311328 1.50013850044512 1.25766948771563 1.35380442346128 1.21851396129751 1.39621103735884 1.23420980517682 1.39770084230544 1.29511760716047 1.39901398459287 1.26969390731769 1.34862786323113 1.15734015740324 1.0790935898634 1.01205735340734 1.01000045500313 0.95744052926493 0.807432962100123 0.850046785999131 1.16440019672025 1.44040596143004 1.51605831260812 1.48118369501908 1.76500589049759 2.65422057044343 3.53535715541604 -9999 -9999 -9999 -9999
1.9123817921171 2.02318628798781 2.04405256218284 2.16521070399221 2.10525606453871 2.11216018817925 2.00019045924497 2.00921614502389 1.84429272003253 1.89759791144846 1.84103600297847 1.91535813096639 1.86556169796944 1.77662832349288 1.81543753345397 1.65716957099035 1.66918352295615 1.48203319306792 1.51420701000543 1.29951878480077 1.41120220520058 1.15546248632289 1.30473128991562 1.11446678867223 1.27421956468452 1.15626185569984 1.10827863342788 1.09084013773442 1.01511340439967 1.05782284747546 0.956635118554793 0.894051703401573 0.907588033527067 0.834461476898766 0.988035519699123 0.983472758102451 1.06371876302157 1.15394503898938 1.5168000417034 1.72863705855249 1.7239473681271 2.03996056542081 2.31799568130625 3.0664499354982 3.4820394450764 -9999 -9999 -9999 -9999
1.68948506853219 1.65533494207186 1.77415437688766 1.73104447556021 1.75453559954564 1.68186253051759 1.57145761834405 1.5181360427105 1.59310943483414 1.63578049215447 1.77296719300639 1.66261479021082 1.81014478326473 1.62837270848226 1.81120857164729 1.57120421656462 1.7394267878986 1.4630045955677 1.69318198449758 1.37624523156417 1.6520745780236 1.33350425506636 1.51996175921048 1.25049215284108 1.52587600850425 1.37301408420923 1.50035058617377 1.14428925775207 1.26636767500132 1.09587971562964 1.09893708640086 1.07871195569591 1.04043416244583 1.0514812000661 0.974846141865842 1.18254993735114 1.20286776865628 1.61303091354322 1.80948037359063 1.8749034225527 2.01488269660395 2.52402427274365 3.19713661372439 3.43888260092837 3.52111531048079 -9999 -9999 -9999 -9999
