All-in-one-application-example/output/BIMAC_interpolation_sd.asc
NCOLS 126 
NROWS 122 
XLLCORNER -63 
YLLCORNER 0 
CELLSIZE 0.5 
NODATA_value -9999 
[rows 0 to 21 of 122, columns 0 to 48 of 126]
3.374960134502590 3.29951751614265 2.78262736662763 2.47790570877763 2.05337088238783 2.10543375067326 2.09176914798226 2.37029377822557 2.70692791797904 2.34260551813652 1.2762325610712 0.547658655926188 1.12338930059747 1.80431279913962 2.26352973744164 2.650641149208 2.99761665131209 2.68740694812313 1.38468720677242 1.20171242134956 2.8465931607722 3.32583127668159 2.27731513644604 1.68058072767958 1.64853841909544 1.51842630082987 1.82242738313433 1.93509282675446 1.76191178208377 1.86346042668017 1.44718889114171 1.88415176427884 2.43786121817939 3.13258250727755 -9999 -9999 -9999 -9999 -9999 -9999 2.7470247646657 2.09872763434672 2.00232013936354 2.38141897791479 3.19522488461502 3.52301805531645 4.06418502696537 4.72746335734908 5.11527055875161
3.0508840310602 2.69350020143424 2.81894303317024 2.21206571322452 2.28829038274333 1.85364400264635 1.9979666046182 2.04456900333541 2.72567356901092 2.07592148805471 1.39163426233007 0.679560475948964 1.01701829678584 1.58219829139185 1.82124012084852 2.23450776500527 2.45171098580337 2.23884605289114 1.39666532303319 1.54439723191748 2.0797222613463 2.58523122815466 2.20374004937897 1.86037816772703 1.34586719479581 1.41967815952012 1.02660338024851 1.25267921020577 1.46150956669966 1.39087319933163 1.55137332474749 1.637626836536 2.18071395982296 2.34777266149899 2.2987809215575 -9999 -9999 3.64478790023151 -9999 -9999 1.77881505779576 1.96648354679719 2.14981545625418 2.83446111215658 3.13447051221317 3.41134819647205 3.75491164226245 4.29431622034455 4.14117235165435
2.73619111005701 2.55176307693133 2.06943168527525 2.40519459051709 2.065198609957 2.15577276114042 1.88512838578474 2.17828375148 2.1147644746007 1.89473622771639 1.20622701984337 0.754428071956487 1.1028584769034 1.33132137346446 1.61361168676704 1.8036875638616 1.58917459817323 1.80798808573508 1.42074129622348 1.34051107631404 1.23302408275873 1.49883357456889 1.65131449454513 1.48769235633156 1.08679098946869 0.701975725337511 0.64764789497172 0.645057811627766 1.10935957287319 1.24666175836527 1.47152366033491 1.82451068062756 1.98884138705272 1.97172565698674 1.61840876086959 1.88916674242291 2.35879676178735 2.52265208256522 -9999 1.42769175446995 1.62605216386139 1.71972616095114 2.46528761614329 2.72034232429284 3.10650326460563 3.11673367616177 3.31445647687114 3.41253267905566 3.60285996417771
3.63807046081745 2.75776516431167 2.82587496698794 2.45234140522005 2.70734550868582 2.05558062820562 2.05758774403464 1.70485014018642 1.9360501572496 1.32830803094972 1.2142724250638 0.648666088605187 0.574313311270317 0.990548858423213 1.00198943250159 1.03054149991235 0.818653168760932 1.01594885389029 0.906026139484304 0.839320291214607 0.381956808228432 0.61491640109161 0.575741982505163 0.593258348872789 0.266187104709857 0.592720830754164 0.671012640164885 0.910986794731884 0.826327113119621 0.832792347036986 1.39294054019955 2.029789522131 2.34639827811198 1.97994054231143 1.56472744439305 1.85955156619551 1.94143023399273 2.18974215684218 1.78768279025543 1.86986266131509 1.76670008608104 2.1196967987626 2.30116031160978 2.80211327961104 2.81849641842315 2.92651643518595 2.81220762480701 2.99699228463754 3.13088605103421
3.32568825688838 3.16553746395455 2.56037661771958 2.87831373785471 2.43086417438946 2.63149605510341 1.99951291857068 2.07247052253815 1.49464869340335 1.77431452972629 1.22291761290116 0.613896118735883 0.615217217951037 0.780758537599469 0.775287010915825 0.72582219789731 0.363765869644875 0.610355778951346 0.332687843328319 0.332763538137479 0.0934303635857651 0.239572902984139 0.239075369252129 0.231760972653472 0.248758191896231 0.795430123772974 1.68761877630743 1.20292672870248 0.899672645794908 0.465978549309497 1.27269162290843 1.93362396773508 2.27395393435475 1.99923517678233 1.69227634366458 1.89045202697525 2.01514341336453 2.01602099231939 1.9076754557569 1.80582806545219 2.01502400590711 1.97961598696525 2.40144688209915 2.49757057277911 2.76074053237094 2.8521643800161 3.13494121507187 3.25871925091975 3.29328968771456
-9999 3.04847401105543 2.90068945174718 2.46533187721873 2.56067257596782 2.21075807356411 2.34325470036273 1.90718118572717 2.0604287636037 1.9122211191599 1.78950082145338 0.933592010859791 0.572963266943498 0.650596347776735 0.492866073048465 0.241006324243253 0.0973278765527086 0.0964507550370574 0.301370462086505 0.298107388390383 0.301596832841218 0.0937871060652574 0.369744141475873 0.566105474062626 0.899849018321675 1.68298988117663 2.11034765416009 1.88399387452172 0.663453028049515 0.377492104962658 1.11150933420119 1.71013271892887 1.88823941790469 1.90916835417842 1.89427325133209 2.02950808534135 1.88794753854653 2.03656588103293 2.04335412375562 2.02939597083805 2.30370556485927 2.48109231364149 2.77044299730873 2.66949405538384 2.64747298105308 3.00717032626327 3.09187076800876 3.10547133638273 2.66230813619952
-9999 -9999 -9999 2.5301660406588 2.22612616200803 2.51240562539456 2.16833051735493 2.44207183266596 1.875462723587 2.20962525069542 1.71001501220542 1.77997555077709 1.31121554655002 1.28531965785762 0.946441373638108 0.687423209778302 0.254432526646874 0.597499622293259 0.806578566065861 1.02298241287279 0.306702056486481 0.0952187782658289 0.712789589439524 1.18685763827355 1.65377311016473 1.83028708271378 2.57880351379137 1.92481463494005 1.08490432828019 0.585638099752212 1.10492942317979 1.25208932452497 1.23434338134152 1.27239913437024 1.66743975441059 1.89228562591195 1.96508006537293 1.8287009341453 2.30083484119821 2.14508851303092 1.86511703786452 2.12865601546996 2.19844436999799 1.99256436596206 2.03568165253309 2.6336803729183 2.97519530657415 3.26057540182773 2.93615611953851
-9999 -9999 2.68031759948077 2.39244629899133 2.24292835255558 2.2536280173944 2.14360067330165 2.0718182204739 1.95602707431978 1.8269119731105 1.78214132295589 2.01928076279301 1.84193810729727 1.79529007565489 1.48226185529826 1.01109315183652 0.395099940721054 0.789394893912679 1.5031108348568 1.0112655102666 0.313275577908498 0.31962307693288 0.935081190739081 1.48833210414998 1.45360254873746 1.79724327246807 2.27094284333058 1.70738047109766 1.03587564857101 0.856633084625501 0.996680284900457 1.0402986685476 1.10095343737958 1.1003823514276 1.43265481719658 2.03669812275847 2.04570765052275 2.18284073822961 2.78614840820246 2.46749106788487 2.14491387576461 1.21288562040932 1.2410070269918 1.61816553629298 1.92625702619854 2.1981457132509 2.51011649587176 2.71859749311011 2.72399578602147
-9999 -9999 -9999 2.6237226645418 2.66880472763137 2.58530966920465 2.16679764113131 2.16380011309582 1.62833269851787 2.04039326150833 1.50666287960461 2.24681901714282 1.88928668995774 2.39567970828207 1.69691327546434 1.24508298477406 0.561177599454666 1.35813346694149 1.55620977283614 1.39759947285519 0.294091713177116 0.516500535352459 0.896416117508336 0.670049625013855 0.797561572248982 1.00647889211836 1.62650242200805 1.30559723578399 1.00331033419312 0.588441016451685 0.94866708337251 1.14140822100848 1.61023462257286 1.66069749168076 1.93162080229087 2.09379673260682 2.43063246235586 2.51697696222819 2.67139959950231 2.60583952774188 1.6210720402893 0.595004892811828 0.46442131325879 1.14939584558483 1.8373445256264 2.26952798803025 2.14875582321365 3.06692962483971 3.17986882214034
-9999 -9999 -9999 -9999 3.17255954681656 3.10814180229568 2.4175715198924 2.14730556727601 1.96264503437395 2.01501399852168 1.66596408565686 1.96695693681382 1.83006294039684 2.01306265527321 1.4743403376496 1.11218900342699 0.640876301778543 1.5306822139823 1.65266193288238 1.48069532130964 0.944647884870851 1.10762716250472 0.711889023810809 0.564290451647724 0.24323838326844 0.408142363957078 0.814271120344392 0.873631979452366 0.589430729892121 0.292455071812249 0.967490830707579 1.83629786829817 2.64240218399899 2.73126737883418 2.45699901129191 2.12151075857589 2.23089889394773 2.39492707518093 2.78286463119392 2.35950984096364 1.84543081717513 1.25008823178127 0.468972192129962 1.46105294953871 1.78018474201745 2.11353477074391 2.17601709698307 2.67137722859556 2.70595951498198
-9999 -9999 -9999 -9999 4.14700261971818 3.47488239666187 2.67845897741112 2.51374652111602 2.18333391198616 2.21023170234947 1.59317054337712 1.89909875224083 1.45149268967978 1.71662884105248 1.23306463315892 1.14334080844335 1.06702553866064 1.51162864258711 1.60414711619974 1.57934185145917 1.03346313128977 1.08903453248486 0.882785397266865 0.585822973189856 0.280169892935266 0.183295668336936 0.522999038113721 0.692034550871469 0.849786707994267 0.58804788370904 1.0677134566071 2.06344356653835 2.75672372015116 2.85328691147896 2.37809777902441 2.18361855142818 2.17717771592138 2.77959541676791 2.53679647269203 2.45993254106605 2.30762220899068 1.54249339182434 1.13882450608098 1.44173031716968 1.70953667697125 2.06907796448525 2.22781322288694 2.72318332738874 2.61574825373682
-9999 -9999 -9999 -9999 -9999 -9999 -9999 2.81534859897916 2.43093086966168 2.2379592149079 2.03364646504944 2.06773500921006 1.59215920592912 1.70260327085113 1.29544854216923 1.6742202202148 1.23139329615219 1.62886616201387 1.29333323758958 1.4552915477421 1.15758082069922 1.15483944531831 0.928100328377535 0.687645355940204 0.377480172138225 0.190564752647987 0.595319937525506 1.15615943824118 1.26433416217003 0.922959094778381 1.33222866542452 1.70027476619014 2.35631129702933 2.15728067077831 2.10052204497917 1.56363608775017 2.03749939855187 2.13844706797669 2.30408815393503 2.49374717555951 2.43470010964084 2.3172359422881 1.70417329639237 1.94508814724451 1.88963728262714 2.3004107727286 2.10652318851435 2.42609730212443 2.44328128022523
-9999 -9999 -9999 -9999 -9999 -9999 -9999 -9999 -9999 -9999 2.70082039793832 2.65306177072629 2.15162698542705 2.27273442156199 2.32990246620319 2.37844795533047 2.05745876197625 2.0121230195881 1.76234079096005 1.57019742756854 1.40819992658502 1.16540112461887 0.830890916152858 0.521799222108315 0.464707913802313 0.189466300672953 0.865380795537064 1.48352347756397 1.54080027400673 1.00806031699404 1.18679328645351 1.55884877051049 1.24674003628028 1.32068893568505 1.11695102004262 1.1098343945765 1.03350777475924 1.38066313135177 1.32349416242549 1.56436882187308 2.15648611450815 2.83882942905611 3.0079173432544 3.09632323227873 3.00555245689606 2.9330078334654 2.70717749791515 2.7442976182592 2.88188778744343
-9999 -9999 -9999 -9999 -9999 -9999 -9999 -9999 -9999 -9999 3.37653774440205 3.12602552065379 2.70167962407 3.16979872220171 3.19678729043843 3.2366448386672 2.62385657053652 2.71586902936393 2.20796979876813 2.00375773074031 1.70435423915503 1.48034603646352 0.918094138276447 0.747806274200562 0.410096788287987 0.23271068231188 0.647029037789116 1.2568756199682 0.992763327046866 0.848335165502448 1.19130845969236 1.03447823661417 0.739483474240809 0.393643119300911 0.564149759885592 0.358629545579244 0.498933355089215 0.47994657259534 0.478644084962993 0.66137850379268 1.34250672019925 2.29936688731864 3.15871465327475 3.53834760987639 3.41930277066091 3.16987810731264 2.75617998986213 2.66688313299304 2.85974875959754
-9999 -9999 -9999 -9999 -9999 -9999 3.60741306899845 3.26115730350636 -9999 -9999 -9999 -9999 2.99331965725505 3.48470518007021 3.44009727678028 3.3887724276014 2.93454292000362 3.02281185593113 2.48457113051602 1.98901447427724 1.65699199687946 1.48606944152098 1.4032688821533 1.11559624363894 1.10237417758033 0.6127287020681 0.940985880785696 0.896774260377846 1.07757735212774 0.833193362033459 0.966382381141321 0.964744759914736 0.357832080657709 0.218080151688224 0.104171008036452 0.108264845796563 0.372941819233239 0.731538744733228 0.960531551663333 0.913295776550188 1.20703973925701 1.88199480852177 2.50943082155359 2.8388153592684 2.7249228430486 2.30902183011899 2.27648906274999 2.23744110799612 2.60665484763132
-9999 -9999 -9999 -9999 -9999 -9999 -9999 -9999 -9999 -9999 -9999 -9999 -9999 -9999 -9999 2.9931698706964 2.87871854249311 2.82561547948926 2.30860445994243 2.03847865346694 1.68352939948903 1.69803472314588 1.41089946173443 1.30402947136106 1.09850789341733 1.01825705917326 1.04758736702395 1.55773376323168 0.994301708123283 0.979016038214623 0.882317216178945 0.836419700525686 0.42777843059868 0.223541444252234 0.18500106404073 0.274875182721709 0.601702974752051 0.968099256627936 1.04044560203099 0.908034803094076 0.925441063176754 1.10450116683508 1.46019037310582 1.61026216429024 1.33367918042925 1.03385540115743 1.19046769093368 1.4246136169547 1.6082817566857
-9999 -9999 -9999 -9999 -9999 -9999 -9999 -9999 -9999 -9999 -9999 -9999 -9999 -9999 3.05514412334544 3.04225150949614 2.68283201447067 2.85012211871131 2.38007286853496 2.21605220654189 2.06065955899876 1.89842577015396 1.65873824875425 1.57088811433167 1.45847328792192 1.30080903810226 1.91759246934599 1.75424389230398 1.51977076600749 0.912499400855969 0.884026579323975 0.679445728115034 0.259109396552019 0.213690361909227 0.174836978697581 0.349157512765054 0.595646497005461 0.63426629660653 0.748605976168588 0.657481756887324 0.699724426598684 0.702610109206028 1.01636078421941 1.02497542831227 0.743628123429031 0.392297156791233 0.486070189944139 0.620545924612265 0.844785407621054
-9999 -9999 -9999 -9999 -9999 -9999 -9999 -9999 -9999 -9999 -9999 -9999 -9999 -9999 -9999 3.35601301514681 3.01076753179514 2.73787534324005 2.49663124237367 2.37623359462453 2.03942390490778 1.89524575189488 1.57762033544233 1.45065732536402 1.32340154212832 1.45084809613544 1.51811201318419 1.58837925006312 1.08226343065339 0.898088036316545 0.504477029858252 0.351547019903393 0.140743054676821 0.161862180217368 0.243140069885063 0.333659973296852 0.322543839921574 0.283488863454825 0.376224151891076 0.384907087588967 0.279759746118638 0.37838498844 0.637085750965011 0.89573278192433 0.629671192906047 0.397083896328748 0.103450123565562 0.0960646056468805 0.101637559848151
-9999 -9999 -9999 -9999 -9999 -9999 -9999 -9999 -9999 -9999 -9999 -9999 -9999 -9999 3.67884823379774 3.72348290342085 3.09113780043038 3.13685231208395 2.5163616866643 2.62869249105639 1.99137680528451 2.00757069162648 1.76299103773286 1.65158735863619 1.54518664916718 1.43084823901964 1.32731411065675 0.848924529760665 0.612442886588284 0.488209619799936 0.470539947996488 0.400131047004657 0.272076461575824 0.242557080905153 0.228657949434821 0.209393106782324 0.139189643995623 0.17644223101559 0.349099512330305 0.471412010194101 0.36632798184775 0.426489601285143 0.573989366754828 0.674384640669683 0.559100989380851 0.346935135376773 0.0995817850249215 0.0978531891380295 0.0982248283385317
-9999 -9999 -9999 -9999 -9999 -9999 -9999 -9999 -9999 4.04481941097947 4.583614851549 4.86272274632018 -9999 -9999 3.88533454359517 3.74985998995828 3.25320301184179 3.09470041457696 3.0329839971755 2.84476507468781 2.43549799207767 2.15824621162708 1.81149415528568 1.58901341979693 1.25316169698437 1.43564592975171 1.07555753723205 0.721844936662655 0.452087452804762 0.502852511107629 0.776009130645983 0.77716926209876 0.850338666265201 0.582102167190377 0.381195053039119 0.204124405993832 0.284844695147175 0.302761608259236 0.472830590910569 0.420892678928079 0.5185538266823 0.47183964183974 0.562009387931333 0.621425980652591 0.476427278185368 0.318483598745054 0.127042344082546 0.169155645296704 0.150091038943736
-9999 -9999 -9999 -9999 -9999 -9999 -9999 -9999 3.91014258140584 4.40151533614494 4.42120039998859 -9999 -9999 -9999 3.64339828774842 3.22352693799996 2.76063964860778 2.98153049634028 2.74739617351315 3.16582593746536 2.48269645418422 2.50428968919714 2.0518724495917 1.81102834735801 1.4904484189007 1.48658551834981 1.43960373093378 1.07062549563658 0.857143860332016 0.800921330941424 0.786747296643903 1.22270252592447 1.48965599935619 1.38677831286205 0.72539188869423 0.491997886506773 0.474159915393928 0.744357996042051 0.642819263446147 0.722874290930073 0.644635537700119 0.604530392097553 0.500640840284427 0.469969823859042 0.345972487212119 0.263216689484223 0.218395089580638 0.245976957898047 0.260160260325953
4.75144749388821 4.85993390253464 -9999 -9999 3.59787191271264 3.60000730694446 4.01983289063623 4.19103430726182 4.24643405264561 4.39397593560094 4.77785345750569 -9999 -9999 4.3410331727652 3.52745106745094 3.25226869389291 2.84768166361909 2.90694353633416 2.89192864218125 2.86224254581908 2.66764539087569 2.62582899185538 2.27197179804434 1.99524874349728 1.63315373649272 1.70796086583294 1.57287695393011 1.52877124327459 1.29429656761511 0.795395724999372 0.682296999240054 0.979893020568964 1.69505749319891 1.69940572450675 1.35603080109959 0.785344023941163 0.795481932502865 0.73848455394924 0.85861994603005 0.757536798830688 0.862495352028243 0.528306090880254 0.449786689652405 0.299308716395465 0.358968022932703 0.294760046921876 0.336325762454156 0.357046207110319 0.339864970644132
